Experiment: expname : bandwidth_experiment, data : uniform, n_samples : 5000, mediator_dimension : 1, covariate_dimension : 1, alpha : 0.5, beta : 0.25, stochasticity : 1, gamma : 0.3, noise : uniform, 
Running with estimator : kme_dml, regularization : True, sample_splits : 1, reg_lambda : 0.001, reg_lambda_tilde : 0.001, kernel : gauss, density : gaussian, bandwidth : 0.3, bandwidth_mode : heuristic, epsilon : 0.0, normalized : True, random_seed : 34, 
bias_direct: 0.03903194012006164
rmse_direct: 0.057484584888711575
bias_indirect: 0.020029888316326454
rmse_indirect: 0.024656154397900927
bias_total: 0.045269367082254174
rmse_total: 0.06012122642985069
bias_mr: 0.042949040274582774
rmse_mr: 0.04927138925014193
coverage: 0.9655172413793104
