Experiment: expname : bandwidth_experiment, data : uniform, n_samples : 5000, mediator_dimension : 1, covariate_dimension : 1, alpha : 0.5, beta : 0.25, stochasticity : 1, gamma : 0.3, noise : uniform, 
Running with estimator : kme_dml, regularization : True, sample_splits : 1, reg_lambda : 0.001, reg_lambda_tilde : 0.001, kernel : gauss, density : gaussian, bandwidth : 0.3, bandwidth_mode : heuristic, epsilon : 0.0, normalized : True, random_seed : 73, 
bias_direct: 0.0643800077384743
rmse_direct: 0.08533614057869332
bias_indirect: 0.009669034743353401
rmse_indirect: 0.011865379746188957
bias_total: 0.06187780282064741
rmse_total: 0.08482456431468341
bias_mr: 0.06314821966579452
rmse_mr: 0.07979519987337137
coverage: 0.6551724137931034
