Experiment: expname : bandwidth_experiment, data : uniform, n_samples : 1000, mediator_dimension : 1, covariate_dimension : 1, alpha : 0.5, beta : 0.25, stochasticity : 1, gamma : 0.3, noise : uniform, 
Running with estimator : kme_dml, regularization : True, sample_splits : 1, reg_lambda : 0.001, reg_lambda_tilde : 0.001, kernel : gauss, density : gaussian, bandwidth : 0.3, bandwidth_mode : amse, epsilon : 0.5, normalized : True, random_seed : 3, 
bias_direct: 0.1156384399219485
rmse_direct: 0.14220332563766186
bias_indirect: 0.0394116339160769
rmse_indirect: 0.04510893687826222
bias_total: 0.14485632590696404
rmse_total: 0.1716637963848363
bias_mr: 0.07707841222427227
rmse_mr: 0.0972794136427407
coverage: 1.0
