Experiment: expname : huber_experiment, data : uniform, n_samples : 5000, mediator_dimension : 1, covariate_dimension : 1, alpha : 0.5, beta : 0.25, stochasticity : 1, gamma : 0.3, noise : uniform, 
Running with estimator : kme_dml, regularization : True, sample_splits : 1, reg_lambda : 0.001, reg_lambda_tilde : 0.001, kernel : gauss, density : gaussian, bandwidth : 0.3, bandwidth_mode : amse, epsilon : 0.5, normalized : True, random_seed : 56, 
bias_direct: 0.06371011466179359
rmse_direct: 0.0833558087493825
bias_indirect: 0.013079102345085462
rmse_indirect: 0.01727610595543029
bias_total: 0.06873076935187486
rmse_total: 0.08960442703529829
bias_mr: 0.059350694457688286
rmse_mr: 0.07275080909618543
coverage: 0.9655172413793104
