Experiment: expname : bandwidth_experiment, data : uniform, n_samples : 500, mediator_dimension : 1, covariate_dimension : 1, alpha : 0.5, beta : 0.25, stochasticity : 1, gamma : 0.3, noise : uniform, 
Running with estimator : kme_dml, regularization : True, sample_splits : 1, reg_lambda : 0.001, reg_lambda_tilde : 0.001, kernel : gauss, density : gaussian, bandwidth : 0.3, bandwidth_mode : amse, epsilon : 0.5, normalized : True, random_seed : 45, 
bias_direct: 0.2027597787698303
rmse_direct: 0.2538982528737001
bias_indirect: 0.05959948357139295
rmse_indirect: 0.08085653864180457
bias_total: 0.1589619574974213
rmse_total: 0.18952380615277822
bias_mr: 0.14243986948163842
rmse_mr: 0.17739128669420082
coverage: 0.896551724137931
