Experiment: expname : huber_experiment, data : uniform, n_samples : 500, mediator_dimension : 1, covariate_dimension : 1, alpha : 0.5, beta : 0.25, stochasticity : 1, gamma : 0.3, noise : uniform, 
Running with estimator : kme_dml, regularization : True, sample_splits : 1, reg_lambda : 0.001, reg_lambda_tilde : 0.001, kernel : gauss, density : gaussian, bandwidth : 0.3, bandwidth_mode : amse, epsilon : 0.5, normalized : True, random_seed : 85, 
bias_direct: 0.1354891586273946
rmse_direct: 0.15626004721016845
bias_indirect: 0.04125494401759688
rmse_indirect: 0.06544221653897125
bias_total: 0.13713993834897603
rmse_total: 0.15854153737905838
bias_mr: 0.12160625232577764
rmse_mr: 0.13722081869674607
coverage: 1.0
