Experiment: expname : huber_experiment, data : uniform, n_samples : 5000, mediator_dimension : 1, covariate_dimension : 1, alpha : 0.5, beta : 0.25, stochasticity : 1, gamma : 0.3, noise : uniform, 
Running with estimator : kme_dml, regularization : True, sample_splits : 1, reg_lambda : 0.001, reg_lambda_tilde : 0.001, kernel : gauss, density : gaussian, bandwidth : 0.3, bandwidth_mode : amse, epsilon : 0.5, normalized : True, random_seed : 65, 
bias_direct: 0.0633312796186624
rmse_direct: 0.07499088020437794
bias_indirect: 0.012347021070310936
rmse_indirect: 0.015775594187453182
bias_total: 0.06657848072476458
rmse_total: 0.07810792972201816
bias_mr: 0.06516813655605369
rmse_mr: 0.07587460337129559
coverage: 0.9310344827586207
