Experiment: expname : bandwidth_experiment, data : uniform, n_samples : 5000, mediator_dimension : 1, covariate_dimension : 1, alpha : 0.5, beta : 0.25, stochasticity : 1, gamma : 0.3, noise : uniform, 
Running with estimator : kme_dml, regularization : True, sample_splits : 1, reg_lambda : 0.001, reg_lambda_tilde : 0.001, kernel : gauss, density : gaussian, bandwidth : 0.3, bandwidth_mode : heuristic, epsilon : 0.0, normalized : True, random_seed : 8, 
bias_direct: 0.05425734459820596
rmse_direct: 0.0614607113442726
bias_indirect: 0.017639287979945024
rmse_indirect: 0.022336898097324857
bias_total: 0.04894438645535734
rmse_total: 0.056075576421117955
bias_mr: 0.03573846205752042
rmse_mr: 0.04459789742640877
coverage: 0.896551724137931
