Experiment: expname : bandwidth_experiment, data : uniform, n_samples : 1000, mediator_dimension : 1, covariate_dimension : 1, alpha : 0.5, beta : 0.25, stochasticity : 1, gamma : 0.3, noise : uniform, 
Running with estimator : kme_dml, regularization : True, sample_splits : 1, reg_lambda : 0.001, reg_lambda_tilde : 0.001, kernel : gauss, density : gaussian, bandwidth : 0.3, bandwidth_mode : amse, epsilon : 0.5, normalized : True, random_seed : 72, 
bias_direct: 0.16586371106076375
rmse_direct: 0.21300290310334974
bias_indirect: 0.05035597241600318
rmse_indirect: 0.05740977745463476
bias_total: 0.21407851138069728
rmse_total: 0.2601700245897237
bias_mr: 0.09115578806892473
rmse_mr: 0.11442684856147037
coverage: 1.0
