Experiment: expname : bandwidth_experiment, data : uniform, n_samples : 500, mediator_dimension : 1, covariate_dimension : 1, alpha : 0.5, beta : 0.25, stochasticity : 1, gamma : 0.3, noise : uniform, 
Running with estimator : kme_dml, regularization : True, sample_splits : 1, reg_lambda : 0.001, reg_lambda_tilde : 0.001, kernel : gauss, density : gaussian, bandwidth : 0.3, bandwidth_mode : amse, epsilon : 0.5, normalized : True, random_seed : 42, 
bias_direct: 0.2511589402236592
rmse_direct: 0.30697986908385666
bias_indirect: 0.06863003454803941
rmse_indirect: 0.0789383964052489
bias_total: 0.28048312486407845
rmse_total: 0.3382538691934037
bias_mr: 0.14724750902923728
rmse_mr: 0.19580729305572103
coverage: 0.7586206896551724
