Experiment: expname : huber_experiment, data : uniform, n_samples : 500, mediator_dimension : 1, covariate_dimension : 1, alpha : 0.5, beta : 0.25, stochasticity : 1, gamma : 0.3, noise : uniform, 
Running with estimator : kme_dml, regularization : True, sample_splits : 1, reg_lambda : 0.001, reg_lambda_tilde : 0.001, kernel : gauss, density : gaussian, bandwidth : 0.3, bandwidth_mode : amse, epsilon : 0.5, normalized : True, random_seed : 9, 
bias_direct: 0.12789577801839508
rmse_direct: 0.17004560273516822
bias_indirect: 0.08231367135883277
rmse_indirect: 0.10169889937085785
bias_total: 0.13684060866979197
rmse_total: 0.18555032077929712
bias_mr: 0.1210940541180584
rmse_mr: 0.1502101131634366
coverage: 1.0
