Experiment: expname : bandwidth_experiment, data : uniform, n_samples : 500, mediator_dimension : 1, covariate_dimension : 1, alpha : 0.5, beta : 0.25, stochasticity : 1, gamma : 0.3, noise : uniform, 
Running with estimator : kme_dml, regularization : True, sample_splits : 1, reg_lambda : 0.001, reg_lambda_tilde : 0.001, kernel : gauss, density : gaussian, bandwidth : 0.3, bandwidth_mode : amse, epsilon : 0.5, normalized : True, random_seed : 32, 
bias_direct: 0.08837185044154844
rmse_direct: 0.10515916070290499
bias_indirect: 0.036716339629482724
rmse_indirect: 0.04256849041233405
bias_total: 0.10001400132369874
rmse_total: 0.125797136582416
bias_mr: 0.14986685439427055
rmse_mr: 0.15935482073432963
coverage: 0.9655172413793104
