Experiment: expname : huber_experiment, data : uniform, n_samples : 500, mediator_dimension : 1, covariate_dimension : 1, alpha : 0.5, beta : 0.25, stochasticity : 1, gamma : 0.3, noise : uniform, 
Running with estimator : kme_dml, regularization : True, sample_splits : 1, reg_lambda : 0.001, reg_lambda_tilde : 0.001, kernel : gauss, density : gaussian, bandwidth : 0.3, bandwidth_mode : amse, epsilon : 0.5, normalized : True, random_seed : 77, 
bias_direct: 0.14830732199688199
rmse_direct: 0.17825628014058828
bias_indirect: 0.061123882689996155
rmse_indirect: 0.07444966433183829
bias_total: 0.12141604958929977
rmse_total: 0.14296303120064546
bias_mr: 0.07546776697944439
rmse_mr: 0.10807913094121117
coverage: 1.0
