Experiment: expname : bandwidth_experiment, data : uniform, n_samples : 500, mediator_dimension : 1, covariate_dimension : 1, alpha : 0.5, beta : 0.25, stochasticity : 1, gamma : 0.3, noise : uniform, 
Running with estimator : kme_dml, regularization : True, sample_splits : 1, reg_lambda : 0.001, reg_lambda_tilde : 0.001, kernel : gauss, density : gaussian, bandwidth : 0.3, bandwidth_mode : heuristic, epsilon : 0.0, normalized : True, random_seed : 59, 
bias_direct: 0.05989836158756063
rmse_direct: 0.08084592129910148
bias_indirect: 0.01872287751398082
rmse_indirect: 0.026359407017288866
bias_total: 0.04243114022677946
rmse_total: 0.05883393770784718
bias_mr: 0.08465516372545823
rmse_mr: 0.11136269688684255
coverage: 1.0
