Experiment: expname : huber_experiment, data : uniform, n_samples : 5000, mediator_dimension : 1, covariate_dimension : 1, alpha : 0.5, beta : 0.25, stochasticity : 1, gamma : 0.3, noise : uniform, 
Running with estimator : kme_dml, regularization : True, sample_splits : 1, reg_lambda : 0.001, reg_lambda_tilde : 0.001, kernel : gauss, density : gaussian, bandwidth : 0.3, bandwidth_mode : amse, epsilon : 0.5, normalized : True, random_seed : 98, 
bias_direct: 0.08059875147540321
rmse_direct: 0.09845332810959634
bias_indirect: 0.021692131413333586
rmse_indirect: 0.028442822241580647
bias_total: 0.0642780621035184
rmse_total: 0.0776222256305178
bias_mr: 0.06951013512647777
rmse_mr: 0.08078906616925192
coverage: 0.8620689655172413
