Experiment: expname : huber_experiment, data : uniform, n_samples : 1000, mediator_dimension : 1, covariate_dimension : 1, alpha : 0.5, beta : 0.25, stochasticity : 1, gamma : 0.3, noise : uniform, 
Running with estimator : kme_dml, regularization : True, sample_splits : 1, reg_lambda : 0.001, reg_lambda_tilde : 0.001, kernel : gauss, density : gaussian, bandwidth : 0.3, bandwidth_mode : amse, epsilon : 0.5, normalized : True, random_seed : 76, 
bias_direct: 0.10620871406605348
rmse_direct: 0.12347183727159397
bias_indirect: 0.02688287072064076
rmse_indirect: 0.033549743427592836
bias_total: 0.10447587902732315
rmse_total: 0.12717106156602692
bias_mr: 0.09903608843065607
rmse_mr: 0.13339307630017394
coverage: 0.8620689655172413
