Experiment: expname : huber_experiment, data : uniform, n_samples : 5000, mediator_dimension : 1, covariate_dimension : 1, alpha : 0.5, beta : 0.25, stochasticity : 1, gamma : 0.3, noise : uniform, 
Running with estimator : kme_dml, regularization : True, sample_splits : 1, reg_lambda : 0.001, reg_lambda_tilde : 0.001, kernel : gauss, density : gaussian, bandwidth : 0.3, bandwidth_mode : amse, epsilon : 0.5, normalized : True, random_seed : 93, 
bias_direct: 0.06854611977752802
rmse_direct: 0.08386363467380459
bias_indirect: 0.03102132399819304
rmse_indirect: 0.039563930861911116
bias_total: 0.043680226246186664
rmse_total: 0.0644265609558007
bias_mr: 0.06848080847348227
rmse_mr: 0.08615026578351671
coverage: 0.9310344827586207
