Experiment: expname : bandwidth_experiment, data : uniform, n_samples : 500, mediator_dimension : 1, covariate_dimension : 1, alpha : 0.5, beta : 0.25, stochasticity : 1, gamma : 0.3, noise : uniform, 
Running with estimator : kme_dml, regularization : True, sample_splits : 1, reg_lambda : 0.001, reg_lambda_tilde : 0.001, kernel : gauss, density : gaussian, bandwidth : 0.3, bandwidth_mode : amse, epsilon : 0.5, normalized : True, random_seed : 91, 
bias_direct: 0.1329411930402297
rmse_direct: 0.15646331944428993
bias_indirect: 0.01990738598067691
rmse_indirect: 0.023920087442600393
bias_total: 0.12588019752835217
rmse_total: 0.15280383387774868
bias_mr: 0.10706823120811634
rmse_mr: 0.1265095532936036
coverage: 1.0
