Experiment: expname : bandwidth_experiment, data : uniform, n_samples : 1000, mediator_dimension : 1, covariate_dimension : 1, alpha : 0.5, beta : 0.25, stochasticity : 1, gamma : 0.3, noise : uniform, 
Running with estimator : kme_dml, regularization : True, sample_splits : 1, reg_lambda : 0.001, reg_lambda_tilde : 0.001, kernel : gauss, density : gaussian, bandwidth : 0.3, bandwidth_mode : amse, epsilon : 0.5, normalized : True, random_seed : 93, 
bias_direct: 0.18155554283693368
rmse_direct: 0.21374979137099331
bias_indirect: 0.019030701106733224
rmse_indirect: 0.02473067132718325
bias_total: 0.19521641189340344
rmse_total: 0.2283447833112325
bias_mr: 0.11006225666853155
rmse_mr: 0.15379909185405966
coverage: 0.8620689655172413
