Experiment: expname : huber_experiment, data : uniform, n_samples : 500, mediator_dimension : 1, covariate_dimension : 1, alpha : 0.5, beta : 0.25, stochasticity : 1, gamma : 0.3, noise : uniform, 
Running with estimator : kme_dml, regularization : True, sample_splits : 1, reg_lambda : 0.001, reg_lambda_tilde : 0.001, kernel : gauss, density : gaussian, bandwidth : 0.3, bandwidth_mode : amse, epsilon : 0.5, normalized : True, random_seed : 0, 
bias_direct: 0.17210912379918802
rmse_direct: 0.20343543956267388
bias_indirect: 0.05596566221719983
rmse_indirect: 0.07395796969715017
bias_total: 0.12139514989449168
rmse_total: 0.15384350990782786
bias_mr: 0.12793062654969126
rmse_mr: 0.15980659567026462
coverage: 1.0
