Experiment: expname : bandwidth_experiment, data : uniform, n_samples : 1000, mediator_dimension : 1, covariate_dimension : 1, alpha : 0.5, beta : 0.25, stochasticity : 1, gamma : 0.3, noise : uniform, 
Running with estimator : kme_dml, regularization : True, sample_splits : 1, reg_lambda : 0.001, reg_lambda_tilde : 0.001, kernel : gauss, density : gaussian, bandwidth : 0.3, bandwidth_mode : heuristic, epsilon : 0.0, normalized : True, random_seed : 43, 
bias_direct: 0.09629872738699893
rmse_direct: 0.11507900320128943
bias_indirect: 0.03365743511896789
rmse_indirect: 0.04131282162664867
bias_total: 0.07695078921096343
rmse_total: 0.09419923676933294
bias_mr: 0.1304542573027537
rmse_mr: 0.15002308465176245
coverage: 0.6896551724137931
