Experiment: expname : bandwidth_experiment, data : uniform, n_samples : 500, mediator_dimension : 1, covariate_dimension : 1, alpha : 0.5, beta : 0.25, stochasticity : 1, gamma : 0.3, noise : uniform, 
Running with estimator : kme_dml, regularization : True, sample_splits : 1, reg_lambda : 0.001, reg_lambda_tilde : 0.001, kernel : gauss, density : gaussian, bandwidth : 0.3, bandwidth_mode : heuristic, epsilon : 0.0, normalized : True, random_seed : 95, 
bias_direct: 0.08893926332310007
rmse_direct: 0.10072842739115152
bias_indirect: 0.02891866214797128
rmse_indirect: 0.034043228887195603
bias_total: 0.09606459295807494
rmse_total: 0.1062341612775077
bias_mr: 0.08111301868569376
rmse_mr: 0.09301695477208638
coverage: 1.0
