Experiment: expname : bandwidth_experiment, data : uniform, n_samples : 1000, mediator_dimension : 1, covariate_dimension : 1, alpha : 0.5, beta : 0.25, stochasticity : 1, gamma : 0.3, noise : uniform, 
Running with estimator : kme_dml, regularization : True, sample_splits : 1, reg_lambda : 0.001, reg_lambda_tilde : 0.001, kernel : gauss, density : gaussian, bandwidth : 0.3, bandwidth_mode : heuristic, epsilon : 0.0, normalized : True, random_seed : 68, 
bias_direct: 0.08987313530415891
rmse_direct: 0.11039021170816939
bias_indirect: 0.026100533171089638
rmse_indirect: 0.0284768837252725
bias_total: 0.07189272060601572
rmse_total: 0.08991471417066428
bias_mr: 0.08301266655446783
rmse_mr: 0.09162783559828665
coverage: 1.0
