Experiment: expname : bandwidth_experiment, data : uniform, n_samples : 1000, mediator_dimension : 1, covariate_dimension : 1, alpha : 0.5, beta : 0.25, stochasticity : 1, gamma : 0.3, noise : uniform, 
Running with estimator : kme_dml, regularization : True, sample_splits : 1, reg_lambda : 0.001, reg_lambda_tilde : 0.001, kernel : gauss, density : gaussian, bandwidth : 0.3, bandwidth_mode : amse, epsilon : 0.5, normalized : True, random_seed : 50, 
bias_direct: 0.17563620351387565
rmse_direct: 0.24115712583124907
bias_indirect: 0.024565690682243048
rmse_indirect: 0.034356847749270086
bias_total: 0.16588567976196156
rmse_total: 0.23912865840982114
bias_mr: 0.1578520725702137
rmse_mr: 0.21046387915272488
coverage: 0.8620689655172413
