Experiment: expname : huber_experiment, data : uniform, n_samples : 1000, mediator_dimension : 1, covariate_dimension : 1, alpha : 0.5, beta : 0.25, stochasticity : 1, gamma : 0.3, noise : uniform, 
Running with estimator : kme_dml, regularization : True, sample_splits : 1, reg_lambda : 0.001, reg_lambda_tilde : 0.001, kernel : gauss, density : gaussian, bandwidth : 0.3, bandwidth_mode : amse, epsilon : 0.5, normalized : True, random_seed : 51, 
bias_direct: 0.14379091079345752
rmse_direct: 0.19681732644252506
bias_indirect: 0.023151870442104604
rmse_indirect: 0.03044677220161388
bias_total: 0.14594386492864728
rmse_total: 0.20344472695660962
bias_mr: 0.15742716846773333
rmse_mr: 0.1946531825453816
coverage: 0.8275862068965517
