Experiment: expname : bandwidth_experiment, data : uniform, n_samples : 1000, mediator_dimension : 1, covariate_dimension : 1, alpha : 0.5, beta : 0.25, stochasticity : 1, gamma : 0.3, noise : uniform, 
Running with estimator : kme_dml, regularization : True, sample_splits : 1, reg_lambda : 0.001, reg_lambda_tilde : 0.001, kernel : gauss, density : gaussian, bandwidth : 0.3, bandwidth_mode : heuristic, epsilon : 0.0, normalized : True, random_seed : 61, 
bias_direct: 0.034986786788183837
rmse_direct: 0.053340926263495604
bias_indirect: 0.035747517504010326
rmse_indirect: 0.04400696343759042
bias_total: 0.05637883791431196
rmse_total: 0.08452810801448056
bias_mr: 0.05737499094964199
rmse_mr: 0.07750161022994012
coverage: 1.0
