Experiment: expname : huber_experiment, data : uniform, n_samples : 1000, mediator_dimension : 1, covariate_dimension : 1, alpha : 0.5, beta : 0.25, stochasticity : 1, gamma : 0.3, noise : uniform, 
Running with estimator : kme_dml, regularization : True, sample_splits : 1, reg_lambda : 0.001, reg_lambda_tilde : 0.001, kernel : gauss, density : gaussian, bandwidth : 0.3, bandwidth_mode : amse, epsilon : 0.5, normalized : True, random_seed : 33, 
bias_direct: 0.11108828450343393
rmse_direct: 0.136222472360675
bias_indirect: 0.029002717948292397
rmse_indirect: 0.0406524006449957
bias_total: 0.12980906158448435
rmse_total: 0.15980576801465932
bias_mr: 0.13721151768100737
rmse_mr: 0.1726461763385554
coverage: 0.8275862068965517
