Experiment: expname : bandwidth_experiment, data : uniform, n_samples : 5000, mediator_dimension : 1, covariate_dimension : 1, alpha : 0.5, beta : 0.25, stochasticity : 1, gamma : 0.3, noise : uniform, 
Running with estimator : kme_dml, regularization : True, sample_splits : 1, reg_lambda : 0.001, reg_lambda_tilde : 0.001, kernel : gauss, density : gaussian, bandwidth : 0.3, bandwidth_mode : amse, epsilon : 0.5, normalized : True, random_seed : 34, 
bias_direct: 0.05401829741266017
rmse_direct: 0.07099910328524188
bias_indirect: 0.024369353893676372
rmse_indirect: 0.027820031671066055
bias_total: 0.05726486990655035
rmse_total: 0.07866026296963999
bias_mr: 0.0677748540292261
rmse_mr: 0.08454303089243706
coverage: 1.0
