Experiment: expname : bandwidth_experiment, data : uniform, n_samples : 5000, mediator_dimension : 1, covariate_dimension : 1, alpha : 0.5, beta : 0.25, stochasticity : 1, gamma : 0.3, noise : uniform, 
Running with estimator : kme_dml, regularization : True, sample_splits : 1, reg_lambda : 0.001, reg_lambda_tilde : 0.001, kernel : gauss, density : gaussian, bandwidth : 0.3, bandwidth_mode : heuristic, epsilon : 0.0, normalized : True, random_seed : 51, 
bias_direct: 0.03060233384594868
rmse_direct: 0.04033252900384387
bias_indirect: 0.018707372416130862
rmse_indirect: 0.021233772879738863
bias_total: 0.01964401601944985
rmse_total: 0.02818720053654229
bias_mr: 0.03308938487199867
rmse_mr: 0.04638585624438748
coverage: 1.0
