Experiment: expname : bandwidth_experiment, data : uniform, n_samples : 1000, mediator_dimension : 1, covariate_dimension : 1, alpha : 0.5, beta : 0.25, stochasticity : 1, gamma : 0.3, noise : uniform, 
Running with estimator : kme_dml, regularization : True, sample_splits : 1, reg_lambda : 0.001, reg_lambda_tilde : 0.001, kernel : gauss, density : gaussian, bandwidth : 0.3, bandwidth_mode : heuristic, epsilon : 0.0, normalized : True, random_seed : 39, 
bias_direct: 0.16132814382484495
rmse_direct: 0.18270003192502787
bias_indirect: 0.01872613811377817
rmse_indirect: 0.03428592638221679
bias_total: 0.14503149380642272
rmse_total: 0.1679510982398215
bias_mr: 0.10531935992702167
rmse_mr: 0.11958366232739738
coverage: 0.8275862068965517
