Experiment: expname : bandwidth_experiment, data : uniform, n_samples : 500, mediator_dimension : 1, covariate_dimension : 1, alpha : 0.5, beta : 0.25, stochasticity : 1, gamma : 0.3, noise : uniform, 
Running with estimator : kme_dml, regularization : True, sample_splits : 1, reg_lambda : 0.001, reg_lambda_tilde : 0.001, kernel : gauss, density : gaussian, bandwidth : 0.3, bandwidth_mode : amse, epsilon : 0.5, normalized : True, random_seed : 34, 
bias_direct: 0.07969996549701362
rmse_direct: 0.10150261721954587
bias_indirect: 0.027078245559223092
rmse_indirect: 0.03348876122760716
bias_total: 0.08633254407625893
rmse_total: 0.11636023122134176
bias_mr: 0.08838285116543496
rmse_mr: 0.10954469228685944
coverage: 1.0
