Experiment: expname : huber_experiment, data : uniform, n_samples : 5000, mediator_dimension : 1, covariate_dimension : 1, alpha : 0.5, beta : 0.25, stochasticity : 1, gamma : 0.3, noise : uniform, 
Running with estimator : kme_dml, regularization : True, sample_splits : 1, reg_lambda : 0.001, reg_lambda_tilde : 0.001, kernel : gauss, density : gaussian, bandwidth : 0.3, bandwidth_mode : amse, epsilon : 0.5, normalized : True, random_seed : 58, 
bias_direct: 0.06976817947863681
rmse_direct: 0.0849736228362046
bias_indirect: 0.019737895624479116
rmse_indirect: 0.022109572249517886
bias_total: 0.06923008839066983
rmse_total: 0.08866240905270557
bias_mr: 0.06963003488441794
rmse_mr: 0.08788727426894256
coverage: 0.9310344827586207
