Experiment: expname : huber_experiment, data : uniform, n_samples : 5000, mediator_dimension : 1, covariate_dimension : 1, alpha : 0.5, beta : 0.25, stochasticity : 1, gamma : 0.3, noise : uniform, 
Running with estimator : kme_dml, regularization : True, sample_splits : 1, reg_lambda : 0.001, reg_lambda_tilde : 0.001, kernel : gauss, density : gaussian, bandwidth : 0.3, bandwidth_mode : amse, epsilon : 0.5, normalized : True, random_seed : 89, 
bias_direct: 0.07066404814351354
rmse_direct: 0.0840474552451695
bias_indirect: 0.05387997659341535
rmse_indirect: 0.05811731542129508
bias_total: 0.05722277626728923
rmse_total: 0.07136835189941679
bias_mr: 0.10415763464352291
rmse_mr: 0.1257622482580978
coverage: 0.8620689655172413
