Experiment: expname : huber_experiment, data : uniform, n_samples : 1000, mediator_dimension : 1, covariate_dimension : 1, alpha : 0.5, beta : 0.25, stochasticity : 1, gamma : 0.3, noise : uniform, 
Running with estimator : kme_dml, regularization : True, sample_splits : 1, reg_lambda : 0.001, reg_lambda_tilde : 0.001, kernel : gauss, density : gaussian, bandwidth : 0.3, bandwidth_mode : amse, epsilon : 0.5, normalized : True, random_seed : 16, 
bias_direct: 0.12750993789557227
rmse_direct: 0.1734269337824271
bias_indirect: 0.0335730301356319
rmse_indirect: 0.0430585466221396
bias_total: 0.10916113654892727
rmse_total: 0.15025573086759333
bias_mr: 0.07813404721639233
rmse_mr: 0.09313320679225788
coverage: 1.0
