Experiment: expname : huber_experiment, data : uniform, n_samples : 1000, mediator_dimension : 1, covariate_dimension : 1, alpha : 0.5, beta : 0.25, stochasticity : 1, gamma : 0.3, noise : uniform, 
Running with estimator : kme_dml, regularization : True, sample_splits : 1, reg_lambda : 0.001, reg_lambda_tilde : 0.001, kernel : gauss, density : gaussian, bandwidth : 0.3, bandwidth_mode : amse, epsilon : 0.5, normalized : True, random_seed : 71, 
bias_direct: 0.09678249835383303
rmse_direct: 0.1336011977603537
bias_indirect: 0.03159234898354424
rmse_indirect: 0.036657326287476366
bias_total: 0.08255036696286105
rmse_total: 0.11963925133438257
bias_mr: 0.07857487412177998
rmse_mr: 0.106831603769244
coverage: 0.9655172413793104
