Experiment: expname : bandwidth_experiment, data : uniform, n_samples : 500, mediator_dimension : 1, covariate_dimension : 1, alpha : 0.5, beta : 0.25, stochasticity : 1, gamma : 0.3, noise : uniform, 
Running with estimator : kme_dml, regularization : True, sample_splits : 1, reg_lambda : 0.001, reg_lambda_tilde : 0.001, kernel : gauss, density : gaussian, bandwidth : 0.3, bandwidth_mode : heuristic, epsilon : 0.0, normalized : True, random_seed : 88, 
bias_direct: 0.10184277726602904
rmse_direct: 0.13550231304558033
bias_indirect: 0.031459587259756214
rmse_indirect: 0.038889407704506655
bias_total: 0.08678017454096092
rmse_total: 0.10747329948685008
bias_mr: 0.11965829226135233
rmse_mr: 0.14637102024040125
coverage: 1.0
