Experiment: expname : huber_experiment, data : uniform, n_samples : 5000, mediator_dimension : 1, covariate_dimension : 1, alpha : 0.5, beta : 0.25, stochasticity : 1, gamma : 0.3, noise : uniform, 
Running with estimator : kme_dml, regularization : True, sample_splits : 1, reg_lambda : 0.001, reg_lambda_tilde : 0.001, kernel : gauss, density : gaussian, bandwidth : 0.3, bandwidth_mode : amse, epsilon : 0.5, normalized : True, random_seed : 6, 
bias_direct: 0.07106395406001892
rmse_direct: 0.08847572284587894
bias_indirect: 0.01199311097684325
rmse_indirect: 0.016089659040784333
bias_total: 0.07728765621387491
rmse_total: 0.09501872251810037
bias_mr: 0.08473004858436615
rmse_mr: 0.09926380320261298
coverage: 0.7931034482758621
