Experiment: expname : bandwidth_experiment, data : uniform, n_samples : 1000, mediator_dimension : 1, covariate_dimension : 1, alpha : 0.5, beta : 0.25, stochasticity : 1, gamma : 0.3, noise : uniform, 
Running with estimator : kme_dml, regularization : True, sample_splits : 1, reg_lambda : 0.001, reg_lambda_tilde : 0.001, kernel : gauss, density : gaussian, bandwidth : 0.3, bandwidth_mode : amse, epsilon : 0.5, normalized : True, random_seed : 91, 
bias_direct: 0.07630547008256965
rmse_direct: 0.10060431497413636
bias_indirect: 0.029455356834828837
rmse_indirect: 0.03335378128843344
bias_total: 0.07391183583682354
rmse_total: 0.10770511809266371
bias_mr: 0.08453808573198661
rmse_mr: 0.10524640126046479
coverage: 1.0
