Experiment: expname : bandwidth_experiment, data : uniform, n_samples : 1000, mediator_dimension : 1, covariate_dimension : 1, alpha : 0.5, beta : 0.25, stochasticity : 1, gamma : 0.3, noise : uniform, 
Running with estimator : kme_dml, regularization : True, sample_splits : 1, reg_lambda : 0.001, reg_lambda_tilde : 0.001, kernel : gauss, density : gaussian, bandwidth : 0.3, bandwidth_mode : amse, epsilon : 0.5, normalized : True, random_seed : 54, 
bias_direct: 0.09574110819634729
rmse_direct: 0.14129483599704418
bias_indirect: 0.014365482497347553
rmse_indirect: 0.018914974022865128
bias_total: 0.0959290391909821
rmse_total: 0.13778891054238065
bias_mr: 0.07289961346502345
rmse_mr: 0.09486638083073855
coverage: 1.0
