Experiment: expname : huber_experiment, data : uniform, n_samples : 5000, mediator_dimension : 1, covariate_dimension : 1, alpha : 0.5, beta : 0.25, stochasticity : 1, gamma : 0.3, noise : uniform, 
Running with estimator : kme_dml, regularization : True, sample_splits : 1, reg_lambda : 0.001, reg_lambda_tilde : 0.001, kernel : gauss, density : gaussian, bandwidth : 0.3, bandwidth_mode : amse, epsilon : 0.5, normalized : True, random_seed : 71, 
bias_direct: 0.06389725259454825
rmse_direct: 0.09067713694394502
bias_indirect: 0.024845946119724436
rmse_indirect: 0.0296611122722784
bias_total: 0.06874466264476435
rmse_total: 0.09845682771025852
bias_mr: 0.06853202831072157
rmse_mr: 0.08680960194232011
coverage: 0.8275862068965517
