Experiment: expname : bandwidth_experiment, data : uniform, n_samples : 1000, mediator_dimension : 1, covariate_dimension : 1, alpha : 0.5, beta : 0.25, stochasticity : 1, gamma : 0.3, noise : uniform, 
Running with estimator : kme_dml, regularization : True, sample_splits : 1, reg_lambda : 0.001, reg_lambda_tilde : 0.001, kernel : gauss, density : gaussian, bandwidth : 0.3, bandwidth_mode : heuristic, epsilon : 0.0, normalized : True, random_seed : 55, 
bias_direct: 0.08811127303584824
rmse_direct: 0.13121950508301938
bias_indirect: 0.02389424131240779
rmse_indirect: 0.03211521408019842
bias_total: 0.08810584366025927
rmse_total: 0.11960196744400825
bias_mr: 0.10103544332941196
rmse_mr: 0.11311768437348686
coverage: 0.896551724137931
