Experiment: expname : bandwidth_experiment, data : uniform, n_samples : 500, mediator_dimension : 1, covariate_dimension : 1, alpha : 0.5, beta : 0.25, stochasticity : 1, gamma : 0.3, noise : uniform, 
Running with estimator : kme_dml, regularization : True, sample_splits : 1, reg_lambda : 0.001, reg_lambda_tilde : 0.001, kernel : gauss, density : gaussian, bandwidth : 0.3, bandwidth_mode : amse, epsilon : 0.5, normalized : True, random_seed : 87, 
bias_direct: 0.2131930158381898
rmse_direct: 0.26853602427577233
bias_indirect: 0.039512593841885685
rmse_indirect: 0.04792657211178484
bias_total: 0.21847900623819996
rmse_total: 0.2667745970984242
bias_mr: 0.13777908847920148
rmse_mr: 0.17848985919186297
coverage: 0.9310344827586207
