Experiment: expname : bandwidth_experiment, data : uniform, n_samples : 5000, mediator_dimension : 1, covariate_dimension : 1, alpha : 0.5, beta : 0.25, stochasticity : 1, gamma : 0.3, noise : uniform, 
Running with estimator : kme_dml, regularization : True, sample_splits : 1, reg_lambda : 0.001, reg_lambda_tilde : 0.001, kernel : gauss, density : gaussian, bandwidth : 0.3, bandwidth_mode : heuristic, epsilon : 0.0, normalized : True, random_seed : 83, 
bias_direct: 0.0239489238864818
rmse_direct: 0.03213835109085169
bias_indirect: 0.01809420756951023
rmse_indirect: 0.022483984782878892
bias_total: 0.019101086798764624
rmse_total: 0.03035998998237633
bias_mr: 0.04381203420228596
rmse_mr: 0.0594087526542493
coverage: 0.9310344827586207
