Experiment: expname : bandwidth_experiment, data : uniform, n_samples : 500, mediator_dimension : 1, covariate_dimension : 1, alpha : 0.5, beta : 0.25, stochasticity : 1, gamma : 0.3, noise : uniform, 
Running with estimator : kme_dml, regularization : True, sample_splits : 1, reg_lambda : 0.001, reg_lambda_tilde : 0.001, kernel : gauss, density : gaussian, bandwidth : 0.3, bandwidth_mode : amse, epsilon : 0.5, normalized : True, random_seed : 37, 
bias_direct: 0.11836228773289194
rmse_direct: 0.15469180819706277
bias_indirect: 0.07727910256126173
rmse_indirect: 0.0912895422177615
bias_total: 0.15450070229427057
rmse_total: 0.1887137411611673
bias_mr: 0.1207301192796334
rmse_mr: 0.14704157541134436
coverage: 1.0
