Experiment: expname : huber_experiment, data : uniform, n_samples : 1000, mediator_dimension : 1, covariate_dimension : 1, alpha : 0.5, beta : 0.25, stochasticity : 1, gamma : 0.3, noise : uniform, 
Running with estimator : kme_dml, regularization : True, sample_splits : 1, reg_lambda : 0.001, reg_lambda_tilde : 0.001, kernel : gauss, density : gaussian, bandwidth : 0.3, bandwidth_mode : amse, epsilon : 0.5, normalized : True, random_seed : 64, 
bias_direct: 0.06540359302750826
rmse_direct: 0.08562220663720314
bias_indirect: 0.02462109223887021
rmse_indirect: 0.030013226834938577
bias_total: 0.08170484678896445
rmse_total: 0.10322272983220301
bias_mr: 0.06633832274176196
rmse_mr: 0.08492877318148956
coverage: 1.0
