Experiment: expname : bandwidth_experiment, data : uniform, n_samples : 500, mediator_dimension : 1, covariate_dimension : 1, alpha : 0.5, beta : 0.25, stochasticity : 1, gamma : 0.3, noise : uniform, 
Running with estimator : kme_dml, regularization : True, sample_splits : 1, reg_lambda : 0.001, reg_lambda_tilde : 0.001, kernel : gauss, density : gaussian, bandwidth : 0.3, bandwidth_mode : amse, epsilon : 0.5, normalized : True, random_seed : 69, 
bias_direct: 0.09818545250868327
rmse_direct: 0.11403084575806954
bias_indirect: 0.033291651339343836
rmse_indirect: 0.04176285645735492
bias_total: 0.09548296312049366
rmse_total: 0.11868241944808046
bias_mr: 0.07527836906389143
rmse_mr: 0.09072994764470695
coverage: 1.0
