Experiment: expname : huber_experiment, data : uniform, n_samples : 1000, mediator_dimension : 1, covariate_dimension : 1, alpha : 0.5, beta : 0.25, stochasticity : 1, gamma : 0.3, noise : uniform, 
Running with estimator : kme_dml, regularization : True, sample_splits : 1, reg_lambda : 0.001, reg_lambda_tilde : 0.001, kernel : gauss, density : gaussian, bandwidth : 0.3, bandwidth_mode : amse, epsilon : 0.5, normalized : True, random_seed : 83, 
bias_direct: 0.1463624182771915
rmse_direct: 0.17158923997145506
bias_indirect: 0.028239974018686706
rmse_indirect: 0.034385929719430566
bias_total: 0.14533434213229934
rmse_total: 0.17060360981255848
bias_mr: 0.10350376668387778
rmse_mr: 0.1212687174509108
coverage: 0.9310344827586207
