Experiment: expname : bandwidth_experiment, data : uniform, n_samples : 5000, mediator_dimension : 1, covariate_dimension : 1, alpha : 0.5, beta : 0.25, stochasticity : 1, gamma : 0.3, noise : uniform, 
Running with estimator : kme_dml, regularization : True, sample_splits : 1, reg_lambda : 0.001, reg_lambda_tilde : 0.001, kernel : gauss, density : gaussian, bandwidth : 0.3, bandwidth_mode : amse, epsilon : 0.5, normalized : True, random_seed : 29, 
bias_direct: 0.06357379742681575
rmse_direct: 0.08411292721841264
bias_indirect: 0.02694182035540248
rmse_indirect: 0.03209816499626733
bias_total: 0.05551357247984484
rmse_total: 0.08378285070616184
bias_mr: 0.06304614523692999
rmse_mr: 0.08461940828989556
coverage: 0.9310344827586207
