Experiment: expname : bandwidth_experiment, data : uniform, n_samples : 1000, mediator_dimension : 1, covariate_dimension : 1, alpha : 0.5, beta : 0.25, stochasticity : 1, gamma : 0.3, noise : uniform, 
Running with estimator : kme_dml, regularization : True, sample_splits : 1, reg_lambda : 0.001, reg_lambda_tilde : 0.001, kernel : gauss, density : gaussian, bandwidth : 0.3, bandwidth_mode : heuristic, epsilon : 0.0, normalized : True, random_seed : 51, 
bias_direct: 0.1103570489713469
rmse_direct: 0.11640192972897946
bias_indirect: 0.008344435344061402
rmse_indirect: 0.011078415243416318
bias_total: 0.10472159151455784
rmse_total: 0.11303068680554859
bias_mr: 0.13635062688963023
rmse_mr: 0.1513156786935539
coverage: 0.6551724137931034
