Experiment: expname : bandwidth_experiment, data : uniform, n_samples : 1000, mediator_dimension : 1, covariate_dimension : 1, alpha : 0.5, beta : 0.25, stochasticity : 1, gamma : 0.3, noise : uniform, 
Running with estimator : kme_dml, regularization : True, sample_splits : 1, reg_lambda : 0.001, reg_lambda_tilde : 0.001, kernel : gauss, density : gaussian, bandwidth : 0.3, bandwidth_mode : heuristic, epsilon : 0.0, normalized : True, random_seed : 14, 
bias_direct: 0.11745057183424662
rmse_direct: 0.14462983434833693
bias_indirect: 0.01873819790989961
rmse_indirect: 0.025799246257177538
bias_total: 0.10147634952285708
rmse_total: 0.12538300495102037
bias_mr: 0.11111368363844555
rmse_mr: 0.15729444025115885
coverage: 0.7586206896551724
