Experiment: expname : huber_experiment, data : uniform, n_samples : 5000, mediator_dimension : 1, covariate_dimension : 1, alpha : 0.5, beta : 0.25, stochasticity : 1, gamma : 0.3, noise : uniform, 
Running with estimator : kme_dml, regularization : True, sample_splits : 1, reg_lambda : 0.001, reg_lambda_tilde : 0.001, kernel : gauss, density : gaussian, bandwidth : 0.3, bandwidth_mode : amse, epsilon : 0.5, normalized : True, random_seed : 87, 
bias_direct: 0.08841934566472369
rmse_direct: 0.10119044493803023
bias_indirect: 0.013888913183530548
rmse_indirect: 0.017288685204022665
bias_total: 0.0883231593891575
rmse_total: 0.09995468693463351
bias_mr: 0.08051469170661418
rmse_mr: 0.08947029229692806
coverage: 0.9655172413793104
