Experiment: expname : bandwidth_experiment, data : uniform, n_samples : 5000, mediator_dimension : 1, covariate_dimension : 1, alpha : 0.5, beta : 0.25, stochasticity : 1, gamma : 0.3, noise : uniform, 
Running with estimator : kme_dml, regularization : True, sample_splits : 1, reg_lambda : 0.001, reg_lambda_tilde : 0.001, kernel : gauss, density : gaussian, bandwidth : 0.3, bandwidth_mode : amse, epsilon : 0.5, normalized : True, random_seed : 73, 
bias_direct: 0.06569045484703408
rmse_direct: 0.09218360711727758
bias_indirect: 0.01980213059499954
rmse_indirect: 0.024659200456867057
bias_total: 0.06954948572009435
rmse_total: 0.09762661570782014
bias_mr: 0.07389272309626756
rmse_mr: 0.09804131168421687
coverage: 0.7586206896551724
