Experiment: expname : huber_experiment, data : uniform, n_samples : 5000, mediator_dimension : 1, covariate_dimension : 1, alpha : 0.5, beta : 0.25, stochasticity : 1, gamma : 0.3, noise : uniform, 
Running with estimator : kme_dml, regularization : True, sample_splits : 1, reg_lambda : 0.001, reg_lambda_tilde : 0.001, kernel : gauss, density : gaussian, bandwidth : 0.3, bandwidth_mode : amse, epsilon : 0.5, normalized : True, random_seed : 68, 
bias_direct: 0.08257146378819792
rmse_direct: 0.09573101300608959
bias_indirect: 0.021060367098130684
rmse_indirect: 0.027445640370539096
bias_total: 0.09756972765033008
rmse_total: 0.11333621942909394
bias_mr: 0.048276779630905715
rmse_mr: 0.05866769374508271
coverage: 0.9655172413793104
