Experiment: expname : bandwidth_experiment, data : uniform, n_samples : 1000, mediator_dimension : 1, covariate_dimension : 1, alpha : 0.5, beta : 0.25, stochasticity : 1, gamma : 0.3, noise : uniform, 
Running with estimator : kme_dml, regularization : True, sample_splits : 1, reg_lambda : 0.001, reg_lambda_tilde : 0.001, kernel : gauss, density : gaussian, bandwidth : 0.3, bandwidth_mode : heuristic, epsilon : 0.0, normalized : True, random_seed : 21, 
bias_direct: 0.06901442596184769
rmse_direct: 0.08302212244194859
bias_indirect: 0.03453638901657262
rmse_indirect: 0.04446513108900944
bias_total: 0.044949728443105456
rmse_total: 0.05576142962123823
bias_mr: 0.036939197741121414
rmse_mr: 0.044285041594219476
coverage: 1.0
