Experiment: expname : huber_experiment, data : uniform, n_samples : 500, mediator_dimension : 1, covariate_dimension : 1, alpha : 0.5, beta : 0.25, stochasticity : 1, gamma : 0.3, noise : uniform, 
Running with estimator : kme_dml, regularization : True, sample_splits : 1, reg_lambda : 0.001, reg_lambda_tilde : 0.001, kernel : gauss, density : gaussian, bandwidth : 0.3, bandwidth_mode : amse, epsilon : 0.5, normalized : True, random_seed : 72, 
bias_direct: 0.18912837722925174
rmse_direct: 0.23359635534001677
bias_indirect: 0.11069556473947974
rmse_indirect: 0.1282083419121338
bias_total: 0.2896371281257784
rmse_total: 0.3413482834798997
bias_mr: 0.135998397449623
rmse_mr: 0.15901567296760827
coverage: 1.0
