Experiment: expname : bandwidth_experiment, data : uniform, n_samples : 5000, mediator_dimension : 1, covariate_dimension : 1, alpha : 0.5, beta : 0.25, stochasticity : 1, gamma : 0.3, noise : uniform, 
Running with estimator : kme_dml, regularization : True, sample_splits : 1, reg_lambda : 0.001, reg_lambda_tilde : 0.001, kernel : gauss, density : gaussian, bandwidth : 0.3, bandwidth_mode : amse, epsilon : 0.5, normalized : True, random_seed : 7, 
bias_direct: 0.090804800962097
rmse_direct: 0.12127192421093094
bias_indirect: 0.023737926644103305
rmse_indirect: 0.031088133360993166
bias_total: 0.0964714944927268
rmse_total: 0.12663016966076948
bias_mr: 0.0773969630044366
rmse_mr: 0.10036979646255702
coverage: 0.8275862068965517
