Experiment: expname : huber_experiment, data : uniform, n_samples : 500, mediator_dimension : 1, covariate_dimension : 1, alpha : 0.5, beta : 0.25, stochasticity : 1, gamma : 0.3, noise : uniform, 
Running with estimator : kme_dml, regularization : True, sample_splits : 1, reg_lambda : 0.001, reg_lambda_tilde : 0.001, kernel : gauss, density : gaussian, bandwidth : 0.3, bandwidth_mode : amse, epsilon : 0.5, normalized : True, random_seed : 84, 
bias_direct: 0.12212435664022561
rmse_direct: 0.14529134163903484
bias_indirect: 0.059441462679915937
rmse_indirect: 0.0757672561324045
bias_total: 0.08179019306995992
rmse_total: 0.10102501621113436
bias_mr: 0.13846245488111866
rmse_mr: 0.1839640544233082
coverage: 1.0
