Experiment: expname : huber_experiment, data : uniform, n_samples : 5000, mediator_dimension : 1, covariate_dimension : 1, alpha : 0.5, beta : 0.25, stochasticity : 1, gamma : 0.3, noise : uniform, 
Running with estimator : kme_dml, regularization : True, sample_splits : 1, reg_lambda : 0.001, reg_lambda_tilde : 0.001, kernel : gauss, density : gaussian, bandwidth : 0.3, bandwidth_mode : amse, epsilon : 0.5, normalized : True, random_seed : 83, 
bias_direct: 0.03373777136644683
rmse_direct: 0.05033410702278758
bias_indirect: 0.02724281646804192
rmse_indirect: 0.03459483604568651
bias_total: 0.04089716489683522
rmse_total: 0.06446764296652253
bias_mr: 0.06320923084712113
rmse_mr: 0.07910532728998129
coverage: 0.9310344827586207
