Experiment: expname : bandwidth_experiment, data : uniform, n_samples : 500, mediator_dimension : 1, covariate_dimension : 1, alpha : 0.5, beta : 0.25, stochasticity : 1, gamma : 0.3, noise : uniform, 
Running with estimator : kme_dml, regularization : True, sample_splits : 1, reg_lambda : 0.001, reg_lambda_tilde : 0.001, kernel : gauss, density : gaussian, bandwidth : 0.3, bandwidth_mode : amse, epsilon : 0.5, normalized : True, random_seed : 13, 
bias_direct: 0.10910056709279534
rmse_direct: 0.12762822523805603
bias_indirect: 0.0854917037464124
rmse_indirect: 0.1059311702509741
bias_total: 0.1869366551865
rmse_total: 0.20861118565418793
bias_mr: 0.1589967391241305
rmse_mr: 0.1845349608016695
coverage: 0.9310344827586207
