Experiment: expname : huber_experiment, data : uniform, n_samples : 500, mediator_dimension : 1, covariate_dimension : 1, alpha : 0.5, beta : 0.25, stochasticity : 1, gamma : 0.3, noise : uniform, 
Running with estimator : kme_dml, regularization : True, sample_splits : 1, reg_lambda : 0.001, reg_lambda_tilde : 0.001, kernel : gauss, density : gaussian, bandwidth : 0.3, bandwidth_mode : amse, epsilon : 0.5, normalized : True, random_seed : 3, 
bias_direct: 0.16585130795322886
rmse_direct: 0.19371790417965573
bias_indirect: 0.02695158337415208
rmse_indirect: 0.033897868611834435
bias_total: 0.1663215653471723
rmse_total: 0.19109727987105038
bias_mr: 0.16877049867806265
rmse_mr: 0.19612287322989316
coverage: 0.9655172413793104
