Experiment: expname : huber_experiment, data : uniform, n_samples : 500, mediator_dimension : 1, covariate_dimension : 1, alpha : 0.5, beta : 0.25, stochasticity : 1, gamma : 0.3, noise : uniform, 
Running with estimator : kme_dml, regularization : True, sample_splits : 1, reg_lambda : 0.001, reg_lambda_tilde : 0.001, kernel : gauss, density : gaussian, bandwidth : 0.3, bandwidth_mode : amse, epsilon : 0.5, normalized : True, random_seed : 65, 
bias_direct: 0.14792866401715277
rmse_direct: 0.19836053817435934
bias_indirect: 0.03585368326781567
rmse_indirect: 0.04904750052632016
bias_total: 0.12430264398842247
rmse_total: 0.1654442715584079
bias_mr: 0.11276571917877022
rmse_mr: 0.14038139679178485
coverage: 0.896551724137931
