Experiment: expname : huber_experiment, data : uniform, n_samples : 500, mediator_dimension : 1, covariate_dimension : 1, alpha : 0.5, beta : 0.25, stochasticity : 1, gamma : 0.3, noise : uniform, 
Running with estimator : kme_dml, regularization : True, sample_splits : 1, reg_lambda : 0.001, reg_lambda_tilde : 0.001, kernel : gauss, density : gaussian, bandwidth : 0.3, bandwidth_mode : amse, epsilon : 0.5, normalized : True, random_seed : 51, 
bias_direct: 0.09669255099559242
rmse_direct: 0.12359833249060843
bias_indirect: 0.05019946302334571
rmse_indirect: 0.05769525322558668
bias_total: 0.10367294927082585
rmse_total: 0.12747579139584594
bias_mr: 0.11740909337694459
rmse_mr: 0.148281722851694
coverage: 1.0
