Experiment: expname : huber_experiment, data : uniform, n_samples : 1000, mediator_dimension : 1, covariate_dimension : 1, alpha : 0.5, beta : 0.25, stochasticity : 1, gamma : 0.3, noise : uniform, 
Running with estimator : kme_dml, regularization : True, sample_splits : 1, reg_lambda : 0.001, reg_lambda_tilde : 0.001, kernel : gauss, density : gaussian, bandwidth : 0.3, bandwidth_mode : amse, epsilon : 0.5, normalized : True, random_seed : 97, 
bias_direct: 0.07406971149134355
rmse_direct: 0.1078067436561488
bias_indirect: 0.038846422021509064
rmse_indirect: 0.04905313407117512
bias_total: 0.07740488479741536
rmse_total: 0.09746079566047997
bias_mr: 0.18893606564952362
rmse_mr: 0.22275067032395235
coverage: 0.896551724137931
