Experiment: expname : bandwidth_experiment, data : uniform, n_samples : 500, mediator_dimension : 1, covariate_dimension : 1, alpha : 0.5, beta : 0.25, stochasticity : 1, gamma : 0.3, noise : uniform, 
Running with estimator : kme_dml, regularization : True, sample_splits : 1, reg_lambda : 0.001, reg_lambda_tilde : 0.001, kernel : gauss, density : gaussian, bandwidth : 0.3, bandwidth_mode : amse, epsilon : 0.5, normalized : True, random_seed : 79, 
bias_direct: 0.1308314302361355
rmse_direct: 0.17426694840077217
bias_indirect: 0.0957367454311944
rmse_indirect: 0.1251407474587301
bias_total: 0.12481755398388462
rmse_total: 0.16061655943542547
bias_mr: 0.10596125716742388
rmse_mr: 0.14340072794978148
coverage: 1.0
