Experiment: expname : bandwidth_experiment, data : uniform, n_samples : 1000, mediator_dimension : 1, covariate_dimension : 1, alpha : 0.5, beta : 0.25, stochasticity : 1, gamma : 0.3, noise : uniform, 
Running with estimator : kme_dml, regularization : True, sample_splits : 1, reg_lambda : 0.001, reg_lambda_tilde : 0.001, kernel : gauss, density : gaussian, bandwidth : 0.3, bandwidth_mode : amse, epsilon : 0.5, normalized : True, random_seed : 92, 
bias_direct: 0.1113359963319653
rmse_direct: 0.15432519810232484
bias_indirect: 0.027491091166938337
rmse_indirect: 0.03363661754073127
bias_total: 0.10608485949070169
rmse_total: 0.15748611464708126
bias_mr: 0.08064376112959976
rmse_mr: 0.0944125374615999
coverage: 1.0
