Experiment: expname : bandwidth_experiment, data : uniform, n_samples : 1000, mediator_dimension : 1, covariate_dimension : 1, alpha : 0.5, beta : 0.25, stochasticity : 1, gamma : 0.3, noise : uniform, 
Running with estimator : kme_dml, regularization : True, sample_splits : 1, reg_lambda : 0.001, reg_lambda_tilde : 0.001, kernel : gauss, density : gaussian, bandwidth : 0.3, bandwidth_mode : heuristic, epsilon : 0.0, normalized : True, random_seed : 38, 
bias_direct: 0.03413057471618692
rmse_direct: 0.041285644687422705
bias_indirect: 0.008679381856279521
rmse_indirect: 0.013297323651730886
bias_total: 0.03848059387107426
rmse_total: 0.05064601627206967
bias_mr: 0.0666897197812716
rmse_mr: 0.08652829839390903
coverage: 1.0
