Experiment: expname : huber_experiment, data : uniform, n_samples : 500, mediator_dimension : 1, covariate_dimension : 1, alpha : 0.5, beta : 0.25, stochasticity : 1, gamma : 0.3, noise : uniform, 
Running with estimator : kme_dml, regularization : True, sample_splits : 1, reg_lambda : 0.001, reg_lambda_tilde : 0.001, kernel : gauss, density : gaussian, bandwidth : 0.3, bandwidth_mode : amse, epsilon : 0.5, normalized : True, random_seed : 30, 
bias_direct: 0.2118928659662255
rmse_direct: 0.22979882930969386
bias_indirect: 0.03642960360853068
rmse_indirect: 0.04482787303408119
bias_total: 0.23133537588250863
rmse_total: 0.25154406004206564
bias_mr: 0.10767109194344171
rmse_mr: 0.1428629130289229
coverage: 1.0
