Experiment: expname : huber_experiment, data : uniform, n_samples : 5000, mediator_dimension : 1, covariate_dimension : 1, alpha : 0.5, beta : 0.25, stochasticity : 1, gamma : 0.3, noise : uniform, 
Running with estimator : kme_dml, regularization : True, sample_splits : 1, reg_lambda : 0.001, reg_lambda_tilde : 0.001, kernel : gauss, density : gaussian, bandwidth : 0.3, bandwidth_mode : amse, epsilon : 0.5, normalized : True, random_seed : 82, 
bias_direct: 0.042094018784089526
rmse_direct: 0.050203900690145485
bias_indirect: 0.017864625327335102
rmse_indirect: 0.02208641176030096
bias_total: 0.03716429061095088
rmse_total: 0.045086408377705056
bias_mr: 0.05365141231806646
rmse_mr: 0.06583690507945728
coverage: 0.9655172413793104
