Experiment: expname : bandwidth_experiment, data : uniform, n_samples : 500, mediator_dimension : 1, covariate_dimension : 1, alpha : 0.5, beta : 0.25, stochasticity : 1, gamma : 0.3, noise : uniform, 
Running with estimator : kme_dml, regularization : True, sample_splits : 1, reg_lambda : 0.001, reg_lambda_tilde : 0.001, kernel : gauss, density : gaussian, bandwidth : 0.3, bandwidth_mode : amse, epsilon : 0.5, normalized : True, random_seed : 15, 
bias_direct: 0.1365392238004387
rmse_direct: 0.16859620262991212
bias_indirect: 0.028388676355839075
rmse_indirect: 0.04207017746029188
bias_total: 0.11854240230543861
rmse_total: 0.1463537233495023
bias_mr: 0.11629096548001218
rmse_mr: 0.13853582864739997
coverage: 0.896551724137931
