Experiment: expname : huber_experiment, data : uniform, n_samples : 5000, mediator_dimension : 1, covariate_dimension : 1, alpha : 0.5, beta : 0.25, stochasticity : 1, gamma : 0.3, noise : uniform, 
Running with estimator : kme_dml, regularization : True, sample_splits : 1, reg_lambda : 0.001, reg_lambda_tilde : 0.001, kernel : gauss, density : gaussian, bandwidth : 0.3, bandwidth_mode : amse, epsilon : 0.5, normalized : True, random_seed : 78, 
bias_direct: 0.04703658843260442
rmse_direct: 0.06380619029563465
bias_indirect: 0.01767398462186402
rmse_indirect: 0.023083548684931444
bias_total: 0.054570634175639544
rmse_total: 0.07720785944513986
bias_mr: 0.05363876888906291
rmse_mr: 0.0637219265602822
coverage: 1.0
