Experiment: expname : huber_experiment, data : uniform, n_samples : 500, mediator_dimension : 1, covariate_dimension : 1, alpha : 0.5, beta : 0.25, stochasticity : 1, gamma : 0.3, noise : uniform, 
Running with estimator : kme_dml, regularization : True, sample_splits : 1, reg_lambda : 0.001, reg_lambda_tilde : 0.001, kernel : gauss, density : gaussian, bandwidth : 0.3, bandwidth_mode : amse, epsilon : 0.5, normalized : True, random_seed : 70, 
bias_direct: 0.3334015382358597
rmse_direct: 0.38329690614750184
bias_indirect: 0.03792467412000576
rmse_indirect: 0.04744161581840326
bias_total: 0.36513496890267966
rmse_total: 0.41408940144482187
bias_mr: 0.2165471349423033
rmse_mr: 0.24446744299732354
coverage: 0.7586206896551724
