Experiment: expname : huber_experiment, data : uniform, n_samples : 500, mediator_dimension : 1, covariate_dimension : 1, alpha : 0.5, beta : 0.25, stochasticity : 1, gamma : 0.3, noise : uniform, 
Running with estimator : kme_dml, regularization : True, sample_splits : 1, reg_lambda : 0.001, reg_lambda_tilde : 0.001, kernel : gauss, density : gaussian, bandwidth : 0.3, bandwidth_mode : amse, epsilon : 0.5, normalized : True, random_seed : 49, 
bias_direct: 0.18143782095257896
rmse_direct: 0.21185134473734024
bias_indirect: 0.035886721877229216
rmse_indirect: 0.046505457416296934
bias_total: 0.16828581149626318
rmse_total: 0.20134866481168304
bias_mr: 0.17878331541531473
rmse_mr: 0.21334226374273169
coverage: 0.896551724137931
