Experiment: expname : bandwidth_experiment, data : uniform, n_samples : 1000, mediator_dimension : 1, covariate_dimension : 1, alpha : 0.5, beta : 0.25, stochasticity : 1, gamma : 0.3, noise : uniform, 
Running with estimator : kme_dml, regularization : True, sample_splits : 1, reg_lambda : 0.001, reg_lambda_tilde : 0.001, kernel : gauss, density : gaussian, bandwidth : 0.3, bandwidth_mode : heuristic, epsilon : 0.0, normalized : True, random_seed : 8, 
bias_direct: 0.05911487036557601
rmse_direct: 0.07527169361094246
bias_indirect: 0.021232930254941
rmse_indirect: 0.02995660054668016
bias_total: 0.05453666761392651
rmse_total: 0.0743449844474075
bias_mr: 0.06227598171444234
rmse_mr: 0.08673211437748533
coverage: 0.896551724137931
