Experiment: expname : bandwidth_experiment, data : uniform, n_samples : 500, mediator_dimension : 1, covariate_dimension : 1, alpha : 0.5, beta : 0.25, stochasticity : 1, gamma : 0.3, noise : uniform, 
Running with estimator : kme_dml, regularization : True, sample_splits : 1, reg_lambda : 0.001, reg_lambda_tilde : 0.001, kernel : gauss, density : gaussian, bandwidth : 0.3, bandwidth_mode : heuristic, epsilon : 0.0, normalized : True, random_seed : 29, 
bias_direct: 0.12748448392955272
rmse_direct: 0.15805254946103486
bias_indirect: 0.023664617608437258
rmse_indirect: 0.02762635878536624
bias_total: 0.13739179653208422
rmse_total: 0.17037401720843773
bias_mr: 0.1147823429634401
rmse_mr: 0.13230467710027383
coverage: 0.8620689655172413
