Experiment: expname : huber_experiment, data : uniform, n_samples : 1000, mediator_dimension : 1, covariate_dimension : 1, alpha : 0.5, beta : 0.25, stochasticity : 1, gamma : 0.3, noise : uniform, 
Running with estimator : kme_dml, regularization : True, sample_splits : 1, reg_lambda : 0.001, reg_lambda_tilde : 0.001, kernel : gauss, density : gaussian, bandwidth : 0.3, bandwidth_mode : amse, epsilon : 0.5, normalized : True, random_seed : 4, 
bias_direct: 0.1092228529232881
rmse_direct: 0.12547487405380559
bias_indirect: 0.03177283159773943
rmse_indirect: 0.04440545111582303
bias_total: 0.13575397251398383
rmse_total: 0.15871706633858337
bias_mr: 0.09838426877103355
rmse_mr: 0.11015425422003884
coverage: 0.9655172413793104
