Experiment: expname : bandwidth_experiment, data : uniform, n_samples : 5000, mediator_dimension : 1, covariate_dimension : 1, alpha : 0.5, beta : 0.25, stochasticity : 1, gamma : 0.3, noise : uniform, 
Running with estimator : kme_dml, regularization : True, sample_splits : 1, reg_lambda : 0.001, reg_lambda_tilde : 0.001, kernel : gauss, density : gaussian, bandwidth : 0.3, bandwidth_mode : amse, epsilon : 0.5, normalized : True, random_seed : 61, 
bias_direct: 0.052841563588423776
rmse_direct: 0.06136855932014395
bias_indirect: 0.013605827305369673
rmse_indirect: 0.01642345035200615
bias_total: 0.05280418702072711
rmse_total: 0.059779580804108425
bias_mr: 0.04110729111303052
rmse_mr: 0.04900888216077845
coverage: 0.9655172413793104
