Experiment: expname : huber_experiment, data : uniform, n_samples : 5000, mediator_dimension : 1, covariate_dimension : 1, alpha : 0.5, beta : 0.25, stochasticity : 1, gamma : 0.3, noise : uniform, 
Running with estimator : kme_dml, regularization : True, sample_splits : 1, reg_lambda : 0.001, reg_lambda_tilde : 0.001, kernel : gauss, density : gaussian, bandwidth : 0.3, bandwidth_mode : amse, epsilon : 0.5, normalized : True, random_seed : 66, 
bias_direct: 0.08949193735433156
rmse_direct: 0.10430231074180699
bias_indirect: 0.03128408961697971
rmse_indirect: 0.040408375985585256
bias_total: 0.06343281136241066
rmse_total: 0.07674386125443572
bias_mr: 0.06945226621307746
rmse_mr: 0.08340455296483802
coverage: 0.9655172413793104
