Experiment: expname : bandwidth_experiment, data : uniform, n_samples : 5000, mediator_dimension : 1, covariate_dimension : 1, alpha : 0.5, beta : 0.25, stochasticity : 1, gamma : 0.3, noise : uniform, 
Running with estimator : kme_dml, regularization : True, sample_splits : 1, reg_lambda : 0.001, reg_lambda_tilde : 0.001, kernel : gauss, density : gaussian, bandwidth : 0.3, bandwidth_mode : amse, epsilon : 0.5, normalized : True, random_seed : 72, 
bias_direct: 0.07549902077554001
rmse_direct: 0.09603688489489093
bias_indirect: 0.020228719369134358
rmse_indirect: 0.025535414397511058
bias_total: 0.06527902513700416
rmse_total: 0.08431980885260104
bias_mr: 0.039789649277167195
rmse_mr: 0.05068466162413709
coverage: 0.9655172413793104
