Experiment: expname : huber_experiment, data : uniform, n_samples : 500, mediator_dimension : 1, covariate_dimension : 1, alpha : 0.5, beta : 0.25, stochasticity : 1, gamma : 0.3, noise : uniform, 
Running with estimator : kme_dml, regularization : True, sample_splits : 1, reg_lambda : 0.001, reg_lambda_tilde : 0.001, kernel : gauss, density : gaussian, bandwidth : 0.3, bandwidth_mode : amse, epsilon : 0.5, normalized : True, random_seed : 53, 
bias_direct: 0.21100457006268591
rmse_direct: 0.24667613719356016
bias_indirect: 0.05374697713160466
rmse_indirect: 0.06932818796287081
bias_total: 0.25317996495530903
rmse_total: 0.29900245163309486
bias_mr: 0.11575599766378243
rmse_mr: 0.1651236427045055
coverage: 0.8620689655172413
