Experiment: expname : bandwidth_experiment, data : uniform, n_samples : 500, mediator_dimension : 1, covariate_dimension : 1, alpha : 0.5, beta : 0.25, stochasticity : 1, gamma : 0.3, noise : uniform, 
Running with estimator : kme_dml, regularization : True, sample_splits : 1, reg_lambda : 0.001, reg_lambda_tilde : 0.001, kernel : gauss, density : gaussian, bandwidth : 0.3, bandwidth_mode : amse, epsilon : 0.5, normalized : True, random_seed : 74, 
bias_direct: 0.15614704602329882
rmse_direct: 0.18620161478459868
bias_indirect: 0.06577142347414702
rmse_indirect: 0.07853984799573233
bias_total: 0.12362874667510325
rmse_total: 0.15739429389071133
bias_mr: 0.15537976465722053
rmse_mr: 0.18867996453592376
coverage: 1.0
