Experiment: expname : huber_experiment, data : uniform, n_samples : 1000, mediator_dimension : 1, covariate_dimension : 1, alpha : 0.5, beta : 0.25, stochasticity : 1, gamma : 0.3, noise : uniform, 
Running with estimator : kme_dml, regularization : True, sample_splits : 1, reg_lambda : 0.001, reg_lambda_tilde : 0.001, kernel : gauss, density : gaussian, bandwidth : 0.3, bandwidth_mode : amse, epsilon : 0.5, normalized : True, random_seed : 73, 
bias_direct: 0.12168124110645144
rmse_direct: 0.17172298333731115
bias_indirect: 0.05483243321297554
rmse_indirect: 0.06505071097397899
bias_total: 0.08928593055755386
rmse_total: 0.13719901214377425
bias_mr: 0.08063630494771934
rmse_mr: 0.10514776621252399
coverage: 1.0
