Experiment: expname : bandwidth_experiment, data : uniform, n_samples : 5000, mediator_dimension : 1, covariate_dimension : 1, alpha : 0.5, beta : 0.25, stochasticity : 1, gamma : 0.3, noise : uniform, 
Running with estimator : kme_dml, regularization : True, sample_splits : 1, reg_lambda : 0.001, reg_lambda_tilde : 0.001, kernel : gauss, density : gaussian, bandwidth : 0.3, bandwidth_mode : amse, epsilon : 0.5, normalized : True, random_seed : 39, 
bias_direct: 0.06718740338044046
rmse_direct: 0.07898718765995438
bias_indirect: 0.01680969069965024
rmse_indirect: 0.021285892831298787
bias_total: 0.05511701278133609
rmse_total: 0.0664161044324235
bias_mr: 0.059513165999651924
rmse_mr: 0.07188499898130733
coverage: 0.896551724137931
