Experiment: expname : bandwidth_experiment, data : uniform, n_samples : 500, mediator_dimension : 1, covariate_dimension : 1, alpha : 0.5, beta : 0.25, stochasticity : 1, gamma : 0.3, noise : uniform, 
Running with estimator : kme_dml, regularization : True, sample_splits : 1, reg_lambda : 0.001, reg_lambda_tilde : 0.001, kernel : gauss, density : gaussian, bandwidth : 0.3, bandwidth_mode : heuristic, epsilon : 0.0, normalized : True, random_seed : 35, 
bias_direct: 0.06304051584445396
rmse_direct: 0.08186672181978384
bias_indirect: 0.046784282831030664
rmse_indirect: 0.05806555714088085
bias_total: 0.06100305672303636
rmse_total: 0.09307415573258183
bias_mr: 0.051812700220980265
rmse_mr: 0.06534527035382824
coverage: 1.0
