Experiment: expname : bandwidth_experiment, data : uniform, n_samples : 1000, mediator_dimension : 1, covariate_dimension : 1, alpha : 0.5, beta : 0.25, stochasticity : 1, gamma : 0.3, noise : uniform, 
Running with estimator : kme_dml, regularization : True, sample_splits : 1, reg_lambda : 0.001, reg_lambda_tilde : 0.001, kernel : gauss, density : gaussian, bandwidth : 0.3, bandwidth_mode : amse, epsilon : 0.5, normalized : True, random_seed : 52, 
bias_direct: 0.16835784309514434
rmse_direct: 0.19478425160642485
bias_indirect: 0.042825757040158154
rmse_indirect: 0.053998307968708845
bias_total: 0.16650835532366412
rmse_total: 0.1894343793372878
bias_mr: 0.07909886919261187
rmse_mr: 0.08627029599307187
coverage: 1.0
