Experiment: expname : huber_experiment, data : uniform, n_samples : 5000, mediator_dimension : 1, covariate_dimension : 1, alpha : 0.5, beta : 0.25, stochasticity : 1, gamma : 0.3, noise : uniform, 
Running with estimator : kme_dml, regularization : True, sample_splits : 1, reg_lambda : 0.001, reg_lambda_tilde : 0.001, kernel : gauss, density : gaussian, bandwidth : 0.3, bandwidth_mode : amse, epsilon : 0.5, normalized : True, random_seed : 48, 
bias_direct: 0.08196137645692446
rmse_direct: 0.10838560619120882
bias_indirect: 0.024152873814981553
rmse_indirect: 0.029760034460786337
bias_total: 0.09693289957894821
rmse_total: 0.12453207245438969
bias_mr: 0.0673306210335477
rmse_mr: 0.08166248415081519
coverage: 0.896551724137931
