Experiment: expname : bandwidth_experiment, data : uniform, n_samples : 1000, mediator_dimension : 1, covariate_dimension : 1, alpha : 0.5, beta : 0.25, stochasticity : 1, gamma : 0.3, noise : uniform, 
Running with estimator : kme_dml, regularization : True, sample_splits : 1, reg_lambda : 0.001, reg_lambda_tilde : 0.001, kernel : gauss, density : gaussian, bandwidth : 0.3, bandwidth_mode : amse, epsilon : 0.5, normalized : True, random_seed : 56, 
bias_direct: 0.19001404646030134
rmse_direct: 0.22921810825786024
bias_indirect: 0.04462548322276463
rmse_indirect: 0.05394069778419659
bias_total: 0.1721904071035136
rmse_total: 0.20825412699093784
bias_mr: 0.17420472837766318
rmse_mr: 0.21349597700791473
coverage: 0.8275862068965517
