Experiment: expname : bandwidth_experiment, data : uniform, n_samples : 5000, mediator_dimension : 1, covariate_dimension : 1, alpha : 0.5, beta : 0.25, stochasticity : 1, gamma : 0.3, noise : uniform, 
Running with estimator : kme_dml, regularization : True, sample_splits : 1, reg_lambda : 0.001, reg_lambda_tilde : 0.001, kernel : gauss, density : gaussian, bandwidth : 0.3, bandwidth_mode : amse, epsilon : 0.5, normalized : True, random_seed : 47, 
bias_direct: 0.11216602185833663
rmse_direct: 0.1395260111793648
bias_indirect: 0.008547723186045925
rmse_indirect: 0.012500369564968831
bias_total: 0.11506951827418511
rmse_total: 0.14482730767070748
bias_mr: 0.07444705974140564
rmse_mr: 0.08646076217327525
coverage: 0.9655172413793104
