Experiment: expname : huber_experiment, data : uniform, n_samples : 5000, mediator_dimension : 1, covariate_dimension : 1, alpha : 0.5, beta : 0.25, stochasticity : 1, gamma : 0.3, noise : uniform, 
Running with estimator : kme_dml, regularization : True, sample_splits : 1, reg_lambda : 0.001, reg_lambda_tilde : 0.001, kernel : gauss, density : gaussian, bandwidth : 0.3, bandwidth_mode : amse, epsilon : 0.5, normalized : True, random_seed : 69, 
bias_direct: 0.04911085806960438
rmse_direct: 0.06097494117500202
bias_indirect: 0.02306444141975823
rmse_indirect: 0.02795696022934871
bias_total: 0.05860137624117578
rmse_total: 0.065031334033179
bias_mr: 0.04288189714746848
rmse_mr: 0.051452822467070024
coverage: 0.9655172413793104
