Experiment: expname : huber_experiment, data : uniform, n_samples : 5000, mediator_dimension : 1, covariate_dimension : 1, alpha : 0.5, beta : 0.25, stochasticity : 1, gamma : 0.3, noise : uniform, 
Running with estimator : kme_dml, regularization : True, sample_splits : 1, reg_lambda : 0.001, reg_lambda_tilde : 0.001, kernel : gauss, density : gaussian, bandwidth : 0.3, bandwidth_mode : amse, epsilon : 0.5, normalized : True, random_seed : 25, 
bias_direct: 0.06966685276114128
rmse_direct: 0.07959961629591987
bias_indirect: 0.018032549043071586
rmse_indirect: 0.02360226104900976
bias_total: 0.06992286779278778
rmse_total: 0.08090838055614709
bias_mr: 0.03494974446758609
rmse_mr: 0.043667177414575785
coverage: 1.0
