Experiment: expname : huber_experiment, data : uniform, n_samples : 1000, mediator_dimension : 1, covariate_dimension : 1, alpha : 0.5, beta : 0.25, stochasticity : 1, gamma : 0.3, noise : uniform, 
Running with estimator : kme_dml, regularization : True, sample_splits : 1, reg_lambda : 0.001, reg_lambda_tilde : 0.001, kernel : gauss, density : gaussian, bandwidth : 0.3, bandwidth_mode : amse, epsilon : 0.5, normalized : True, random_seed : 87, 
bias_direct: 0.07306826166059274
rmse_direct: 0.09566987176228141
bias_indirect: 0.03470433099960441
rmse_indirect: 0.047186933895075014
bias_total: 0.07683408629603404
rmse_total: 0.10156855995632058
bias_mr: 0.049316571137729685
rmse_mr: 0.06802609083457321
coverage: 1.0
