Experiment: expname : huber_experiment, data : uniform, n_samples : 1000, mediator_dimension : 1, covariate_dimension : 1, alpha : 0.5, beta : 0.25, stochasticity : 1, gamma : 0.3, noise : uniform, 
Running with estimator : kme_dml, regularization : True, sample_splits : 1, reg_lambda : 0.001, reg_lambda_tilde : 0.001, kernel : gauss, density : gaussian, bandwidth : 0.3, bandwidth_mode : amse, epsilon : 0.5, normalized : True, random_seed : 29, 
bias_direct: 0.09484006941462717
rmse_direct: 0.10747627883055265
bias_indirect: 0.016298546731753634
rmse_indirect: 0.020101197484884547
bias_total: 0.09209316820063804
rmse_total: 0.10366990827562331
bias_mr: 0.06827782901169382
rmse_mr: 0.08028367898546132
coverage: 1.0
