Experiment: expname : bandwidth_experiment, data : uniform, n_samples : 500, mediator_dimension : 1, covariate_dimension : 1, alpha : 0.5, beta : 0.25, stochasticity : 1, gamma : 0.3, noise : uniform, 
Running with estimator : kme_dml, regularization : True, sample_splits : 1, reg_lambda : 0.001, reg_lambda_tilde : 0.001, kernel : gauss, density : gaussian, bandwidth : 0.3, bandwidth_mode : amse, epsilon : 0.5, normalized : True, random_seed : 50, 
bias_direct: 0.2263067720003518
rmse_direct: 0.24963406600661783
bias_indirect: 0.023889749438933194
rmse_indirect: 0.030849091561089982
bias_total: 0.22264620433658552
rmse_total: 0.25213058519879583
bias_mr: 0.11092368636381447
rmse_mr: 0.12975922325755804
coverage: 1.0
