Experiment: expname : bandwidth_experiment, data : uniform, n_samples : 5000, mediator_dimension : 1, covariate_dimension : 1, alpha : 0.5, beta : 0.25, stochasticity : 1, gamma : 0.3, noise : uniform, 
Running with estimator : kme_dml, regularization : True, sample_splits : 1, reg_lambda : 0.001, reg_lambda_tilde : 0.001, kernel : gauss, density : gaussian, bandwidth : 0.3, bandwidth_mode : amse, epsilon : 0.5, normalized : True, random_seed : 23, 
bias_direct: 0.04489457753616778
rmse_direct: 0.06134471141770777
bias_indirect: 0.011482562310141746
rmse_indirect: 0.015097807695582189
bias_total: 0.044729920828123104
rmse_total: 0.06139678038804561
bias_mr: 0.05172876760246001
rmse_mr: 0.06525488818963854
coverage: 1.0
