Experiment: expname : huber_experiment, data : uniform, n_samples : 500, mediator_dimension : 1, covariate_dimension : 1, alpha : 0.5, beta : 0.25, stochasticity : 1, gamma : 0.3, noise : uniform, 
Running with estimator : kme_dml, regularization : True, sample_splits : 1, reg_lambda : 0.001, reg_lambda_tilde : 0.001, kernel : gauss, density : gaussian, bandwidth : 0.3, bandwidth_mode : amse, epsilon : 0.5, normalized : True, random_seed : 6, 
bias_direct: 0.08880520076343532
rmse_direct: 0.12165819016837902
bias_indirect: 0.11102495681610257
rmse_indirect: 0.13425037889232475
bias_total: 0.18634219236592353
rmse_total: 0.22011727823841898
bias_mr: 0.24430925283459726
rmse_mr: 0.2661300653246493
coverage: 0.7241379310344828
