Experiment: expname : bandwidth_experiment, data : uniform, n_samples : 500, mediator_dimension : 1, covariate_dimension : 1, alpha : 0.5, beta : 0.25, stochasticity : 1, gamma : 0.3, noise : uniform, 
Running with estimator : kme_dml, regularization : True, sample_splits : 1, reg_lambda : 0.001, reg_lambda_tilde : 0.001, kernel : gauss, density : gaussian, bandwidth : 0.3, bandwidth_mode : heuristic, epsilon : 0.0, normalized : True, random_seed : 36, 
bias_direct: 0.0838212392609609
rmse_direct: 0.10727267513759514
bias_indirect: 0.029511884891070903
rmse_indirect: 0.04006213995031606
bias_total: 0.063607857080379
rmse_total: 0.09115113376944144
bias_mr: 0.04742243735604211
rmse_mr: 0.05454314250668194
coverage: 1.0
