Experiment: expname : bandwidth_experiment, data : uniform, n_samples : 5000, mediator_dimension : 1, covariate_dimension : 1, alpha : 0.5, beta : 0.25, stochasticity : 1, gamma : 0.3, noise : uniform, 
Running with estimator : kme_dml, regularization : True, sample_splits : 1, reg_lambda : 0.001, reg_lambda_tilde : 0.001, kernel : gauss, density : gaussian, bandwidth : 0.3, bandwidth_mode : heuristic, epsilon : 0.0, normalized : True, random_seed : 61, 
bias_direct: 0.05801259017435605
rmse_direct: 0.06409999022330093
bias_indirect: 0.01312393634326613
rmse_indirect: 0.017953937969430737
bias_total: 0.052510683250848636
rmse_total: 0.055487239982358674
bias_mr: 0.04171002980292688
rmse_mr: 0.04558716222953036
coverage: 1.0
