Experiment: expname : huber_experiment, data : uniform, n_samples : 5000, mediator_dimension : 1, covariate_dimension : 1, alpha : 0.5, beta : 0.25, stochasticity : 1, gamma : 0.3, noise : uniform, 
Running with estimator : kme_dml, regularization : True, sample_splits : 1, reg_lambda : 0.001, reg_lambda_tilde : 0.001, kernel : gauss, density : gaussian, bandwidth : 0.3, bandwidth_mode : amse, epsilon : 0.5, normalized : True, random_seed : 35, 
bias_direct: 0.05456411501202293
rmse_direct: 0.0671531230952187
bias_indirect: 0.03388642519037516
rmse_indirect: 0.03798962412470268
bias_total: 0.04975473451099059
rmse_total: 0.06580890051146394
bias_mr: 0.06002817653853738
rmse_mr: 0.07793266509994291
coverage: 0.9655172413793104
