Experiment: expname : bandwidth_experiment, data : uniform, n_samples : 5000, mediator_dimension : 1, covariate_dimension : 1, alpha : 0.5, beta : 0.25, stochasticity : 1, gamma : 0.3, noise : uniform, 
Running with estimator : kme_dml, regularization : True, sample_splits : 1, reg_lambda : 0.001, reg_lambda_tilde : 0.001, kernel : gauss, density : gaussian, bandwidth : 0.3, bandwidth_mode : amse, epsilon : 0.5, normalized : True, random_seed : 54, 
bias_direct: 0.0676368075798924
rmse_direct: 0.08217214302066816
bias_indirect: 0.016934455424467847
rmse_indirect: 0.021056240951079157
bias_total: 0.069500370241155
rmse_total: 0.08312981732465348
bias_mr: 0.05436820737785966
rmse_mr: 0.0710437269817833
coverage: 0.9655172413793104
