Experiment: expname : huber_experiment, data : uniform, n_samples : 5000, mediator_dimension : 1, covariate_dimension : 1, alpha : 0.5, beta : 0.25, stochasticity : 1, gamma : 0.3, noise : uniform, 
Running with estimator : kme_dml, regularization : True, sample_splits : 1, reg_lambda : 0.001, reg_lambda_tilde : 0.001, kernel : gauss, density : gaussian, bandwidth : 0.3, bandwidth_mode : amse, epsilon : 0.5, normalized : True, random_seed : 38, 
bias_direct: 0.06448689374402769
rmse_direct: 0.08160778059865297
bias_indirect: 0.0174351576601516
rmse_indirect: 0.02084672336911059
bias_total: 0.07282758769717376
rmse_total: 0.09343895746626402
bias_mr: 0.04610357853613651
rmse_mr: 0.06132425253864856
coverage: 0.9655172413793104
