Experiment: expname : huber_experiment, data : uniform, n_samples : 1000, mediator_dimension : 1, covariate_dimension : 1, alpha : 0.5, beta : 0.25, stochasticity : 1, gamma : 0.3, noise : uniform, 
Running with estimator : kme_dml, regularization : True, sample_splits : 1, reg_lambda : 0.001, reg_lambda_tilde : 0.001, kernel : gauss, density : gaussian, bandwidth : 0.3, bandwidth_mode : amse, epsilon : 0.5, normalized : True, random_seed : 49, 
bias_direct: 0.0675230531663026
rmse_direct: 0.08284070752982006
bias_indirect: 0.02829847201062381
rmse_indirect: 0.0364233115942824
bias_total: 0.07319337498756379
rmse_total: 0.09312342074941915
bias_mr: 0.08378287499262514
rmse_mr: 0.10397821892145633
coverage: 1.0
