Experiment: expname : huber_experiment, data : uniform, n_samples : 1000, mediator_dimension : 1, covariate_dimension : 1, alpha : 0.5, beta : 0.25, stochasticity : 1, gamma : 0.3, noise : uniform, 
Running with estimator : kme_dml, regularization : True, sample_splits : 1, reg_lambda : 0.001, reg_lambda_tilde : 0.001, kernel : gauss, density : gaussian, bandwidth : 0.3, bandwidth_mode : amse, epsilon : 0.5, normalized : True, random_seed : 38, 
bias_direct: 0.10268249262574797
rmse_direct: 0.13516833249965454
bias_indirect: 0.020569628962871424
rmse_indirect: 0.023344202685653313
bias_total: 0.111915151856431
rmse_total: 0.14281177886571306
bias_mr: 0.13852117310928966
rmse_mr: 0.16409417168313328
coverage: 0.9655172413793104
