Experiment: expname : bandwidth_experiment, data : uniform, n_samples : 500, mediator_dimension : 1, covariate_dimension : 1, alpha : 0.5, beta : 0.25, stochasticity : 1, gamma : 0.3, noise : uniform, 
Running with estimator : kme_dml, regularization : True, sample_splits : 1, reg_lambda : 0.001, reg_lambda_tilde : 0.001, kernel : gauss, density : gaussian, bandwidth : 0.3, bandwidth_mode : heuristic, epsilon : 0.0, normalized : True, random_seed : 81, 
bias_direct: 0.04683579921937888
rmse_direct: 0.059278151878641175
bias_indirect: 0.07038369263132248
rmse_indirect: 0.08523279881958827
bias_total: 0.10865985480597763
rmse_total: 0.1363763399359588
bias_mr: 0.08263809850514381
rmse_mr: 0.10262975941297878
coverage: 0.9310344827586207
