Experiment: expname : bandwidth_experiment, data : uniform, n_samples : 1000, mediator_dimension : 1, covariate_dimension : 1, alpha : 0.5, beta : 0.25, stochasticity : 1, gamma : 0.3, noise : uniform, 
Running with estimator : kme_dml, regularization : True, sample_splits : 1, reg_lambda : 0.001, reg_lambda_tilde : 0.001, kernel : gauss, density : gaussian, bandwidth : 0.3, bandwidth_mode : heuristic, epsilon : 0.0, normalized : True, random_seed : 81, 
bias_direct: 0.051127156813753266
rmse_direct: 0.06233320404659217
bias_indirect: 0.023477340340774307
rmse_indirect: 0.02616612102119351
bias_total: 0.05590526706736562
rmse_total: 0.07227165022475192
bias_mr: 0.03648540299143172
rmse_mr: 0.055807557153644355
coverage: 1.0
