Experiment: expname : bandwidth_experiment, data : uniform, n_samples : 500, mediator_dimension : 1, covariate_dimension : 1, alpha : 0.5, beta : 0.25, stochasticity : 1, gamma : 0.3, noise : uniform, 
Running with estimator : kme_dml, regularization : True, sample_splits : 1, reg_lambda : 0.001, reg_lambda_tilde : 0.001, kernel : gauss, density : gaussian, bandwidth : 0.3, bandwidth_mode : amse, epsilon : 0.5, normalized : True, random_seed : 52, 
bias_direct: 0.11809430721574696
rmse_direct: 0.14542678647033488
bias_indirect: 0.03897350767053699
rmse_indirect: 0.05101220536208211
bias_total: 0.1026822843284677
rmse_total: 0.12272308486164786
bias_mr: 0.13417392206483147
rmse_mr: 0.1602786153966495
coverage: 0.9655172413793104
