Experiment: expname : bandwidth_experiment, data : uniform, n_samples : 1000, mediator_dimension : 1, covariate_dimension : 1, alpha : 0.5, beta : 0.25, stochasticity : 1, gamma : 0.3, noise : uniform, 
Running with estimator : kme_dml, regularization : True, sample_splits : 1, reg_lambda : 0.001, reg_lambda_tilde : 0.001, kernel : gauss, density : gaussian, bandwidth : 0.3, bandwidth_mode : amse, epsilon : 0.5, normalized : True, random_seed : 84, 
bias_direct: 0.08934571201269961
rmse_direct: 0.10532919297192408
bias_indirect: 0.043605103972413926
rmse_indirect: 0.05118615449227678
bias_total: 0.06580256434832696
rmse_total: 0.0889144783097454
bias_mr: 0.07593326621192678
rmse_mr: 0.08563883069546005
coverage: 1.0
