Experiment: expname : bandwidth_experiment, data : uniform, n_samples : 1000, mediator_dimension : 1, covariate_dimension : 1, alpha : 0.5, beta : 0.25, stochasticity : 1, gamma : 0.3, noise : uniform, 
Running with estimator : kme_dml, regularization : True, sample_splits : 1, reg_lambda : 0.001, reg_lambda_tilde : 0.001, kernel : gauss, density : gaussian, bandwidth : 0.3, bandwidth_mode : amse, epsilon : 0.5, normalized : True, random_seed : 70, 
bias_direct: 0.07735529087059706
rmse_direct: 0.10537064637374476
bias_indirect: 0.028992606561791437
rmse_indirect: 0.04227715241808005
bias_total: 0.06737209696040446
rmse_total: 0.08591793227045055
bias_mr: 0.07660416518156572
rmse_mr: 0.09729376296857307
coverage: 1.0
