Experiment: expname : bandwidth_experiment, data : uniform, n_samples : 1000, mediator_dimension : 1, covariate_dimension : 1, alpha : 0.5, beta : 0.25, stochasticity : 1, gamma : 0.3, noise : uniform, 
Running with estimator : kme_dml, regularization : True, sample_splits : 1, reg_lambda : 0.001, reg_lambda_tilde : 0.001, kernel : gauss, density : gaussian, bandwidth : 0.3, bandwidth_mode : amse, epsilon : 0.5, normalized : True, random_seed : 86, 
bias_direct: 0.09776966264639049
rmse_direct: 0.115927266864641
bias_indirect: 0.03314329464431146
rmse_indirect: 0.04426623473457898
bias_total: 0.10488927889835824
rmse_total: 0.12068081122782473
bias_mr: 0.11507810086222955
rmse_mr: 0.13473579493047455
coverage: 0.9310344827586207
