Experiment: expname : huber_experiment, data : uniform, n_samples : 1000, mediator_dimension : 1, covariate_dimension : 1, alpha : 0.5, beta : 0.25, stochasticity : 1, gamma : 0.3, noise : uniform, 
Running with estimator : kme_dml, regularization : True, sample_splits : 1, reg_lambda : 0.001, reg_lambda_tilde : 0.001, kernel : gauss, density : gaussian, bandwidth : 0.3, bandwidth_mode : amse, epsilon : 0.5, normalized : True, random_seed : 58, 
bias_direct: 0.10823956143474298
rmse_direct: 0.1343952633562602
bias_indirect: 0.03870750211149791
rmse_indirect: 0.044421850626834194
bias_total: 0.11944192985368243
rmse_total: 0.1377977427624168
bias_mr: 0.09103478309704166
rmse_mr: 0.11239162963949656
coverage: 1.0
