Experiment: expname : bandwidth_experiment, data : uniform, n_samples : 1000, mediator_dimension : 1, covariate_dimension : 1, alpha : 0.5, beta : 0.25, stochasticity : 1, gamma : 0.3, noise : uniform, 
Running with estimator : kme_dml, regularization : True, sample_splits : 1, reg_lambda : 0.001, reg_lambda_tilde : 0.001, kernel : gauss, density : gaussian, bandwidth : 0.3, bandwidth_mode : heuristic, epsilon : 0.0, normalized : True, random_seed : 2, 
bias_direct: 0.16524549490902343
rmse_direct: 0.19466675274733955
bias_indirect: 0.026855113293792955
rmse_indirect: 0.03062609762321653
bias_total: 0.1776171221134858
rmse_total: 0.20543090303063535
bias_mr: 0.12216626001999309
rmse_mr: 0.1479704343441933
coverage: 0.6206896551724138
