Experiment: expname : bandwidth_experiment, data : uniform, n_samples : 5000, mediator_dimension : 1, covariate_dimension : 1, alpha : 0.5, beta : 0.25, stochasticity : 1, gamma : 0.3, noise : uniform, 
Running with estimator : kme_dml, regularization : True, sample_splits : 1, reg_lambda : 0.001, reg_lambda_tilde : 0.001, kernel : gauss, density : gaussian, bandwidth : 0.3, bandwidth_mode : heuristic, epsilon : 0.0, normalized : True, random_seed : 44, 
bias_direct: 0.06277248899126632
rmse_direct: 0.06929085053738136
bias_indirect: 0.01608956320993649
rmse_indirect: 0.02111309043355434
bias_total: 0.04745497678997808
rmse_total: 0.05767708290068836
bias_mr: 0.059425294204543955
rmse_mr: 0.06663401817871764
coverage: 0.8620689655172413
