Experiment: expname : huber_experiment, data : uniform, n_samples : 5000, mediator_dimension : 1, covariate_dimension : 1, alpha : 0.5, beta : 0.25, stochasticity : 1, gamma : 0.3, noise : uniform, 
Running with estimator : kme_dml, regularization : True, sample_splits : 1, reg_lambda : 0.001, reg_lambda_tilde : 0.001, kernel : gauss, density : gaussian, bandwidth : 0.3, bandwidth_mode : amse, epsilon : 0.5, normalized : True, random_seed : 33, 
bias_direct: 0.06840095649021131
rmse_direct: 0.07970113249588368
bias_indirect: 0.021931750061749484
rmse_indirect: 0.02600276614021951
bias_total: 0.07455945275367455
rmse_total: 0.08725066377669584
bias_mr: 0.07049273674912523
rmse_mr: 0.08377105799096075
coverage: 0.896551724137931
