Experiment: expname : bandwidth_experiment, data : uniform, n_samples : 1000, mediator_dimension : 1, covariate_dimension : 1, alpha : 0.5, beta : 0.25, stochasticity : 1, gamma : 0.3, noise : uniform, 
Running with estimator : kme_dml, regularization : True, sample_splits : 1, reg_lambda : 0.001, reg_lambda_tilde : 0.001, kernel : gauss, density : gaussian, bandwidth : 0.3, bandwidth_mode : amse, epsilon : 0.5, normalized : True, random_seed : 13, 
bias_direct: 0.13116392730484844
rmse_direct: 0.16784013271008916
bias_indirect: 0.03809735320506044
rmse_indirect: 0.042017066288589186
bias_total: 0.1233240828931495
rmse_total: 0.15880757611351415
bias_mr: 0.12989364216993
rmse_mr: 0.16538888039640207
coverage: 0.9310344827586207
