Experiment: expname : bandwidth_experiment, data : uniform, n_samples : 1000, mediator_dimension : 1, covariate_dimension : 1, alpha : 0.5, beta : 0.25, stochasticity : 1, gamma : 0.3, noise : uniform, 
Running with estimator : kme_dml, regularization : True, sample_splits : 1, reg_lambda : 0.001, reg_lambda_tilde : 0.001, kernel : gauss, density : gaussian, bandwidth : 0.3, bandwidth_mode : amse, epsilon : 0.5, normalized : True, random_seed : 98, 
bias_direct: 0.12404729205079525
rmse_direct: 0.15046006258913372
bias_indirect: 0.01968296048959798
rmse_indirect: 0.026371679900383405
bias_total: 0.13995894539208165
rmse_total: 0.16773468752337642
bias_mr: 0.11172082563059269
rmse_mr: 0.14600300399483507
coverage: 0.9310344827586207
