Experiment: expname : bandwidth_experiment, data : uniform, n_samples : 500, mediator_dimension : 1, covariate_dimension : 1, alpha : 0.5, beta : 0.25, stochasticity : 1, gamma : 0.3, noise : uniform, 
Running with estimator : kme_dml, regularization : True, sample_splits : 1, reg_lambda : 0.001, reg_lambda_tilde : 0.001, kernel : gauss, density : gaussian, bandwidth : 0.3, bandwidth_mode : heuristic, epsilon : 0.0, normalized : True, random_seed : 17, 
bias_direct: 0.07110705642215857
rmse_direct: 0.08845037839350522
bias_indirect: 0.012085752669251878
rmse_indirect: 0.018394966521735598
bias_total: 0.06758771644640035
rmse_total: 0.08598478679123454
bias_mr: 0.07531321286446681
rmse_mr: 0.09656307619687449
coverage: 0.9655172413793104
