Experiment: expname : bandwidth_experiment, data : uniform, n_samples : 5000, mediator_dimension : 1, covariate_dimension : 1, alpha : 0.5, beta : 0.25, stochasticity : 1, gamma : 0.3, noise : uniform, 
Running with estimator : kme_dml, regularization : True, sample_splits : 1, reg_lambda : 0.001, reg_lambda_tilde : 0.001, kernel : gauss, density : gaussian, bandwidth : 0.3, bandwidth_mode : heuristic, epsilon : 0.0, normalized : True, random_seed : 6, 
bias_direct: 0.04944050183870248
rmse_direct: 0.06447584527238101
bias_indirect: 0.0072763700887349195
rmse_indirect: 0.012174616814085654
bias_total: 0.0540474105999351
rmse_total: 0.07110784745401863
bias_mr: 0.06615786744011198
rmse_mr: 0.07811819572046286
coverage: 0.5517241379310345
