Experiment: expname : huber_experiment, data : uniform, n_samples : 500, mediator_dimension : 1, covariate_dimension : 1, alpha : 0.5, beta : 0.25, stochasticity : 1, gamma : 0.3, noise : uniform, 
Running with estimator : kme_dml, regularization : True, sample_splits : 1, reg_lambda : 0.001, reg_lambda_tilde : 0.001, kernel : gauss, density : gaussian, bandwidth : 0.3, bandwidth_mode : amse, epsilon : 0.5, normalized : True, random_seed : 24, 
bias_direct: 0.11263383051676033
rmse_direct: 0.1369528097902938
bias_indirect: 0.05283930723145194
rmse_indirect: 0.06755110218465507
bias_total: 0.08962418913059003
rmse_total: 0.1254527817943066
bias_mr: 0.14912406077247622
rmse_mr: 0.19090915740472914
coverage: 0.9310344827586207
