Experiment: expname : bandwidth_experiment, data : uniform, n_samples : 1000, mediator_dimension : 1, covariate_dimension : 1, alpha : 0.5, beta : 0.25, stochasticity : 1, gamma : 0.3, noise : uniform, 
Running with estimator : kme_dml, regularization : True, sample_splits : 1, reg_lambda : 0.001, reg_lambda_tilde : 0.001, kernel : gauss, density : gaussian, bandwidth : 0.3, bandwidth_mode : amse, epsilon : 0.5, normalized : True, random_seed : 77, 
bias_direct: 0.1103272714284818
rmse_direct: 0.13637407616568192
bias_indirect: 0.03669180944051454
rmse_indirect: 0.04375779486727528
bias_total: 0.10199409489704951
rmse_total: 0.12543501828307543
bias_mr: 0.11690053963260176
rmse_mr: 0.140406465257222
coverage: 0.8620689655172413
