Experiment: expname : huber_experiment, data : uniform, n_samples : 5000, mediator_dimension : 1, covariate_dimension : 1, alpha : 0.5, beta : 0.25, stochasticity : 1, gamma : 0.3, noise : uniform, 
Running with estimator : kme_dml, regularization : True, sample_splits : 1, reg_lambda : 0.001, reg_lambda_tilde : 0.001, kernel : gauss, density : gaussian, bandwidth : 0.3, bandwidth_mode : amse, epsilon : 0.5, normalized : True, random_seed : 43, 
bias_direct: 0.0585416388966472
rmse_direct: 0.07027889943749888
bias_indirect: 0.009235016964851253
rmse_indirect: 0.011799542453214235
bias_total: 0.05523062180165046
rmse_total: 0.06895314780946257
bias_mr: 0.07015514460258448
rmse_mr: 0.08396518351765676
coverage: 0.8275862068965517
