Experiment: expname : huber_experiment, data : uniform, n_samples : 1000, mediator_dimension : 1, covariate_dimension : 1, alpha : 0.5, beta : 0.25, stochasticity : 1, gamma : 0.3, noise : uniform, 
Running with estimator : kme_dml, regularization : True, sample_splits : 1, reg_lambda : 0.001, reg_lambda_tilde : 0.001, kernel : gauss, density : gaussian, bandwidth : 0.3, bandwidth_mode : amse, epsilon : 0.5, normalized : True, random_seed : 78, 
bias_direct: 0.10585767448205069
rmse_direct: 0.12689345120615964
bias_indirect: 0.04603574616702508
rmse_indirect: 0.06317011911571863
bias_total: 0.09137186180793985
rmse_total: 0.11334274549207082
bias_mr: 0.0994929208292383
rmse_mr: 0.1147081918318877
coverage: 0.9655172413793104
