Experiment: expname : huber_experiment, data : uniform, n_samples : 1000, mediator_dimension : 1, covariate_dimension : 1, alpha : 0.5, beta : 0.25, stochasticity : 1, gamma : 0.3, noise : uniform, 
Running with estimator : kme_dml, regularization : True, sample_splits : 1, reg_lambda : 0.001, reg_lambda_tilde : 0.001, kernel : gauss, density : gaussian, bandwidth : 0.3, bandwidth_mode : amse, epsilon : 0.5, normalized : True, random_seed : 17, 
bias_direct: 0.10305158176000445
rmse_direct: 0.1256506576015749
bias_indirect: 0.03679812773735015
rmse_indirect: 0.04697467099516968
bias_total: 0.09482095195043176
rmse_total: 0.11306255593098634
bias_mr: 0.12381929130341632
rmse_mr: 0.14780883579025814
coverage: 0.896551724137931
