Experiment: expname : bandwidth_experiment, data : uniform, n_samples : 500, mediator_dimension : 1, covariate_dimension : 1, alpha : 0.5, beta : 0.25, stochasticity : 1, gamma : 0.3, noise : uniform, 
Running with estimator : kme_dml, regularization : True, sample_splits : 1, reg_lambda : 0.001, reg_lambda_tilde : 0.001, kernel : gauss, density : gaussian, bandwidth : 0.3, bandwidth_mode : amse, epsilon : 0.5, normalized : True, random_seed : 97, 
bias_direct: 0.08133794572709353
rmse_direct: 0.09853086444285286
bias_indirect: 0.02921491605308265
rmse_indirect: 0.0416606193423434
bias_total: 0.08747975024953857
rmse_total: 0.10869378279567814
bias_mr: 0.09544682986807371
rmse_mr: 0.14874184586371822
coverage: 0.9655172413793104
