Experiment: expname : huber_experiment, data : uniform, n_samples : 500, mediator_dimension : 1, covariate_dimension : 1, alpha : 0.5, beta : 0.25, stochasticity : 1, gamma : 0.3, noise : uniform, 
Running with estimator : kme_dml, regularization : True, sample_splits : 1, reg_lambda : 0.001, reg_lambda_tilde : 0.001, kernel : gauss, density : gaussian, bandwidth : 0.3, bandwidth_mode : amse, epsilon : 0.5, normalized : True, random_seed : 22, 
bias_direct: 0.19770846533510494
rmse_direct: 0.2637246895024248
bias_indirect: 0.052196665541704615
rmse_indirect: 0.06548512373353449
bias_total: 0.20707930273156475
rmse_total: 0.2761753332313319
bias_mr: 0.17645216786047263
rmse_mr: 0.2173296757116029
coverage: 0.8620689655172413
