Experiment: expname : bandwidth_experiment, data : uniform, n_samples : 1000, mediator_dimension : 1, covariate_dimension : 1, alpha : 0.5, beta : 0.25, stochasticity : 1, gamma : 0.3, noise : uniform, 
Running with estimator : kme_dml, regularization : True, sample_splits : 1, reg_lambda : 0.001, reg_lambda_tilde : 0.001, kernel : gauss, density : gaussian, bandwidth : 0.3, bandwidth_mode : heuristic, epsilon : 0.0, normalized : True, random_seed : 57, 
bias_direct: 0.051361963432723166
rmse_direct: 0.05908430621833491
bias_indirect: 0.026468653320126923
rmse_indirect: 0.03443912542471683
bias_total: 0.06192877196716255
rmse_total: 0.07431516441952273
bias_mr: 0.052497352852000294
rmse_mr: 0.06445753530606153
coverage: 1.0
