Experiment: expname : huber_experiment, data : uniform, n_samples : 500, mediator_dimension : 1, covariate_dimension : 1, alpha : 0.5, beta : 0.25, stochasticity : 1, gamma : 0.3, noise : uniform, 
Running with estimator : kme_dml, regularization : True, sample_splits : 1, reg_lambda : 0.001, reg_lambda_tilde : 0.001, kernel : gauss, density : gaussian, bandwidth : 0.3, bandwidth_mode : amse, epsilon : 0.5, normalized : True, random_seed : 12, 
bias_direct: 0.09887260825234516
rmse_direct: 0.125395510630732
bias_indirect: 0.049238994302480986
rmse_indirect: 0.05777226704299376
bias_total: 0.08507362029376991
rmse_total: 0.10710393677478783
bias_mr: 0.1859197579335578
rmse_mr: 0.2094013543603638
coverage: 0.9310344827586207
