Experiment: expname : bandwidth_experiment, data : uniform, n_samples : 5000, mediator_dimension : 1, covariate_dimension : 1, alpha : 0.5, beta : 0.25, stochasticity : 1, gamma : 0.3, noise : uniform, 
Running with estimator : kme_dml, regularization : True, sample_splits : 1, reg_lambda : 0.001, reg_lambda_tilde : 0.001, kernel : gauss, density : gaussian, bandwidth : 0.3, bandwidth_mode : heuristic, epsilon : 0.0, normalized : True, random_seed : 91, 
bias_direct: 0.058576252201992036
rmse_direct: 0.06965959477454688
bias_indirect: 0.014890513178875204
rmse_indirect: 0.018765359235331142
bias_total: 0.0483722338671792
rmse_total: 0.05984835792955998
bias_mr: 0.07439823855795945
rmse_mr: 0.0844503912711863
coverage: 0.6551724137931034
