Experiment: expname : huber_experiment, data : uniform, n_samples : 5000, mediator_dimension : 1, covariate_dimension : 1, alpha : 0.5, beta : 0.25, stochasticity : 1, gamma : 0.3, noise : uniform, 
Running with estimator : kme_dml, regularization : True, sample_splits : 1, reg_lambda : 0.001, reg_lambda_tilde : 0.001, kernel : gauss, density : gaussian, bandwidth : 0.3, bandwidth_mode : amse, epsilon : 0.5, normalized : True, random_seed : 49, 
bias_direct: 0.08723376160051761
rmse_direct: 0.0983409169681589
bias_indirect: 0.02215647491761629
rmse_indirect: 0.026227221974434424
bias_total: 0.10537896398490781
rmse_total: 0.11909000075517814
bias_mr: 0.06752569675339891
rmse_mr: 0.0865753781770113
coverage: 0.8620689655172413
