Experiment: expname : bandwidth_experiment, data : uniform, n_samples : 1000, mediator_dimension : 1, covariate_dimension : 1, alpha : 0.5, beta : 0.25, stochasticity : 1, gamma : 0.3, noise : uniform, 
Running with estimator : kme_dml, regularization : True, sample_splits : 1, reg_lambda : 0.001, reg_lambda_tilde : 0.001, kernel : gauss, density : gaussian, bandwidth : 0.3, bandwidth_mode : heuristic, epsilon : 0.0, normalized : True, random_seed : 50, 
bias_direct: 0.12396774208223979
rmse_direct: 0.15731477293107188
bias_indirect: 0.0173512334894495
rmse_indirect: 0.02051640914368113
bias_total: 0.11099018711335126
rmse_total: 0.1494388684769842
bias_mr: 0.13238566375731659
rmse_mr: 0.16498090113436942
coverage: 0.7241379310344828
