Experiment: expname : huber_experiment, data : uniform, n_samples : 1000, mediator_dimension : 1, covariate_dimension : 1, alpha : 0.5, beta : 0.25, stochasticity : 1, gamma : 0.3, noise : uniform, 
Running with estimator : kme_dml, regularization : True, sample_splits : 1, reg_lambda : 0.001, reg_lambda_tilde : 0.001, kernel : gauss, density : gaussian, bandwidth : 0.3, bandwidth_mode : amse, epsilon : 0.5, normalized : True, random_seed : 69, 
bias_direct: 0.10226097495051703
rmse_direct: 0.1400801692455472
bias_indirect: 0.0158785656752553
rmse_indirect: 0.02133256443990273
bias_total: 0.09351267618800804
rmse_total: 0.13221240568638687
bias_mr: 0.09326359973674556
rmse_mr: 0.1368918373854982
coverage: 1.0
