Experiment: expname : bandwidth_experiment, data : uniform, n_samples : 5000, mediator_dimension : 1, covariate_dimension : 1, alpha : 0.5, beta : 0.25, stochasticity : 1, gamma : 0.3, noise : uniform, 
Running with estimator : kme_dml, regularization : True, sample_splits : 1, reg_lambda : 0.001, reg_lambda_tilde : 0.001, kernel : gauss, density : gaussian, bandwidth : 0.3, bandwidth_mode : amse, epsilon : 0.5, normalized : True, random_seed : 50, 
bias_direct: 0.07468483309549687
rmse_direct: 0.09098249293323203
bias_indirect: 0.017134330463121968
rmse_indirect: 0.020008630082495496
bias_total: 0.08181912627543106
rmse_total: 0.09698553317621737
bias_mr: 0.05750550930512525
rmse_mr: 0.07661836689301871
coverage: 0.896551724137931
