Experiment: expname : huber_experiment, data : uniform, n_samples : 5000, mediator_dimension : 1, covariate_dimension : 1, alpha : 0.5, beta : 0.25, stochasticity : 1, gamma : 0.3, noise : uniform, 
Running with estimator : kme_dml, regularization : True, sample_splits : 1, reg_lambda : 0.001, reg_lambda_tilde : 0.001, kernel : gauss, density : gaussian, bandwidth : 0.3, bandwidth_mode : amse, epsilon : 0.5, normalized : True, random_seed : 77, 
bias_direct: 0.06899396035954844
rmse_direct: 0.08489972859230385
bias_indirect: 0.023340814721931214
rmse_indirect: 0.030335893514177214
bias_total: 0.061186067676874005
rmse_total: 0.08529549616520955
bias_mr: 0.04548890117881347
rmse_mr: 0.05976181460274091
coverage: 0.9655172413793104
