Experiment: expname : huber_experiment, data : uniform, n_samples : 1000, mediator_dimension : 1, covariate_dimension : 1, alpha : 0.5, beta : 0.25, stochasticity : 1, gamma : 0.3, noise : uniform, 
Running with estimator : kme_dml, regularization : True, sample_splits : 1, reg_lambda : 0.001, reg_lambda_tilde : 0.001, kernel : gauss, density : gaussian, bandwidth : 0.3, bandwidth_mode : amse, epsilon : 0.5, normalized : True, random_seed : 45, 
bias_direct: 0.07662402649403209
rmse_direct: 0.0967530352725472
bias_indirect: 0.038800038998000025
rmse_indirect: 0.04601102313535752
bias_total: 0.09641389724016768
rmse_total: 0.11793082310787077
bias_mr: 0.09443322004789921
rmse_mr: 0.12176742855855943
coverage: 0.9310344827586207
