Experiment: expname : huber_experiment, data : uniform, n_samples : 500, mediator_dimension : 1, covariate_dimension : 1, alpha : 0.5, beta : 0.25, stochasticity : 1, gamma : 0.3, noise : uniform, 
Running with estimator : kme_dml, regularization : True, sample_splits : 1, reg_lambda : 0.001, reg_lambda_tilde : 0.001, kernel : gauss, density : gaussian, bandwidth : 0.3, bandwidth_mode : amse, epsilon : 0.5, normalized : True, random_seed : 73, 
bias_direct: 0.15033079042532893
rmse_direct: 0.1884293792869015
bias_indirect: 0.04141036723196007
rmse_indirect: 0.049526711035461156
bias_total: 0.17515618183319534
rmse_total: 0.2087575643368641
bias_mr: 0.08799609798022542
rmse_mr: 0.1101370268532362
coverage: 0.9310344827586207
