Experiment: expname : bandwidth_experiment, data : uniform, n_samples : 1000, mediator_dimension : 1, covariate_dimension : 1, alpha : 0.5, beta : 0.25, stochasticity : 1, gamma : 0.3, noise : uniform, 
Running with estimator : kme_dml, regularization : True, sample_splits : 1, reg_lambda : 0.001, reg_lambda_tilde : 0.001, kernel : gauss, density : gaussian, bandwidth : 0.3, bandwidth_mode : amse, epsilon : 0.5, normalized : True, random_seed : 8, 
bias_direct: 0.10034093830568352
rmse_direct: 0.1364411694425744
bias_indirect: 0.020731425974325438
rmse_indirect: 0.029730468782116954
bias_total: 0.09140745860012332
rmse_total: 0.12280913082017758
bias_mr: 0.10226152938879601
rmse_mr: 0.1488380642057113
coverage: 0.9310344827586207
