Experiment: expname : bandwidth_experiment, data : uniform, n_samples : 1000, mediator_dimension : 1, covariate_dimension : 1, alpha : 0.5, beta : 0.25, stochasticity : 1, gamma : 0.3, noise : uniform, 
Running with estimator : kme_dml, regularization : True, sample_splits : 1, reg_lambda : 0.001, reg_lambda_tilde : 0.001, kernel : gauss, density : gaussian, bandwidth : 0.3, bandwidth_mode : heuristic, epsilon : 0.0, normalized : True, random_seed : 44, 
bias_direct: 0.10899414991759467
rmse_direct: 0.12022905551937418
bias_indirect: 0.0223073607526656
rmse_indirect: 0.02907698165952626
bias_total: 0.09330090052684675
rmse_total: 0.11168748209193793
bias_mr: 0.09083749491260121
rmse_mr: 0.09715273039120333
coverage: 1.0
