Experiment: expname : huber_experiment, data : uniform, n_samples : 1000, mediator_dimension : 1, covariate_dimension : 1, alpha : 0.5, beta : 0.25, stochasticity : 1, gamma : 0.3, noise : uniform, 
Running with estimator : kme_dml, regularization : True, sample_splits : 1, reg_lambda : 0.001, reg_lambda_tilde : 0.001, kernel : gauss, density : gaussian, bandwidth : 0.3, bandwidth_mode : amse, epsilon : 0.5, normalized : True, random_seed : 59, 
bias_direct: 0.10958861446080687
rmse_direct: 0.1603104319621514
bias_indirect: 0.03112380955721071
rmse_indirect: 0.03640108408556671
bias_total: 0.10034818681502265
rmse_total: 0.16639324859312266
bias_mr: 0.08559038790660053
rmse_mr: 0.10219517835911453
coverage: 1.0
