Experiment: expname : huber_experiment, data : uniform, n_samples : 500, mediator_dimension : 1, covariate_dimension : 1, alpha : 0.5, beta : 0.25, stochasticity : 1, gamma : 0.3, noise : uniform, 
Running with estimator : kme_dml, regularization : True, sample_splits : 1, reg_lambda : 0.001, reg_lambda_tilde : 0.001, kernel : gauss, density : gaussian, bandwidth : 0.3, bandwidth_mode : amse, epsilon : 0.5, normalized : True, random_seed : 86, 
bias_direct: 0.09366101305486506
rmse_direct: 0.12033689110472098
bias_indirect: 0.03669976394579559
rmse_indirect: 0.047890555583262016
bias_total: 0.08662592303437634
rmse_total: 0.12041528338206922
bias_mr: 0.134701814751736
rmse_mr: 0.15949647492027888
coverage: 1.0
