Experiment: expname : bandwidth_experiment, data : uniform, n_samples : 500, mediator_dimension : 1, covariate_dimension : 1, alpha : 0.5, beta : 0.25, stochasticity : 1, gamma : 0.3, noise : uniform, 
Running with estimator : kme_dml, regularization : True, sample_splits : 1, reg_lambda : 0.001, reg_lambda_tilde : 0.001, kernel : gauss, density : gaussian, bandwidth : 0.3, bandwidth_mode : amse, epsilon : 0.5, normalized : True, random_seed : 19, 
bias_direct: 0.25687764942641017
rmse_direct: 0.3043996298254378
bias_indirect: 0.05604306475172007
rmse_indirect: 0.06368525174965321
bias_total: 0.23136678354497114
rmse_total: 0.2766264226317232
bias_mr: 0.13601443282569314
rmse_mr: 0.16263241516661903
coverage: 1.0
