Experiment: expname : huber_experiment, data : uniform, n_samples : 5000, mediator_dimension : 1, covariate_dimension : 1, alpha : 0.5, beta : 0.25, stochasticity : 1, gamma : 0.3, noise : uniform, 
Running with estimator : kme_dml, regularization : True, sample_splits : 1, reg_lambda : 0.001, reg_lambda_tilde : 0.001, kernel : gauss, density : gaussian, bandwidth : 0.3, bandwidth_mode : amse, epsilon : 0.5, normalized : True, random_seed : 84, 
bias_direct: 0.06742332452345491
rmse_direct: 0.10032421207876631
bias_indirect: 0.01944198000074098
rmse_indirect: 0.02240034442873493
bias_total: 0.07154686827956629
rmse_total: 0.10723742521252025
bias_mr: 0.08931508585744083
rmse_mr: 0.10890989594886118
coverage: 0.8620689655172413
