Experiment: expname : huber_experiment, data : uniform, n_samples : 5000, mediator_dimension : 1, covariate_dimension : 1, alpha : 0.5, beta : 0.25, stochasticity : 1, gamma : 0.3, noise : uniform, 
Running with estimator : kme_dml, regularization : True, sample_splits : 1, reg_lambda : 0.001, reg_lambda_tilde : 0.001, kernel : gauss, density : gaussian, bandwidth : 0.3, bandwidth_mode : amse, epsilon : 0.5, normalized : True, random_seed : 4, 
bias_direct: 0.08150853954963004
rmse_direct: 0.10145594744961979
bias_indirect: 0.026318481676571335
rmse_indirect: 0.030809384766760362
bias_total: 0.09681265682854863
rmse_total: 0.11887647095214887
bias_mr: 0.08203947407029027
rmse_mr: 0.10070394624246946
coverage: 0.8620689655172413
