Experiment: expname : bandwidth_experiment, data : uniform, n_samples : 5000, mediator_dimension : 1, covariate_dimension : 1, alpha : 0.5, beta : 0.25, stochasticity : 1, gamma : 0.3, noise : uniform, 
Running with estimator : kme_dml, regularization : True, sample_splits : 1, reg_lambda : 0.001, reg_lambda_tilde : 0.001, kernel : gauss, density : gaussian, bandwidth : 0.3, bandwidth_mode : amse, epsilon : 0.5, normalized : True, random_seed : 52, 
bias_direct: 0.07347146207559942
rmse_direct: 0.09757624414314811
bias_indirect: 0.026733851931785277
rmse_indirect: 0.030395441515254553
bias_total: 0.06523980648980052
rmse_total: 0.08495311824408314
bias_mr: 0.045846096914590684
rmse_mr: 0.06269221440086557
coverage: 0.896551724137931
