Experiment: expname : bandwidth_experiment, data : uniform, n_samples : 1000, mediator_dimension : 1, covariate_dimension : 1, alpha : 0.5, beta : 0.25, stochasticity : 1, gamma : 0.3, noise : uniform, 
Running with estimator : kme_dml, regularization : True, sample_splits : 1, reg_lambda : 0.001, reg_lambda_tilde : 0.001, kernel : gauss, density : gaussian, bandwidth : 0.3, bandwidth_mode : heuristic, epsilon : 0.0, normalized : True, random_seed : 76, 
bias_direct: 0.05566442958354177
rmse_direct: 0.06684990931495091
bias_indirect: 0.017954529539760993
rmse_indirect: 0.02583558640487446
bias_total: 0.04608264524930292
rmse_total: 0.05337800845789245
bias_mr: 0.08576729426715943
rmse_mr: 0.0952008850153187
coverage: 0.8620689655172413
