Experiment: expname : bandwidth_experiment, data : uniform, n_samples : 500, mediator_dimension : 1, covariate_dimension : 1, alpha : 0.5, beta : 0.25, stochasticity : 1, gamma : 0.3, noise : uniform, 
Running with estimator : kme_dml, regularization : True, sample_splits : 1, reg_lambda : 0.001, reg_lambda_tilde : 0.001, kernel : gauss, density : gaussian, bandwidth : 0.3, bandwidth_mode : amse, epsilon : 0.5, normalized : True, random_seed : 88, 
bias_direct: 0.1893445888333934
rmse_direct: 0.2633066149703336
bias_indirect: 0.044884074699460014
rmse_indirect: 0.05354641553098275
bias_total: 0.21310440045531176
rmse_total: 0.2751487848320565
bias_mr: 0.17328030156525157
rmse_mr: 0.2367565984982952
coverage: 0.8275862068965517
