Experiment: expname : huber_experiment, data : uniform, n_samples : 5000, mediator_dimension : 1, covariate_dimension : 1, alpha : 0.5, beta : 0.25, stochasticity : 1, gamma : 0.3, noise : uniform, 
Running with estimator : kme_dml, regularization : True, sample_splits : 1, reg_lambda : 0.001, reg_lambda_tilde : 0.001, kernel : gauss, density : gaussian, bandwidth : 0.3, bandwidth_mode : amse, epsilon : 0.5, normalized : True, random_seed : 37, 
bias_direct: 0.04879203755224003
rmse_direct: 0.06416357610853558
bias_indirect: 0.015193407201593288
rmse_indirect: 0.018057126505617575
bias_total: 0.045780993115859925
rmse_total: 0.0633817388466853
bias_mr: 0.050042870710486735
rmse_mr: 0.06476345478669261
coverage: 0.9655172413793104
