Experiment: expname : huber_experiment, data : uniform, n_samples : 500, mediator_dimension : 1, covariate_dimension : 1, alpha : 0.5, beta : 0.25, stochasticity : 1, gamma : 0.3, noise : uniform, 
Running with estimator : kme_dml, regularization : True, sample_splits : 1, reg_lambda : 0.001, reg_lambda_tilde : 0.001, kernel : gauss, density : gaussian, bandwidth : 0.3, bandwidth_mode : amse, epsilon : 0.5, normalized : True, random_seed : 64, 
bias_direct: 0.21690746743473682
rmse_direct: 0.2563854982315027
bias_indirect: 0.06552094244696771
rmse_indirect: 0.08170316622973621
bias_total: 0.1729751840643112
rmse_total: 0.21060182080582562
bias_mr: 0.17942411115721238
rmse_mr: 0.21732201608797014
coverage: 0.8620689655172413
