Experiment: expname : bandwidth_experiment, data : uniform, n_samples : 500, mediator_dimension : 1, covariate_dimension : 1, alpha : 0.5, beta : 0.25, stochasticity : 1, gamma : 0.3, noise : uniform, 
Running with estimator : kme_dml, regularization : True, sample_splits : 1, reg_lambda : 0.001, reg_lambda_tilde : 0.001, kernel : gauss, density : gaussian, bandwidth : 0.3, bandwidth_mode : amse, epsilon : 0.5, normalized : True, random_seed : 38, 
bias_direct: 0.14933738751479453
rmse_direct: 0.19625802802466585
bias_indirect: 0.07254413313066904
rmse_indirect: 0.08835816860499526
bias_total: 0.192571337551468
rmse_total: 0.24458874647688386
bias_mr: 0.14586218402983037
rmse_mr: 0.17332961734974933
coverage: 1.0
