Experiment: expname : huber_experiment, data : uniform, n_samples : 500, mediator_dimension : 1, covariate_dimension : 1, alpha : 0.5, beta : 0.25, stochasticity : 1, gamma : 0.3, noise : uniform, 
Running with estimator : kme_dml, regularization : True, sample_splits : 1, reg_lambda : 0.001, reg_lambda_tilde : 0.001, kernel : gauss, density : gaussian, bandwidth : 0.3, bandwidth_mode : amse, epsilon : 0.5, normalized : True, random_seed : 63, 
bias_direct: 0.07680147837665881
rmse_direct: 0.10155851482684712
bias_indirect: 0.04315627094001719
rmse_indirect: 0.049370126048078444
bias_total: 0.076841640966579
rmse_total: 0.10195805255702078
bias_mr: 0.11896302779424259
rmse_mr: 0.14251136461959762
coverage: 1.0
