Experiment: expname : bandwidth_experiment, data : uniform, n_samples : 5000, mediator_dimension : 1, covariate_dimension : 1, alpha : 0.5, beta : 0.25, stochasticity : 1, gamma : 0.3, noise : uniform, 
Running with estimator : kme_dml, regularization : True, sample_splits : 1, reg_lambda : 0.001, reg_lambda_tilde : 0.001, kernel : gauss, density : gaussian, bandwidth : 0.3, bandwidth_mode : amse, epsilon : 0.5, normalized : True, random_seed : 96, 
bias_direct: 0.05992654607721189
rmse_direct: 0.07133211959229853
bias_indirect: 0.017085402683772836
rmse_indirect: 0.02258981724390662
bias_total: 0.047956415680247985
rmse_total: 0.05959292171331109
bias_mr: 0.059021618455344836
rmse_mr: 0.0693521794740387
coverage: 0.9655172413793104
