Experiment: expname : bandwidth_experiment, data : uniform, n_samples : 1000, mediator_dimension : 1, covariate_dimension : 1, alpha : 0.5, beta : 0.25, stochasticity : 1, gamma : 0.3, noise : uniform, 
Running with estimator : kme_dml, regularization : True, sample_splits : 1, reg_lambda : 0.001, reg_lambda_tilde : 0.001, kernel : gauss, density : gaussian, bandwidth : 0.3, bandwidth_mode : amse, epsilon : 0.5, normalized : True, random_seed : 40, 
bias_direct: 0.12382975730823614
rmse_direct: 0.13949410592715897
bias_indirect: 0.021120107724431562
rmse_indirect: 0.026713029210103094
bias_total: 0.1334631664436237
rmse_total: 0.15226940099047667
bias_mr: 0.14412778795477657
rmse_mr: 0.17548372611050198
coverage: 0.896551724137931
