Experiment: expname : huber_experiment, data : uniform, n_samples : 1000, mediator_dimension : 1, covariate_dimension : 1, alpha : 0.5, beta : 0.25, stochasticity : 1, gamma : 0.3, noise : uniform, 
Running with estimator : kme_dml, regularization : True, sample_splits : 1, reg_lambda : 0.001, reg_lambda_tilde : 0.001, kernel : gauss, density : gaussian, bandwidth : 0.3, bandwidth_mode : amse, epsilon : 0.5, normalized : True, random_seed : 28, 
bias_direct: 0.09160479156560263
rmse_direct: 0.11945855623651247
bias_indirect: 0.04266136542432906
rmse_indirect: 0.048887255814002946
bias_total: 0.09286254334116432
rmse_total: 0.12321197564033916
bias_mr: 0.06717503579930141
rmse_mr: 0.08251668372039707
coverage: 0.9655172413793104
