Experiment: expname : huber_experiment, data : uniform, n_samples : 5000, mediator_dimension : 1, covariate_dimension : 1, alpha : 0.5, beta : 0.25, stochasticity : 1, gamma : 0.3, noise : uniform, 
Running with estimator : kme_dml, regularization : True, sample_splits : 1, reg_lambda : 0.001, reg_lambda_tilde : 0.001, kernel : gauss, density : gaussian, bandwidth : 0.3, bandwidth_mode : amse, epsilon : 0.5, normalized : True, random_seed : 86, 
bias_direct: 0.08227534454777836
rmse_direct: 0.10382813561977683
bias_indirect: 0.026774616318974827
rmse_indirect: 0.030778459452965694
bias_total: 0.0691481704123848
rmse_total: 0.09476090868152959
bias_mr: 0.07580864515256253
rmse_mr: 0.09623758024819568
coverage: 0.8275862068965517
