Experiment: expname : bandwidth_experiment, data : uniform, n_samples : 500, mediator_dimension : 1, covariate_dimension : 1, alpha : 0.5, beta : 0.25, stochasticity : 1, gamma : 0.3, noise : uniform, 
Running with estimator : kme_dml, regularization : True, sample_splits : 1, reg_lambda : 0.001, reg_lambda_tilde : 0.001, kernel : gauss, density : gaussian, bandwidth : 0.3, bandwidth_mode : amse, epsilon : 0.5, normalized : True, random_seed : 81, 
bias_direct: 0.06064542849864462
rmse_direct: 0.07514821790617925
bias_indirect: 0.09172271765080159
rmse_indirect: 0.11294812433420073
bias_total: 0.13288849899610677
rmse_total: 0.17170873596905262
bias_mr: 0.11212427772518083
rmse_mr: 0.1468210227075873
coverage: 0.9655172413793104
