Experiment: expname : huber_experiment, data : uniform, n_samples : 500, mediator_dimension : 1, covariate_dimension : 1, alpha : 0.5, beta : 0.25, stochasticity : 1, gamma : 0.3, noise : uniform, 
Running with estimator : kme_dml, regularization : True, sample_splits : 1, reg_lambda : 0.001, reg_lambda_tilde : 0.001, kernel : gauss, density : gaussian, bandwidth : 0.3, bandwidth_mode : amse, epsilon : 0.5, normalized : True, random_seed : 78, 
bias_direct: 0.2091173901229219
rmse_direct: 0.2762839692936371
bias_indirect: 0.08265291960469226
rmse_indirect: 0.0927212024177905
bias_total: 0.2883640361312346
rmse_total: 0.35795405572672506
bias_mr: 0.15175879016807473
rmse_mr: 0.18222200531342522
coverage: 1.0
