Experiment: expname : huber_experiment, data : uniform, n_samples : 1000, mediator_dimension : 1, covariate_dimension : 1, alpha : 0.5, beta : 0.25, stochasticity : 1, gamma : 0.3, noise : uniform, 
Running with estimator : kme_dml, regularization : True, sample_splits : 1, reg_lambda : 0.001, reg_lambda_tilde : 0.001, kernel : gauss, density : gaussian, bandwidth : 0.3, bandwidth_mode : amse, epsilon : 0.5, normalized : True, random_seed : 41, 
bias_direct: 0.12110226295956222
rmse_direct: 0.14764762383045227
bias_indirect: 0.07813969713047104
rmse_indirect: 0.0897052552359
bias_total: 0.09870602848116351
rmse_total: 0.11524080352374254
bias_mr: 0.1412056252211316
rmse_mr: 0.1857311792910241
coverage: 0.9310344827586207
