Experiment: expname : huber_experiment, data : uniform, n_samples : 1000, mediator_dimension : 1, covariate_dimension : 1, alpha : 0.5, beta : 0.25, stochasticity : 1, gamma : 0.3, noise : uniform, 
Running with estimator : kme_dml, regularization : True, sample_splits : 1, reg_lambda : 0.001, reg_lambda_tilde : 0.001, kernel : gauss, density : gaussian, bandwidth : 0.3, bandwidth_mode : amse, epsilon : 0.5, normalized : True, random_seed : 88, 
bias_direct: 0.1084260426702535
rmse_direct: 0.1243802294818757
bias_indirect: 0.0258929141196626
rmse_indirect: 0.03292603336021403
bias_total: 0.09144916279046045
rmse_total: 0.1109216222508092
bias_mr: 0.12882353977330843
rmse_mr: 0.1455334065829813
coverage: 0.9310344827586207
