Experiment: expname : huber_experiment, data : uniform, n_samples : 500, mediator_dimension : 1, covariate_dimension : 1, alpha : 0.5, beta : 0.25, stochasticity : 1, gamma : 0.3, noise : uniform, 
Running with estimator : kme_dml, regularization : True, sample_splits : 1, reg_lambda : 0.001, reg_lambda_tilde : 0.001, kernel : gauss, density : gaussian, bandwidth : 0.3, bandwidth_mode : amse, epsilon : 0.5, normalized : True, random_seed : 57, 
bias_direct: 0.14222213177874427
rmse_direct: 0.18276215046088712
bias_indirect: 0.032851150171200785
rmse_indirect: 0.045002748763467555
bias_total: 0.14061018653149474
rmse_total: 0.17861125562015215
bias_mr: 0.10348308504556594
rmse_mr: 0.13919927710169133
coverage: 0.9310344827586207
