Experiment: expname : bandwidth_experiment, data : uniform, n_samples : 1000, mediator_dimension : 1, covariate_dimension : 1, alpha : 0.5, beta : 0.25, stochasticity : 1, gamma : 0.3, noise : uniform, 
Running with estimator : kme_dml, regularization : True, sample_splits : 1, reg_lambda : 0.001, reg_lambda_tilde : 0.001, kernel : gauss, density : gaussian, bandwidth : 0.3, bandwidth_mode : amse, epsilon : 0.5, normalized : True, random_seed : 66, 
bias_direct: 0.09929401839344355
rmse_direct: 0.12180519769182263
bias_indirect: 0.05119258604814612
rmse_indirect: 0.06615791843726944
bias_total: 0.11648530616882191
rmse_total: 0.14038251421115527
bias_mr: 0.10065825555412171
rmse_mr: 0.1259149312586731
coverage: 1.0
