Experiment: expname : bandwidth_experiment, data : uniform, n_samples : 500, mediator_dimension : 1, covariate_dimension : 1, alpha : 0.5, beta : 0.25, stochasticity : 1, gamma : 0.3, noise : uniform, 
Running with estimator : kme_dml, regularization : True, sample_splits : 1, reg_lambda : 0.001, reg_lambda_tilde : 0.001, kernel : gauss, density : gaussian, bandwidth : 0.3, bandwidth_mode : amse, epsilon : 0.5, normalized : True, random_seed : 41, 
bias_direct: 0.2171082233879977
rmse_direct: 0.26862346688621147
bias_indirect: 0.0602982892431963
rmse_indirect: 0.07166353869620093
bias_total: 0.24762316658116387
rmse_total: 0.3200608833231165
bias_mr: 0.20477230112505207
rmse_mr: 0.22717299266756844
coverage: 0.8620689655172413
