Experiment: expname : huber_experiment, data : uniform, n_samples : 5000, mediator_dimension : 1, covariate_dimension : 1, alpha : 0.5, beta : 0.25, stochasticity : 1, gamma : 0.3, noise : uniform, 
Running with estimator : kme_dml, regularization : True, sample_splits : 1, reg_lambda : 0.001, reg_lambda_tilde : 0.001, kernel : gauss, density : gaussian, bandwidth : 0.3, bandwidth_mode : amse, epsilon : 0.5, normalized : True, random_seed : 3, 
bias_direct: 0.06252372858201174
rmse_direct: 0.0773277926828785
bias_indirect: 0.013157784662598357
rmse_indirect: 0.016617262055949922
bias_total: 0.056717566840307924
rmse_total: 0.07215502872267363
bias_mr: 0.05267772564972424
rmse_mr: 0.06429342920606165
coverage: 0.8620689655172413
