Experiment: expname : bandwidth_experiment, data : uniform, n_samples : 5000, mediator_dimension : 1, covariate_dimension : 1, alpha : 0.5, beta : 0.25, stochasticity : 1, gamma : 0.3, noise : uniform, 
Running with estimator : kme_dml, regularization : True, sample_splits : 1, reg_lambda : 0.001, reg_lambda_tilde : 0.001, kernel : gauss, density : gaussian, bandwidth : 0.3, bandwidth_mode : amse, epsilon : 0.5, normalized : True, random_seed : 31, 
bias_direct: 0.1093983151578698
rmse_direct: 0.12674884066810713
bias_indirect: 0.021534921234158812
rmse_indirect: 0.026806546316935694
bias_total: 0.09915546664183218
rmse_total: 0.12122171310487632
bias_mr: 0.05803436311183245
rmse_mr: 0.0747551475620909
coverage: 0.9310344827586207
