Experiment: expname : huber_experiment, data : uniform, n_samples : 5000, mediator_dimension : 1, covariate_dimension : 1, alpha : 0.5, beta : 0.25, stochasticity : 1, gamma : 0.3, noise : uniform, 
Running with estimator : kme_dml, regularization : True, sample_splits : 1, reg_lambda : 0.001, reg_lambda_tilde : 0.001, kernel : gauss, density : gaussian, bandwidth : 0.3, bandwidth_mode : amse, epsilon : 0.5, normalized : True, random_seed : 67, 
bias_direct: 0.05812647572049074
rmse_direct: 0.07484634446567129
bias_indirect: 0.03277179675275559
rmse_indirect: 0.0389939707898281
bias_total: 0.07165486374157999
rmse_total: 0.08761471441152963
bias_mr: 0.04795727554921015
rmse_mr: 0.05827654367531739
coverage: 0.9655172413793104
