Experiment: expname : huber_experiment, data : uniform, n_samples : 500, mediator_dimension : 1, covariate_dimension : 1, alpha : 0.5, beta : 0.25, stochasticity : 1, gamma : 0.3, noise : uniform, 
Running with estimator : kme_dml, regularization : True, sample_splits : 1, reg_lambda : 0.001, reg_lambda_tilde : 0.001, kernel : gauss, density : gaussian, bandwidth : 0.3, bandwidth_mode : amse, epsilon : 0.5, normalized : True, random_seed : 5, 
bias_direct: 0.10225696905364676
rmse_direct: 0.12592917864157968
bias_indirect: 0.04837720835892893
rmse_indirect: 0.057055965253060587
bias_total: 0.13661989039787636
rmse_total: 0.16876276747266902
bias_mr: 0.15913097632190026
rmse_mr: 0.18146540265413158
coverage: 1.0
