Experiment: expname : bandwidth_experiment, data : uniform, n_samples : 1000, mediator_dimension : 1, covariate_dimension : 1, alpha : 0.5, beta : 0.25, stochasticity : 1, gamma : 0.3, noise : uniform, 
Running with estimator : kme_dml, regularization : True, sample_splits : 1, reg_lambda : 0.001, reg_lambda_tilde : 0.001, kernel : gauss, density : gaussian, bandwidth : 0.3, bandwidth_mode : amse, epsilon : 0.5, normalized : True, random_seed : 46, 
bias_direct: 0.142397696470068
rmse_direct: 0.18217584763342262
bias_indirect: 0.04849582441683124
rmse_indirect: 0.057365593955842425
bias_total: 0.16345061877637032
rmse_total: 0.1954410893758839
bias_mr: 0.08232669840633824
rmse_mr: 0.09839766325688862
coverage: 1.0
