Experiment: expname : huber_experiment, data : uniform, n_samples : 1000, mediator_dimension : 1, covariate_dimension : 1, alpha : 0.5, beta : 0.25, stochasticity : 1, gamma : 0.3, noise : uniform, 
Running with estimator : kme_dml, regularization : True, sample_splits : 1, reg_lambda : 0.001, reg_lambda_tilde : 0.001, kernel : gauss, density : gaussian, bandwidth : 0.3, bandwidth_mode : amse, epsilon : 0.5, normalized : True, random_seed : 11, 
bias_direct: 0.1369773526923572
rmse_direct: 0.161434841201843
bias_indirect: 0.03667482038379703
rmse_indirect: 0.044179320102331
bias_total: 0.14015696409458214
rmse_total: 0.17394314453505869
bias_mr: 0.14415402500406388
rmse_mr: 0.1790779175861757
coverage: 0.7931034482758621
