Experiment: expname : bandwidth_experiment, data : uniform, n_samples : 500, mediator_dimension : 1, covariate_dimension : 1, alpha : 0.5, beta : 0.25, stochasticity : 1, gamma : 0.3, noise : uniform, 
Running with estimator : kme_dml, regularization : True, sample_splits : 1, reg_lambda : 0.001, reg_lambda_tilde : 0.001, kernel : gauss, density : gaussian, bandwidth : 0.3, bandwidth_mode : amse, epsilon : 0.5, normalized : True, random_seed : 8, 
bias_direct: 0.13396742211498858
rmse_direct: 0.17101945336405774
bias_indirect: 0.05224933575499729
rmse_indirect: 0.061222592896819146
bias_total: 0.14511063428637344
rmse_total: 0.20002279024122807
bias_mr: 0.14995054590593093
rmse_mr: 0.17433389593945348
coverage: 0.896551724137931
