Experiment: expname : bandwidth_experiment, data : uniform, n_samples : 1000, mediator_dimension : 1, covariate_dimension : 1, alpha : 0.5, beta : 0.25, stochasticity : 1, gamma : 0.3, noise : uniform, 
Running with estimator : kme_dml, regularization : True, sample_splits : 1, reg_lambda : 0.001, reg_lambda_tilde : 0.001, kernel : gauss, density : gaussian, bandwidth : 0.3, bandwidth_mode : amse, epsilon : 0.5, normalized : True, random_seed : 42, 
bias_direct: 0.14406145437503354
rmse_direct: 0.1660145330164048
bias_indirect: 0.038101838335449625
rmse_indirect: 0.04664472150045932
bias_total: 0.16113150429154943
rmse_total: 0.1779617922786921
bias_mr: 0.07433320060356133
rmse_mr: 0.09965586706545179
coverage: 0.9655172413793104
