Experiment: expname : huber_experiment, data : uniform, n_samples : 5000, mediator_dimension : 1, covariate_dimension : 1, alpha : 0.5, beta : 0.25, stochasticity : 1, gamma : 0.3, noise : uniform, 
Running with estimator : kme_dml, regularization : True, sample_splits : 1, reg_lambda : 0.001, reg_lambda_tilde : 0.001, kernel : gauss, density : gaussian, bandwidth : 0.3, bandwidth_mode : amse, epsilon : 0.5, normalized : True, random_seed : 85, 
bias_direct: 0.04971546149147632
rmse_direct: 0.06479575359661235
bias_indirect: 0.015747951433065364
rmse_indirect: 0.021139311854854344
bias_total: 0.04496542232729262
rmse_total: 0.06030820461956818
bias_mr: 0.05446302710050251
rmse_mr: 0.0693235264987465
coverage: 0.896551724137931
