Experiment: expname : bandwidth_experiment, data : uniform, n_samples : 5000, mediator_dimension : 1, covariate_dimension : 1, alpha : 0.5, beta : 0.25, stochasticity : 1, gamma : 0.3, noise : uniform, 
Running with estimator : kme_dml, regularization : True, sample_splits : 1, reg_lambda : 0.001, reg_lambda_tilde : 0.001, kernel : gauss, density : gaussian, bandwidth : 0.3, bandwidth_mode : heuristic, epsilon : 0.0, normalized : True, random_seed : 24, 
bias_direct: 0.023218560270201343
rmse_direct: 0.02922243718429082
bias_indirect: 0.01523909101997489
rmse_indirect: 0.018452543980996588
bias_total: 0.02098609221845382
rmse_total: 0.027344920419774075
bias_mr: 0.039541253554239576
rmse_mr: 0.05360326964639645
coverage: 0.9655172413793104
