Experiment: expname : bandwidth_experiment, data : uniform, n_samples : 500, mediator_dimension : 1, covariate_dimension : 1, alpha : 0.5, beta : 0.25, stochasticity : 1, gamma : 0.3, noise : uniform, 
Running with estimator : kme_dml, regularization : True, sample_splits : 1, reg_lambda : 0.001, reg_lambda_tilde : 0.001, kernel : gauss, density : gaussian, bandwidth : 0.3, bandwidth_mode : amse, epsilon : 0.5, normalized : True, random_seed : 28, 
bias_direct: 0.14564695255372384
rmse_direct: 0.1783907654136042
bias_indirect: 0.03202326328394702
rmse_indirect: 0.03771363504076735
bias_total: 0.1586098029763655
rmse_total: 0.20360319171793115
bias_mr: 0.15294829338648458
rmse_mr: 0.21114898719974876
coverage: 0.8620689655172413
