Experiment: expname : bandwidth_experiment, data : uniform, n_samples : 1000, mediator_dimension : 1, covariate_dimension : 1, alpha : 0.5, beta : 0.25, stochasticity : 1, gamma : 0.3, noise : uniform, 
Running with estimator : kme_dml, regularization : True, sample_splits : 1, reg_lambda : 0.001, reg_lambda_tilde : 0.001, kernel : gauss, density : gaussian, bandwidth : 0.3, bandwidth_mode : amse, epsilon : 0.5, normalized : True, random_seed : 0, 
bias_direct: 0.08909340247696543
rmse_direct: 0.1135567782823396
bias_indirect: 0.04516772597288821
rmse_indirect: 0.06048155209062326
bias_total: 0.09515505200100877
rmse_total: 0.12130455386749835
bias_mr: 0.11223788507117143
rmse_mr: 0.12865354044831434
coverage: 1.0
