Experiment: expname : bandwidth_experiment, data : uniform, n_samples : 1000, mediator_dimension : 1, covariate_dimension : 1, alpha : 0.5, beta : 0.25, stochasticity : 1, gamma : 0.3, noise : uniform, 
Running with estimator : kme_dml, regularization : True, sample_splits : 1, reg_lambda : 0.001, reg_lambda_tilde : 0.001, kernel : gauss, density : gaussian, bandwidth : 0.3, bandwidth_mode : amse, epsilon : 0.5, normalized : True, random_seed : 9, 
bias_direct: 0.13076736346831003
rmse_direct: 0.1928807322580701
bias_indirect: 0.04806724136336421
rmse_indirect: 0.0562749155770956
bias_total: 0.15162519719820672
rmse_total: 0.21626205869066048
bias_mr: 0.14486820663146543
rmse_mr: 0.19844567277006475
coverage: 0.8620689655172413
