Experiment: expname : huber_experiment, data : uniform, n_samples : 5000, mediator_dimension : 1, covariate_dimension : 1, alpha : 0.5, beta : 0.25, stochasticity : 1, gamma : 0.3, noise : uniform, 
Running with estimator : kme_dml, regularization : True, sample_splits : 1, reg_lambda : 0.001, reg_lambda_tilde : 0.001, kernel : gauss, density : gaussian, bandwidth : 0.3, bandwidth_mode : amse, epsilon : 0.5, normalized : True, random_seed : 19, 
bias_direct: 0.06642481481412324
rmse_direct: 0.0894950747695026
bias_indirect: 0.029685067851914305
rmse_indirect: 0.04057157603559488
bias_total: 0.0716439780609806
rmse_total: 0.09970565595219714
bias_mr: 0.07936515484378641
rmse_mr: 0.09343375387230016
coverage: 0.9310344827586207
