Experiment: expname : huber_experiment, data : uniform, n_samples : 5000, mediator_dimension : 1, covariate_dimension : 1, alpha : 0.5, beta : 0.25, stochasticity : 1, gamma : 0.3, noise : uniform, 
Running with estimator : kme_dml, regularization : True, sample_splits : 1, reg_lambda : 0.001, reg_lambda_tilde : 0.001, kernel : gauss, density : gaussian, bandwidth : 0.3, bandwidth_mode : amse, epsilon : 0.5, normalized : True, random_seed : 63, 
bias_direct: 0.06431028506934293
rmse_direct: 0.07422237758968944
bias_indirect: 0.021917169706820713
rmse_indirect: 0.026373550153694553
bias_total: 0.06461769963856906
rmse_total: 0.07771576293929844
bias_mr: 0.04368329693179416
rmse_mr: 0.058357171787773054
coverage: 0.9655172413793104
