Experiment: expname : bandwidth_experiment, data : uniform, n_samples : 5000, mediator_dimension : 1, covariate_dimension : 1, alpha : 0.5, beta : 0.25, stochasticity : 1, gamma : 0.3, noise : uniform, 
Running with estimator : kme_dml, regularization : True, sample_splits : 1, reg_lambda : 0.001, reg_lambda_tilde : 0.001, kernel : gauss, density : gaussian, bandwidth : 0.3, bandwidth_mode : heuristic, epsilon : 0.0, normalized : True, random_seed : 60, 
bias_direct: 0.04941493605482365
rmse_direct: 0.06278985702162722
bias_indirect: 0.014858618255625448
rmse_indirect: 0.02208939456655232
bias_total: 0.04008402626956943
rmse_total: 0.04732198120924356
bias_mr: 0.031909338739527456
rmse_mr: 0.0364098807797506
coverage: 1.0
