Experiment: expname : huber_experiment, data : uniform, n_samples : 500, mediator_dimension : 1, covariate_dimension : 1, alpha : 0.5, beta : 0.25, stochasticity : 1, gamma : 0.3, noise : uniform, 
Running with estimator : kme_dml, regularization : True, sample_splits : 1, reg_lambda : 0.001, reg_lambda_tilde : 0.001, kernel : gauss, density : gaussian, bandwidth : 0.3, bandwidth_mode : amse, epsilon : 0.5, normalized : True, random_seed : 98, 
bias_direct: 0.1344628606092647
rmse_direct: 0.16629534448669842
bias_indirect: 0.05327649483092694
rmse_indirect: 0.060407905573356624
bias_total: 0.1259292301404317
rmse_total: 0.15367004664199183
bias_mr: 0.13133812214732063
rmse_mr: 0.16158484920715938
coverage: 0.9655172413793104
