Experiment: expname : bandwidth_experiment, data : uniform, n_samples : 1000, mediator_dimension : 1, covariate_dimension : 1, alpha : 0.5, beta : 0.25, stochasticity : 1, gamma : 0.3, noise : uniform, 
Running with estimator : kme_dml, regularization : True, sample_splits : 1, reg_lambda : 0.001, reg_lambda_tilde : 0.001, kernel : gauss, density : gaussian, bandwidth : 0.3, bandwidth_mode : amse, epsilon : 0.5, normalized : True, random_seed : 32, 
bias_direct: 0.14497246835611818
rmse_direct: 0.1690141152682813
bias_indirect: 0.035563905462876154
rmse_indirect: 0.04424279098355479
bias_total: 0.1419338820656306
rmse_total: 0.1710973900145056
bias_mr: 0.09051353878975521
rmse_mr: 0.10968811192310175
coverage: 1.0
