Experiment: expname : bandwidth_experiment, data : uniform, n_samples : 500, mediator_dimension : 1, covariate_dimension : 1, alpha : 0.5, beta : 0.25, stochasticity : 1, gamma : 0.3, noise : uniform, 
Running with estimator : kme_dml, regularization : True, sample_splits : 1, reg_lambda : 0.001, reg_lambda_tilde : 0.001, kernel : gauss, density : gaussian, bandwidth : 0.3, bandwidth_mode : heuristic, epsilon : 0.0, normalized : True, random_seed : 82, 
bias_direct: 0.12392428505313777
rmse_direct: 0.1444519003473081
bias_indirect: 0.021272020502807933
rmse_indirect: 0.026496844166665885
bias_total: 0.11386905699577923
rmse_total: 0.13504442440709152
bias_mr: 0.13281472901379615
rmse_mr: 0.1587373140849524
coverage: 0.8620689655172413
