Experiment: expname : bandwidth_experiment, data : uniform, n_samples : 500, mediator_dimension : 1, covariate_dimension : 1, alpha : 0.5, beta : 0.25, stochasticity : 1, gamma : 0.3, noise : uniform, 
Running with estimator : kme_dml, regularization : True, sample_splits : 1, reg_lambda : 0.001, reg_lambda_tilde : 0.001, kernel : gauss, density : gaussian, bandwidth : 0.3, bandwidth_mode : amse, epsilon : 0.5, normalized : True, random_seed : 46, 
bias_direct: 0.14953092748604818
rmse_direct: 0.17042548222656673
bias_indirect: 0.039056565368021275
rmse_indirect: 0.05046385546556786
bias_total: 0.12842797385197724
rmse_total: 0.15201989336618849
bias_mr: 0.1622328723239658
rmse_mr: 0.18630574975990263
coverage: 0.8620689655172413
