Experiment: expname : bandwidth_experiment, data : uniform, n_samples : 1000, mediator_dimension : 1, covariate_dimension : 1, alpha : 0.5, beta : 0.25, stochasticity : 1, gamma : 0.3, noise : uniform, 
Running with estimator : kme_dml, regularization : True, sample_splits : 1, reg_lambda : 0.001, reg_lambda_tilde : 0.001, kernel : gauss, density : gaussian, bandwidth : 0.3, bandwidth_mode : amse, epsilon : 0.5, normalized : True, random_seed : 62, 
bias_direct: 0.19419814428145232
rmse_direct: 0.23732357382889746
bias_indirect: 0.01990058792491486
rmse_indirect: 0.026706505596458253
bias_total: 0.17852904014652377
rmse_total: 0.21864810773330828
bias_mr: 0.09581579944073985
rmse_mr: 0.11466525450007482
coverage: 0.9655172413793104
