Experiment: expname : huber_experiment, data : uniform, n_samples : 1000, mediator_dimension : 1, covariate_dimension : 1, alpha : 0.5, beta : 0.25, stochasticity : 1, gamma : 0.3, noise : uniform, 
Running with estimator : kme_dml, regularization : True, sample_splits : 1, reg_lambda : 0.001, reg_lambda_tilde : 0.001, kernel : gauss, density : gaussian, bandwidth : 0.3, bandwidth_mode : amse, epsilon : 0.5, normalized : True, random_seed : 37, 
bias_direct: 0.10705465335893921
rmse_direct: 0.14488014224039217
bias_indirect: 0.030773920817918014
rmse_indirect: 0.03613685693027829
bias_total: 0.10117360959920861
rmse_total: 0.1479810801010139
bias_mr: 0.10192422701156158
rmse_mr: 0.12683240193856002
coverage: 1.0
