Experiment: expname : huber_experiment, data : uniform, n_samples : 500, mediator_dimension : 1, covariate_dimension : 1, alpha : 0.5, beta : 0.25, stochasticity : 1, gamma : 0.3, noise : uniform, 
Running with estimator : kme_dml, regularization : True, sample_splits : 1, reg_lambda : 0.001, reg_lambda_tilde : 0.001, kernel : gauss, density : gaussian, bandwidth : 0.3, bandwidth_mode : amse, epsilon : 0.5, normalized : True, random_seed : 47, 
bias_direct: 0.1484756950177001
rmse_direct: 0.1696580455312276
bias_indirect: 0.03289056098613659
rmse_indirect: 0.042315266387404245
bias_total: 0.13850597506320075
rmse_total: 0.16656102527010583
bias_mr: 0.09912439266007865
rmse_mr: 0.1450309754594556
coverage: 0.9310344827586207
