Experiment: expname : bandwidth_experiment, data : uniform, n_samples : 1000, mediator_dimension : 1, covariate_dimension : 1, alpha : 0.5, beta : 0.25, stochasticity : 1, gamma : 0.3, noise : uniform, 
Running with estimator : kme_dml, regularization : True, sample_splits : 1, reg_lambda : 0.001, reg_lambda_tilde : 0.001, kernel : gauss, density : gaussian, bandwidth : 0.3, bandwidth_mode : heuristic, epsilon : 0.0, normalized : True, random_seed : 82, 
bias_direct: 0.0841510800133485
rmse_direct: 0.09930825461623496
bias_indirect: 0.02720099758194786
rmse_indirect: 0.038818556156614385
bias_total: 0.10647257826177631
rmse_total: 0.12607986150649741
bias_mr: 0.12240691979468958
rmse_mr: 0.1314110464858594
coverage: 0.7586206896551724
