Experiment: expname : huber_experiment, data : uniform, n_samples : 500, mediator_dimension : 1, covariate_dimension : 1, alpha : 0.5, beta : 0.25, stochasticity : 1, gamma : 0.3, noise : uniform, 
Running with estimator : kme_dml, regularization : True, sample_splits : 1, reg_lambda : 0.001, reg_lambda_tilde : 0.001, kernel : gauss, density : gaussian, bandwidth : 0.3, bandwidth_mode : amse, epsilon : 0.5, normalized : True, random_seed : 35, 
bias_direct: 0.0770309972592133
rmse_direct: 0.1118275233750664
bias_indirect: 0.08418494439250296
rmse_indirect: 0.10455019677570467
bias_total: 0.1113733542657431
rmse_total: 0.16560503025813003
bias_mr: 0.11082823871809956
rmse_mr: 0.14319024815696915
coverage: 1.0
