Experiment: expname : bandwidth_experiment, data : uniform, n_samples : 1000, mediator_dimension : 1, covariate_dimension : 1, alpha : 0.5, beta : 0.25, stochasticity : 1, gamma : 0.3, noise : uniform, 
Running with estimator : kme_dml, regularization : True, sample_splits : 1, reg_lambda : 0.001, reg_lambda_tilde : 0.001, kernel : gauss, density : gaussian, bandwidth : 0.3, bandwidth_mode : heuristic, epsilon : 0.0, normalized : True, random_seed : 49, 
bias_direct: 0.03586138095106266
rmse_direct: 0.04641382320216592
bias_indirect: 0.019675908049199362
rmse_indirect: 0.023728522046751875
bias_total: 0.03468622001779648
rmse_total: 0.04183546158403752
bias_mr: 0.03883158322532389
rmse_mr: 0.05517314138138862
coverage: 1.0
