Experiment: expname : huber_experiment, data : uniform, n_samples : 5000, mediator_dimension : 1, covariate_dimension : 1, alpha : 0.5, beta : 0.25, stochasticity : 1, gamma : 0.3, noise : uniform, 
Running with estimator : kme_dml, regularization : True, sample_splits : 1, reg_lambda : 0.001, reg_lambda_tilde : 0.001, kernel : gauss, density : gaussian, bandwidth : 0.3, bandwidth_mode : amse, epsilon : 0.5, normalized : True, random_seed : 94, 
bias_direct: 0.058948228366962445
rmse_direct: 0.07590385883655679
bias_indirect: 0.014002346550185679
rmse_indirect: 0.016797473354143385
bias_total: 0.05651917530601552
rmse_total: 0.0736738981358411
bias_mr: 0.055595294463758424
rmse_mr: 0.06535928490571614
coverage: 0.9655172413793104
