Experiment: expname : bandwidth_experiment, data : uniform, n_samples : 5000, mediator_dimension : 1, covariate_dimension : 1, alpha : 0.5, beta : 0.25, stochasticity : 1, gamma : 0.3, noise : uniform, 
Running with estimator : kme_dml, regularization : True, sample_splits : 1, reg_lambda : 0.001, reg_lambda_tilde : 0.001, kernel : gauss, density : gaussian, bandwidth : 0.3, bandwidth_mode : amse, epsilon : 0.5, normalized : True, random_seed : 8, 
bias_direct: 0.078274531136846
rmse_direct: 0.09917917038246232
bias_indirect: 0.022225498008813557
rmse_indirect: 0.02694366193690401
bias_total: 0.08422892638476168
rmse_total: 0.10382314663572602
bias_mr: 0.0643569441938607
rmse_mr: 0.07755938335450602
coverage: 0.8620689655172413
