Experiment: expname : huber_experiment, data : uniform, n_samples : 500, mediator_dimension : 1, covariate_dimension : 1, alpha : 0.5, beta : 0.25, stochasticity : 1, gamma : 0.3, noise : uniform, 
Running with estimator : kme_dml, regularization : True, sample_splits : 1, reg_lambda : 0.001, reg_lambda_tilde : 0.001, kernel : gauss, density : gaussian, bandwidth : 0.3, bandwidth_mode : amse, epsilon : 0.5, normalized : True, random_seed : 31, 
bias_direct: 0.14345863368602657
rmse_direct: 0.1825181761723442
bias_indirect: 0.04563698202912046
rmse_indirect: 0.05404322138707252
bias_total: 0.13941857657374862
rmse_total: 0.19313990582461987
bias_mr: 0.13176951973001935
rmse_mr: 0.16637598553068683
coverage: 0.9310344827586207
