Experiment: expname : huber_experiment, data : uniform, n_samples : 5000, mediator_dimension : 1, covariate_dimension : 1, alpha : 0.5, beta : 0.25, stochasticity : 1, gamma : 0.3, noise : uniform, 
Running with estimator : kme_dml, regularization : True, sample_splits : 1, reg_lambda : 0.001, reg_lambda_tilde : 0.001, kernel : gauss, density : gaussian, bandwidth : 0.3, bandwidth_mode : amse, epsilon : 0.5, normalized : True, random_seed : 12, 
bias_direct: 0.06573048763471803
rmse_direct: 0.0817108663645316
bias_indirect: 0.028939749620243416
rmse_indirect: 0.035506883163786467
bias_total: 0.08768931004783961
rmse_total: 0.0999879258342467
bias_mr: 0.04617404017533154
rmse_mr: 0.06392843107556101
coverage: 0.9655172413793104
