Experiment: expname : bandwidth_experiment, data : uniform, n_samples : 500, mediator_dimension : 1, covariate_dimension : 1, alpha : 0.5, beta : 0.25, stochasticity : 1, gamma : 0.3, noise : uniform, 
Running with estimator : kme_dml, regularization : True, sample_splits : 1, reg_lambda : 0.001, reg_lambda_tilde : 0.001, kernel : gauss, density : gaussian, bandwidth : 0.3, bandwidth_mode : amse, epsilon : 0.5, normalized : True, random_seed : 99, 
bias_direct: 0.2083175923416501
rmse_direct: 0.23974676116305887
bias_indirect: 0.07828592280859019
rmse_indirect: 0.09792583947740917
bias_total: 0.15971222247185032
rmse_total: 0.18864757531647425
bias_mr: 0.21189938745242393
rmse_mr: 0.26536912728425166
coverage: 0.8275862068965517
