Experiment: expname : bandwidth_experiment, data : uniform, n_samples : 500, mediator_dimension : 1, covariate_dimension : 1, alpha : 0.5, beta : 0.25, stochasticity : 1, gamma : 0.3, noise : uniform, 
Running with estimator : kme_dml, regularization : True, sample_splits : 1, reg_lambda : 0.001, reg_lambda_tilde : 0.001, kernel : gauss, density : gaussian, bandwidth : 0.3, bandwidth_mode : heuristic, epsilon : 0.0, normalized : True, random_seed : 9, 
bias_direct: 0.07311099507870539
rmse_direct: 0.1017918779348089
bias_indirect: 0.0407889705139378
rmse_indirect: 0.05573403007442478
bias_total: 0.06679819912870325
rmse_total: 0.0881578077488766
bias_mr: 0.04157819507223912
rmse_mr: 0.05454976924704329
coverage: 1.0
