Experiment: expname : bandwidth_experiment, data : uniform, n_samples : 5000, mediator_dimension : 1, covariate_dimension : 1, alpha : 0.5, beta : 0.25, stochasticity : 1, gamma : 0.3, noise : uniform, 
Running with estimator : kme_dml, regularization : True, sample_splits : 1, reg_lambda : 0.001, reg_lambda_tilde : 0.001, kernel : gauss, density : gaussian, bandwidth : 0.3, bandwidth_mode : amse, epsilon : 0.5, normalized : True, random_seed : 90, 
bias_direct: 0.07455948577514473
rmse_direct: 0.10508310330984491
bias_indirect: 0.03580390773230477
rmse_indirect: 0.040223922844129234
bias_total: 0.07755139933182786
rmse_total: 0.10278188375695115
bias_mr: 0.05744143969973442
rmse_mr: 0.07898014168480612
coverage: 0.9310344827586207
