Experiment: expname : bandwidth_experiment, data : uniform, n_samples : 1000, mediator_dimension : 1, covariate_dimension : 1, alpha : 0.5, beta : 0.25, stochasticity : 1, gamma : 0.3, noise : uniform, 
Running with estimator : kme_dml, regularization : True, sample_splits : 1, reg_lambda : 0.001, reg_lambda_tilde : 0.001, kernel : gauss, density : gaussian, bandwidth : 0.3, bandwidth_mode : heuristic, epsilon : 0.0, normalized : True, random_seed : 33, 
bias_direct: 0.10560672272770798
rmse_direct: 0.12825813532334515
bias_indirect: 0.025485284797168505
rmse_indirect: 0.02964715318795186
bias_total: 0.1156350870492052
rmse_total: 0.1488731790242325
bias_mr: 0.09461214421349148
rmse_mr: 0.10974580090472569
coverage: 0.8620689655172413
