Experiment: expname : bandwidth_experiment, data : uniform, n_samples : 1000, mediator_dimension : 1, covariate_dimension : 1, alpha : 0.5, beta : 0.25, stochasticity : 1, gamma : 0.3, noise : uniform, 
Running with estimator : kme_dml, regularization : True, sample_splits : 1, reg_lambda : 0.001, reg_lambda_tilde : 0.001, kernel : gauss, density : gaussian, bandwidth : 0.3, bandwidth_mode : heuristic, epsilon : 0.0, normalized : True, random_seed : 23, 
bias_direct: 0.07360859852481638
rmse_direct: 0.09207407372089976
bias_indirect: 0.024565158798443322
rmse_indirect: 0.029047063774301076
bias_total: 0.05537130640139924
rmse_total: 0.07092945876933729
bias_mr: 0.07370512141554292
rmse_mr: 0.08607419116016352
coverage: 1.0
