Experiment: expname : bandwidth_experiment, data : uniform, n_samples : 1000, mediator_dimension : 1, covariate_dimension : 1, alpha : 0.5, beta : 0.25, stochasticity : 1, gamma : 0.3, noise : uniform, 
Running with estimator : kme_dml, regularization : True, sample_splits : 1, reg_lambda : 0.001, reg_lambda_tilde : 0.001, kernel : gauss, density : gaussian, bandwidth : 0.3, bandwidth_mode : amse, epsilon : 0.5, normalized : True, random_seed : 57, 
bias_direct: 0.15368091647452162
rmse_direct: 0.20997254142634145
bias_indirect: 0.03573428107448969
rmse_indirect: 0.04488269707280938
bias_total: 0.17137409332050405
rmse_total: 0.22404770008545863
bias_mr: 0.12381528977665635
rmse_mr: 0.148694067547427
coverage: 0.9655172413793104
