Experiment: expname : bandwidth_experiment, data : uniform, n_samples : 1000, mediator_dimension : 1, covariate_dimension : 1, alpha : 0.5, beta : 0.25, stochasticity : 1, gamma : 0.3, noise : uniform, 
Running with estimator : kme_dml, regularization : True, sample_splits : 1, reg_lambda : 0.001, reg_lambda_tilde : 0.001, kernel : gauss, density : gaussian, bandwidth : 0.3, bandwidth_mode : heuristic, epsilon : 0.0, normalized : True, random_seed : 80, 
bias_direct: 0.055204807085279826
rmse_direct: 0.06599053672813796
bias_indirect: 0.037044179898720046
rmse_indirect: 0.04117196051512589
bias_total: 0.03207338520977534
rmse_total: 0.04152635031377762
bias_mr: 0.0879525502223767
rmse_mr: 0.11229802089012032
coverage: 1.0
