Experiment: expname : huber_experiment, data : uniform, n_samples : 500, mediator_dimension : 1, covariate_dimension : 1, alpha : 0.5, beta : 0.25, stochasticity : 1, gamma : 0.3, noise : uniform, 
Running with estimator : kme_dml, regularization : True, sample_splits : 1, reg_lambda : 0.001, reg_lambda_tilde : 0.001, kernel : gauss, density : gaussian, bandwidth : 0.3, bandwidth_mode : amse, epsilon : 0.5, normalized : True, random_seed : 29, 
bias_direct: 0.1579598557341681
rmse_direct: 0.18423757526262835
bias_indirect: 0.03993875435633063
rmse_indirect: 0.0497516012568953
bias_total: 0.1761369786969556
rmse_total: 0.2075536793476408
bias_mr: 0.12860404850328302
rmse_mr: 0.16228102402557734
coverage: 0.896551724137931
