Experiment: expname : bandwidth_experiment, data : uniform, n_samples : 5000, mediator_dimension : 1, covariate_dimension : 1, alpha : 0.5, beta : 0.25, stochasticity : 1, gamma : 0.3, noise : uniform, 
Running with estimator : kme_dml, regularization : True, sample_splits : 1, reg_lambda : 0.001, reg_lambda_tilde : 0.001, kernel : gauss, density : gaussian, bandwidth : 0.3, bandwidth_mode : heuristic, epsilon : 0.0, normalized : True, random_seed : 94, 
bias_direct: 0.028710102383990944
rmse_direct: 0.03834633083335255
bias_indirect: 0.009014281067259041
rmse_indirect: 0.012176148479963764
bias_total: 0.030322409281292807
rmse_total: 0.04019437409214929
bias_mr: 0.03947130762245176
rmse_mr: 0.04479281784534942
coverage: 1.0
