Experiment: expname : bandwidth_experiment, data : uniform, n_samples : 1000, mediator_dimension : 1, covariate_dimension : 1, alpha : 0.5, beta : 0.25, stochasticity : 1, gamma : 0.3, noise : uniform, 
Running with estimator : kme_dml, regularization : True, sample_splits : 1, reg_lambda : 0.001, reg_lambda_tilde : 0.001, kernel : gauss, density : gaussian, bandwidth : 0.3, bandwidth_mode : amse, epsilon : 0.5, normalized : True, random_seed : 60, 
bias_direct: 0.1301045741911987
rmse_direct: 0.1530844608049927
bias_indirect: 0.010536857306341444
rmse_indirect: 0.015783076382283864
bias_total: 0.13122100924147356
rmse_total: 0.152803169549557
bias_mr: 0.09940067900142745
rmse_mr: 0.10524244923164025
coverage: 1.0
