Experiment: expname : huber_experiment, data : uniform, n_samples : 5000, mediator_dimension : 1, covariate_dimension : 1, alpha : 0.5, beta : 0.25, stochasticity : 1, gamma : 0.3, noise : uniform, 
Running with estimator : kme_dml, regularization : True, sample_splits : 1, reg_lambda : 0.001, reg_lambda_tilde : 0.001, kernel : gauss, density : gaussian, bandwidth : 0.3, bandwidth_mode : amse, epsilon : 0.5, normalized : True, random_seed : 27, 
bias_direct: 0.03185522730126095
rmse_direct: 0.040970296851132744
bias_indirect: 0.018804746843723522
rmse_indirect: 0.02216618717735158
bias_total: 0.03021641209160618
rmse_total: 0.039350198699038705
bias_mr: 0.04908767074130895
rmse_mr: 0.06299056141933455
coverage: 1.0
