Experiment: expname : bandwidth_experiment, data : uniform, n_samples : 5000, mediator_dimension : 1, covariate_dimension : 1, alpha : 0.5, beta : 0.25, stochasticity : 1, gamma : 0.3, noise : uniform, 
Running with estimator : kme_dml, regularization : True, sample_splits : 1, reg_lambda : 0.001, reg_lambda_tilde : 0.001, kernel : gauss, density : gaussian, bandwidth : 0.3, bandwidth_mode : heuristic, epsilon : 0.0, normalized : True, random_seed : 64, 
bias_direct: 0.04832463461277079
rmse_direct: 0.05885166182440026
bias_indirect: 0.011370148711462396
rmse_indirect: 0.014105762907753183
bias_total: 0.041134840473878484
rmse_total: 0.05012894884951291
bias_mr: 0.044769218334848634
rmse_mr: 0.054091534593363674
coverage: 1.0
