Experiment: expname : huber_experiment, data : uniform, n_samples : 1000, mediator_dimension : 1, covariate_dimension : 1, alpha : 0.5, beta : 0.25, stochasticity : 1, gamma : 0.3, noise : uniform, 
Running with estimator : kme_dml, regularization : True, sample_splits : 1, reg_lambda : 0.001, reg_lambda_tilde : 0.001, kernel : gauss, density : gaussian, bandwidth : 0.3, bandwidth_mode : amse, epsilon : 0.5, normalized : True, random_seed : 7, 
bias_direct: 0.1671540311834395
rmse_direct: 0.18875712098169248
bias_indirect: 0.05480909486699222
rmse_indirect: 0.059926073197539086
bias_total: 0.18662787569652878
rmse_total: 0.2149290741073946
bias_mr: 0.21697733997469845
rmse_mr: 0.24834275110611256
coverage: 0.7931034482758621
