Experiment: expname : bandwidth_experiment, data : uniform, n_samples : 5000, mediator_dimension : 1, covariate_dimension : 1, alpha : 0.5, beta : 0.25, stochasticity : 1, gamma : 0.3, noise : uniform, 
Running with estimator : kme_dml, regularization : True, sample_splits : 1, reg_lambda : 0.001, reg_lambda_tilde : 0.001, kernel : gauss, density : gaussian, bandwidth : 0.3, bandwidth_mode : heuristic, epsilon : 0.0, normalized : True, random_seed : 35, 
bias_direct: 0.044566272853389585
rmse_direct: 0.05771753348347771
bias_indirect: 0.032701911293269256
rmse_indirect: 0.037282174132435224
bias_total: 0.03214103927212388
rmse_total: 0.03936643811291928
bias_mr: 0.0474931974667133
rmse_mr: 0.059512807582588395
coverage: 0.9655172413793104
