Experiment: expname : huber_experiment, data : uniform, n_samples : 500, mediator_dimension : 1, covariate_dimension : 1, alpha : 0.5, beta : 0.25, stochasticity : 1, gamma : 0.3, noise : uniform, 
Running with estimator : kme_dml, regularization : True, sample_splits : 1, reg_lambda : 0.001, reg_lambda_tilde : 0.001, kernel : gauss, density : gaussian, bandwidth : 0.3, bandwidth_mode : amse, epsilon : 0.5, normalized : True, random_seed : 95, 
bias_direct: 0.10542772471773298
rmse_direct: 0.14991816140642547
bias_indirect: 0.06372593946739641
rmse_indirect: 0.08068180535810487
bias_total: 0.09475623062831094
rmse_total: 0.12118032918273453
bias_mr: 0.1283501973740563
rmse_mr: 0.18750841606769925
coverage: 0.9310344827586207
