Experiment: expname : huber_experiment, data : uniform, n_samples : 1000, mediator_dimension : 1, covariate_dimension : 1, alpha : 0.5, beta : 0.25, stochasticity : 1, gamma : 0.3, noise : uniform, 
Running with estimator : kme_dml, regularization : True, sample_splits : 1, reg_lambda : 0.001, reg_lambda_tilde : 0.001, kernel : gauss, density : gaussian, bandwidth : 0.3, bandwidth_mode : amse, epsilon : 0.5, normalized : True, random_seed : 75, 
bias_direct: 0.2161559945112467
rmse_direct: 0.2603888524641725
bias_indirect: 0.03539838487650291
rmse_indirect: 0.04338111145248068
bias_total: 0.1983330170582713
rmse_total: 0.25044280576787975
bias_mr: 0.13447900209664393
rmse_mr: 0.1694087436521281
coverage: 0.9655172413793104
