Experiment: expname : bandwidth_experiment, data : uniform, n_samples : 5000, mediator_dimension : 1, covariate_dimension : 1, alpha : 0.5, beta : 0.25, stochasticity : 1, gamma : 0.3, noise : uniform, 
Running with estimator : kme_dml, regularization : True, sample_splits : 1, reg_lambda : 0.001, reg_lambda_tilde : 0.001, kernel : gauss, density : gaussian, bandwidth : 0.3, bandwidth_mode : amse, epsilon : 0.5, normalized : True, random_seed : 32, 
bias_direct: 0.06462098369719801
rmse_direct: 0.08475560695136727
bias_indirect: 0.03736225821301213
rmse_indirect: 0.040923913892535836
bias_total: 0.06650535421434577
rmse_total: 0.08118049252614355
bias_mr: 0.07096215618832266
rmse_mr: 0.08329434750265068
coverage: 0.896551724137931
