Experiment: expname : huber_experiment, data : uniform, n_samples : 500, mediator_dimension : 1, covariate_dimension : 1, alpha : 0.5, beta : 0.25, stochasticity : 1, gamma : 0.3, noise : uniform, 
Running with estimator : kme_dml, regularization : True, sample_splits : 1, reg_lambda : 0.001, reg_lambda_tilde : 0.001, kernel : gauss, density : gaussian, bandwidth : 0.3, bandwidth_mode : amse, epsilon : 0.5, normalized : True, random_seed : 25, 
bias_direct: 0.17650897057456652
rmse_direct: 0.22778944496031756
bias_indirect: 0.05262618606430246
rmse_indirect: 0.06055792254964295
bias_total: 0.1771126763450092
rmse_total: 0.22692078377441435
bias_mr: 0.2218626341067764
rmse_mr: 0.25936652364392954
coverage: 0.7586206896551724
