Experiment: expname : bandwidth_experiment, data : uniform, n_samples : 1000, mediator_dimension : 1, covariate_dimension : 1, alpha : 0.5, beta : 0.25, stochasticity : 1, gamma : 0.3, noise : uniform, 
Running with estimator : kme_dml, regularization : True, sample_splits : 1, reg_lambda : 0.001, reg_lambda_tilde : 0.001, kernel : gauss, density : gaussian, bandwidth : 0.3, bandwidth_mode : heuristic, epsilon : 0.0, normalized : True, random_seed : 47, 
bias_direct: 0.0989065782594518
rmse_direct: 0.12395232567469965
bias_indirect: 0.033309460550607704
rmse_indirect: 0.03902142112680467
bias_total: 0.1039203718616337
rmse_total: 0.11793887166212205
bias_mr: 0.13649500834560382
rmse_mr: 0.15682998227170047
coverage: 0.5172413793103449
