Experiment: expname : huber_experiment, data : uniform, n_samples : 5000, mediator_dimension : 1, covariate_dimension : 1, alpha : 0.5, beta : 0.25, stochasticity : 1, gamma : 0.3, noise : uniform, 
Running with estimator : kme_dml, regularization : True, sample_splits : 1, reg_lambda : 0.001, reg_lambda_tilde : 0.001, kernel : gauss, density : gaussian, bandwidth : 0.3, bandwidth_mode : amse, epsilon : 0.5, normalized : True, random_seed : 53, 
bias_direct: 0.07679252329628125
rmse_direct: 0.09070284676966858
bias_indirect: 0.013875922228221798
rmse_indirect: 0.018055870744318775
bias_total: 0.0706607915615772
rmse_total: 0.08416126796461888
bias_mr: 0.051316796675792226
rmse_mr: 0.06482457263621667
coverage: 0.9310344827586207
