Experiment: expname : bandwidth_experiment, data : uniform, n_samples : 5000, mediator_dimension : 1, covariate_dimension : 1, alpha : 0.5, beta : 0.25, stochasticity : 1, gamma : 0.3, noise : uniform, 
Running with estimator : kme_dml, regularization : True, sample_splits : 1, reg_lambda : 0.001, reg_lambda_tilde : 0.001, kernel : gauss, density : gaussian, bandwidth : 0.3, bandwidth_mode : heuristic, epsilon : 0.0, normalized : True, random_seed : 27, 
bias_direct: 0.021258436101467847
rmse_direct: 0.026764804709714658
bias_indirect: 0.01244425188141089
rmse_indirect: 0.016415475990454315
bias_total: 0.0126793789902961
rmse_total: 0.01632226705300104
bias_mr: 0.022411715391400164
rmse_mr: 0.029218501300743115
coverage: 1.0
