Experiment: expname : bandwidth_experiment, data : uniform, n_samples : 1000, mediator_dimension : 1, covariate_dimension : 1, alpha : 0.5, beta : 0.25, stochasticity : 1, gamma : 0.3, noise : uniform, 
Running with estimator : kme_dml, regularization : True, sample_splits : 1, reg_lambda : 0.001, reg_lambda_tilde : 0.001, kernel : gauss, density : gaussian, bandwidth : 0.3, bandwidth_mode : amse, epsilon : 0.5, normalized : True, random_seed : 23, 
bias_direct: 0.08353061164339479
rmse_direct: 0.1301019834518838
bias_indirect: 0.02408248673799276
rmse_indirect: 0.0317978781058356
bias_total: 0.08027310487279067
rmse_total: 0.12398496529620336
bias_mr: 0.08318484817619465
rmse_mr: 0.10277663981516959
coverage: 1.0
