Experiment: expname : bandwidth_experiment, data : uniform, n_samples : 500, mediator_dimension : 1, covariate_dimension : 1, alpha : 0.5, beta : 0.25, stochasticity : 1, gamma : 0.3, noise : uniform, 
Running with estimator : kme_dml, regularization : True, sample_splits : 1, reg_lambda : 0.001, reg_lambda_tilde : 0.001, kernel : gauss, density : gaussian, bandwidth : 0.3, bandwidth_mode : amse, epsilon : 0.5, normalized : True, random_seed : 18, 
bias_direct: 0.2617500580159718
rmse_direct: 0.3022433743125676
bias_indirect: 0.04819663675795404
rmse_indirect: 0.05980286041666841
bias_total: 0.2774686601811354
rmse_total: 0.31987624197990455
bias_mr: 0.131900021215391
rmse_mr: 0.1605429165421347
coverage: 1.0
