Experiment: expname : bandwidth_experiment, data : uniform, n_samples : 500, mediator_dimension : 1, covariate_dimension : 1, alpha : 0.5, beta : 0.25, stochasticity : 1, gamma : 0.3, noise : uniform, 
Running with estimator : kme_dml, regularization : True, sample_splits : 1, reg_lambda : 0.001, reg_lambda_tilde : 0.001, kernel : gauss, density : gaussian, bandwidth : 0.3, bandwidth_mode : amse, epsilon : 0.5, normalized : True, random_seed : 7, 
bias_direct: 0.16387143748774163
rmse_direct: 0.19362190497710172
bias_indirect: 0.06396203024722492
rmse_indirect: 0.0890087535059882
bias_total: 0.13907060722206427
rmse_total: 0.16666267118657868
bias_mr: 0.19244506129922193
rmse_mr: 0.22256628861399
coverage: 0.9655172413793104
