Experiment: expname : bandwidth_experiment, data : uniform, n_samples : 500, mediator_dimension : 1, covariate_dimension : 1, alpha : 0.5, beta : 0.25, stochasticity : 1, gamma : 0.3, noise : uniform, 
Running with estimator : kme_dml, regularization : True, sample_splits : 1, reg_lambda : 0.001, reg_lambda_tilde : 0.001, kernel : gauss, density : gaussian, bandwidth : 0.3, bandwidth_mode : amse, epsilon : 0.5, normalized : True, random_seed : 48, 
bias_direct: 0.14947631099641218
rmse_direct: 0.19905777335849736
bias_indirect: 0.043233593484028165
rmse_indirect: 0.05066795235345004
bias_total: 0.1525950334364964
rmse_total: 0.1923139232205428
bias_mr: 0.1139368499015918
rmse_mr: 0.12914450342883144
coverage: 1.0
