Experiment: expname : bandwidth_experiment, data : uniform, n_samples : 1000, mediator_dimension : 1, covariate_dimension : 1, alpha : 0.5, beta : 0.25, stochasticity : 1, gamma : 0.3, noise : uniform, 
Running with estimator : kme_dml, regularization : True, sample_splits : 1, reg_lambda : 0.001, reg_lambda_tilde : 0.001, kernel : gauss, density : gaussian, bandwidth : 0.3, bandwidth_mode : heuristic, epsilon : 0.0, normalized : True, random_seed : 86, 
bias_direct: 0.07549847314634296
rmse_direct: 0.08774892324224443
bias_indirect: 0.01102200107012839
rmse_indirect: 0.014462791138957421
bias_total: 0.07305539645129652
rmse_total: 0.08630081773012235
bias_mr: 0.07171922913290786
rmse_mr: 0.08120309858477072
coverage: 1.0
