Experiment: expname : bandwidth_experiment, data : uniform, n_samples : 500, mediator_dimension : 1, covariate_dimension : 1, alpha : 0.5, beta : 0.25, stochasticity : 1, gamma : 0.3, noise : uniform, 
Running with estimator : kme_dml, regularization : True, sample_splits : 1, reg_lambda : 0.001, reg_lambda_tilde : 0.001, kernel : gauss, density : gaussian, bandwidth : 0.3, bandwidth_mode : heuristic, epsilon : 0.0, normalized : True, random_seed : 10, 
bias_direct: 0.10586975952951043
rmse_direct: 0.14652598695828672
bias_indirect: 0.02630489618416592
rmse_indirect: 0.03423329070279471
bias_total: 0.09210964185382793
rmse_total: 0.12053211302644043
bias_mr: 0.0607976329524796
rmse_mr: 0.07478573575001794
coverage: 1.0
