Experiment: expname : bandwidth_experiment, data : uniform, n_samples : 500, mediator_dimension : 1, covariate_dimension : 1, alpha : 0.5, beta : 0.25, stochasticity : 1, gamma : 0.3, noise : uniform, 
Running with estimator : kme_dml, regularization : True, sample_splits : 1, reg_lambda : 0.001, reg_lambda_tilde : 0.001, kernel : gauss, density : gaussian, bandwidth : 0.3, bandwidth_mode : heuristic, epsilon : 0.0, normalized : True, random_seed : 41, 
bias_direct: 0.1978031624428257
rmse_direct: 0.2324513090009732
bias_indirect: 0.041538048321328784
rmse_indirect: 0.05703595806320439
bias_total: 0.22696999125905198
rmse_total: 0.2627518467751185
bias_mr: 0.14684379072976123
rmse_mr: 0.16294667176216635
coverage: 0.8275862068965517
