Experiment: expname : huber_experiment, data : uniform, n_samples : 500, mediator_dimension : 1, covariate_dimension : 1, alpha : 0.5, beta : 0.25, stochasticity : 1, gamma : 0.3, noise : uniform, 
Running with estimator : kme_dml, regularization : True, sample_splits : 1, reg_lambda : 0.001, reg_lambda_tilde : 0.001, kernel : gauss, density : gaussian, bandwidth : 0.3, bandwidth_mode : amse, epsilon : 0.5, normalized : True, random_seed : 89, 
bias_direct: 0.2300875565726578
rmse_direct: 0.2907113726678717
bias_indirect: 0.014098468152903219
rmse_indirect: 0.018466808001717686
bias_total: 0.2421325613738661
rmse_total: 0.3007583654413309
bias_mr: 0.1780999527765329
rmse_mr: 0.2256829018886916
coverage: 0.7931034482758621
