Experiment: expname : bandwidth_experiment, data : uniform, n_samples : 5000, mediator_dimension : 1, covariate_dimension : 1, alpha : 0.5, beta : 0.25, stochasticity : 1, gamma : 0.3, noise : uniform, 
Running with estimator : kme_dml, regularization : True, sample_splits : 1, reg_lambda : 0.001, reg_lambda_tilde : 0.001, kernel : gauss, density : gaussian, bandwidth : 0.3, bandwidth_mode : amse, epsilon : 0.5, normalized : True, random_seed : 70, 
bias_direct: 0.03715718597038928
rmse_direct: 0.0474645059966084
bias_indirect: 0.01593111493568081
rmse_indirect: 0.018906841824522545
bias_total: 0.03516868742314155
rmse_total: 0.042552904706473965
bias_mr: 0.026266024456642886
rmse_mr: 0.03389356983424268
coverage: 0.9655172413793104
