Experiment: expname : bandwidth_experiment, data : uniform, n_samples : 5000, mediator_dimension : 1, covariate_dimension : 1, alpha : 0.5, beta : 0.25, stochasticity : 1, gamma : 0.3, noise : uniform, 
Running with estimator : kme_dml, regularization : True, sample_splits : 1, reg_lambda : 0.001, reg_lambda_tilde : 0.001, kernel : gauss, density : gaussian, bandwidth : 0.3, bandwidth_mode : amse, epsilon : 0.5, normalized : True, random_seed : 57, 
bias_direct: 0.081900338956104
rmse_direct: 0.09964697587198451
bias_indirect: 0.02740393735432826
rmse_indirect: 0.0335914306102923
bias_total: 0.07158653630093814
rmse_total: 0.09036012597143356
bias_mr: 0.04959788126462966
rmse_mr: 0.06520214799685307
coverage: 0.9655172413793104
