Experiment: expname : bandwidth_experiment, data : uniform, n_samples : 5000, mediator_dimension : 1, covariate_dimension : 1, alpha : 0.5, beta : 0.25, stochasticity : 1, gamma : 0.3, noise : uniform, 
Running with estimator : kme_dml, regularization : True, sample_splits : 1, reg_lambda : 0.001, reg_lambda_tilde : 0.001, kernel : gauss, density : gaussian, bandwidth : 0.3, bandwidth_mode : amse, epsilon : 0.5, normalized : True, random_seed : 45, 
bias_direct: 0.05781063105634223
rmse_direct: 0.07492250723805556
bias_indirect: 0.024740196662832697
rmse_indirect: 0.029101332134668745
bias_total: 0.046170931341557156
rmse_total: 0.0624690160049241
bias_mr: 0.03897871588002985
rmse_mr: 0.05121219157356415
coverage: 1.0
