Experiment: expname : bandwidth_experiment, data : uniform, n_samples : 1000, mediator_dimension : 1, covariate_dimension : 1, alpha : 0.5, beta : 0.25, stochasticity : 1, gamma : 0.3, noise : uniform, 
Running with estimator : kme_dml, regularization : True, sample_splits : 1, reg_lambda : 0.001, reg_lambda_tilde : 0.001, kernel : gauss, density : gaussian, bandwidth : 0.3, bandwidth_mode : heuristic, epsilon : 0.0, normalized : True, random_seed : 37, 
bias_direct: 0.05837505283664656
rmse_direct: 0.07470757894107198
bias_indirect: 0.02431842259621664
rmse_indirect: 0.026256183948343195
bias_total: 0.054278519328291884
rmse_total: 0.07660675064137847
bias_mr: 0.047248550051179346
rmse_mr: 0.061148418335147066
coverage: 1.0
