Experiment: expname : bandwidth_experiment, data : uniform, n_samples : 500, mediator_dimension : 1, covariate_dimension : 1, alpha : 0.5, beta : 0.25, stochasticity : 1, gamma : 0.3, noise : uniform, 
Running with estimator : kme_dml, regularization : True, sample_splits : 1, reg_lambda : 0.001, reg_lambda_tilde : 0.001, kernel : gauss, density : gaussian, bandwidth : 0.3, bandwidth_mode : amse, epsilon : 0.5, normalized : True, random_seed : 83, 
bias_direct: 0.1180335899930289
rmse_direct: 0.1596478169767768
bias_indirect: 0.06644647647501285
rmse_indirect: 0.07319472021556467
bias_total: 0.13747131419632092
rmse_total: 0.16335975489956123
bias_mr: 0.14427018864326902
rmse_mr: 0.1649250354208507
coverage: 0.9655172413793104
