Experiment: expname : bandwidth_experiment, data : uniform, n_samples : 1000, mediator_dimension : 1, covariate_dimension : 1, alpha : 0.5, beta : 0.25, stochasticity : 1, gamma : 0.3, noise : uniform, 
Running with estimator : kme_dml, regularization : True, sample_splits : 1, reg_lambda : 0.001, reg_lambda_tilde : 0.001, kernel : gauss, density : gaussian, bandwidth : 0.3, bandwidth_mode : amse, epsilon : 0.5, normalized : True, random_seed : 18, 
bias_direct: 0.1007867723494324
rmse_direct: 0.11640716268257374
bias_indirect: 0.05123842500462257
rmse_indirect: 0.07060439866717547
bias_total: 0.1015737968889918
rmse_total: 0.11709871486236091
bias_mr: 0.10107749168538849
rmse_mr: 0.12461697894371743
coverage: 1.0
