Experiment: expname : bandwidth_experiment, data : uniform, n_samples : 500, mediator_dimension : 1, covariate_dimension : 1, alpha : 0.5, beta : 0.25, stochasticity : 1, gamma : 0.3, noise : uniform, 
Running with estimator : kme_dml, regularization : True, sample_splits : 1, reg_lambda : 0.001, reg_lambda_tilde : 0.001, kernel : gauss, density : gaussian, bandwidth : 0.3, bandwidth_mode : heuristic, epsilon : 0.0, normalized : True, random_seed : 78, 
bias_direct: 0.08338160847793942
rmse_direct: 0.09853151784025896
bias_indirect: 0.048485406547547016
rmse_indirect: 0.056700553818898575
bias_total: 0.1220715605932544
rmse_total: 0.14365082400625323
bias_mr: 0.06678814245834798
rmse_mr: 0.08606905292082027
coverage: 1.0
