Experiment: expname : huber_experiment, data : uniform, n_samples : 5000, mediator_dimension : 1, covariate_dimension : 1, alpha : 0.5, beta : 0.25, stochasticity : 1, gamma : 0.3, noise : uniform, 
Running with estimator : kme_dml, regularization : True, sample_splits : 1, reg_lambda : 0.001, reg_lambda_tilde : 0.001, kernel : gauss, density : gaussian, bandwidth : 0.3, bandwidth_mode : amse, epsilon : 0.5, normalized : True, random_seed : 55, 
bias_direct: 0.06946487868260934
rmse_direct: 0.08395693244128942
bias_indirect: 0.018983151634281135
rmse_indirect: 0.02298979380495416
bias_total: 0.06992656564025364
rmse_total: 0.08458363453201452
bias_mr: 0.04999540177612776
rmse_mr: 0.05997418913850958
coverage: 1.0
