Experiment: expname : huber_experiment, data : uniform, n_samples : 1000, mediator_dimension : 1, covariate_dimension : 1, alpha : 0.5, beta : 0.25, stochasticity : 1, gamma : 0.3, noise : uniform, 
Running with estimator : kme_dml, regularization : True, sample_splits : 1, reg_lambda : 0.001, reg_lambda_tilde : 0.001, kernel : gauss, density : gaussian, bandwidth : 0.3, bandwidth_mode : amse, epsilon : 0.5, normalized : True, random_seed : 96, 
bias_direct: 0.17820632403031597
rmse_direct: 0.21281674477565055
bias_indirect: 0.02823660493023361
rmse_indirect: 0.03721844676408946
bias_total: 0.18047062428646216
rmse_total: 0.2088955085545626
bias_mr: 0.13672804555220833
rmse_mr: 0.15785900614865592
coverage: 0.8620689655172413
