Experiment: expname : bandwidth_experiment, data : uniform, n_samples : 5000, mediator_dimension : 1, covariate_dimension : 1, alpha : 0.5, beta : 0.25, stochasticity : 1, gamma : 0.3, noise : uniform, 
Running with estimator : kme_dml, regularization : True, sample_splits : 1, reg_lambda : 0.001, reg_lambda_tilde : 0.001, kernel : gauss, density : gaussian, bandwidth : 0.3, bandwidth_mode : amse, epsilon : 0.5, normalized : True, random_seed : 2, 
bias_direct: 0.06057770477635973
rmse_direct: 0.08124659160840994
bias_indirect: 0.01389053941972912
rmse_indirect: 0.01807254928446779
bias_total: 0.058288851542150466
rmse_total: 0.08288925602312006
bias_mr: 0.05147390149756751
rmse_mr: 0.06290340541179601
coverage: 0.9655172413793104
