Experiment: expname : bandwidth_experiment, data : uniform, n_samples : 1000, mediator_dimension : 1, covariate_dimension : 1, alpha : 0.5, beta : 0.25, stochasticity : 1, gamma : 0.3, noise : uniform, 
Running with estimator : kme_dml, regularization : True, sample_splits : 1, reg_lambda : 0.001, reg_lambda_tilde : 0.001, kernel : gauss, density : gaussian, bandwidth : 0.3, bandwidth_mode : amse, epsilon : 0.5, normalized : True, random_seed : 89, 
bias_direct: 0.09165965717216863
rmse_direct: 0.11357464636060813
bias_indirect: 0.021654594798232306
rmse_indirect: 0.027115334251251295
bias_total: 0.08732916282174358
rmse_total: 0.10571512209101486
bias_mr: 0.06857512174634196
rmse_mr: 0.09491883990902399
coverage: 0.9655172413793104
