Experiment: expname : bandwidth_experiment, data : uniform, n_samples : 500, mediator_dimension : 1, covariate_dimension : 1, alpha : 0.5, beta : 0.25, stochasticity : 1, gamma : 0.3, noise : uniform, 
Running with estimator : kme_dml, regularization : True, sample_splits : 1, reg_lambda : 0.001, reg_lambda_tilde : 0.001, kernel : gauss, density : gaussian, bandwidth : 0.3, bandwidth_mode : heuristic, epsilon : 0.0, normalized : True, random_seed : 99, 
bias_direct: 0.13413921004423549
rmse_direct: 0.15524691454354125
bias_indirect: 0.06852883320224419
rmse_indirect: 0.07684577367104804
bias_total: 0.07123206215113438
rmse_total: 0.08657187129566965
bias_mr: 0.1454356636495291
rmse_mr: 0.16199071140572985
coverage: 0.7586206896551724
