Experiment: expname : bandwidth_experiment, data : uniform, n_samples : 1000, mediator_dimension : 1, covariate_dimension : 1, alpha : 0.5, beta : 0.25, stochasticity : 1, gamma : 0.3, noise : uniform, 
Running with estimator : kme_dml, regularization : True, sample_splits : 1, reg_lambda : 0.001, reg_lambda_tilde : 0.001, kernel : gauss, density : gaussian, bandwidth : 0.3, bandwidth_mode : heuristic, epsilon : 0.0, normalized : True, random_seed : 10, 
bias_direct: 0.04379606621432457
rmse_direct: 0.0536992367345825
bias_indirect: 0.022661531184165213
rmse_indirect: 0.029432418217474554
bias_total: 0.033906182541374126
rmse_total: 0.03972172231370273
bias_mr: 0.04704845549869104
rmse_mr: 0.06361954328169618
coverage: 1.0
