Experiment: expname : huber_experiment, data : uniform, n_samples : 500, mediator_dimension : 1, covariate_dimension : 1, alpha : 0.5, beta : 0.25, stochasticity : 1, gamma : 0.3, noise : uniform, 
Running with estimator : kme_dml, regularization : True, sample_splits : 1, reg_lambda : 0.001, reg_lambda_tilde : 0.001, kernel : gauss, density : gaussian, bandwidth : 0.3, bandwidth_mode : amse, epsilon : 0.5, normalized : True, random_seed : 27, 
bias_direct: 0.12212079231362742
rmse_direct: 0.16439443780792526
bias_indirect: 0.045679177790654994
rmse_indirect: 0.05229378263523426
bias_total: 0.12416390577571172
rmse_total: 0.1639440514790215
bias_mr: 0.15890757606691383
rmse_mr: 0.19057927795320848
coverage: 1.0
