Experiment: expname : huber_experiment, data : uniform, n_samples : 1000, mediator_dimension : 1, covariate_dimension : 1, alpha : 0.5, beta : 0.25, stochasticity : 1, gamma : 0.3, noise : uniform, 
Running with estimator : kme_dml, regularization : True, sample_splits : 1, reg_lambda : 0.001, reg_lambda_tilde : 0.001, kernel : gauss, density : gaussian, bandwidth : 0.3, bandwidth_mode : amse, epsilon : 0.5, normalized : True, random_seed : 67, 
bias_direct: 0.09053971504834725
rmse_direct: 0.11011291662211811
bias_indirect: 0.030600702744777716
rmse_indirect: 0.038656422005401744
bias_total: 0.11059350705928903
rmse_total: 0.13271747699150155
bias_mr: 0.06752944696502965
rmse_mr: 0.08432753951575421
coverage: 0.9655172413793104
