Experiment: expname : bandwidth_experiment, data : uniform, n_samples : 5000, mediator_dimension : 1, covariate_dimension : 1, alpha : 0.5, beta : 0.25, stochasticity : 1, gamma : 0.3, noise : uniform, 
Running with estimator : kme_dml, regularization : True, sample_splits : 1, reg_lambda : 0.001, reg_lambda_tilde : 0.001, kernel : gauss, density : gaussian, bandwidth : 0.3, bandwidth_mode : heuristic, epsilon : 0.0, normalized : True, random_seed : 10, 
bias_direct: 0.05953972423576772
rmse_direct: 0.08038692011914451
bias_indirect: 0.012144717937035643
rmse_indirect: 0.0157642203047625
bias_total: 0.05027931811932861
rmse_total: 0.06678570028023383
bias_mr: 0.042981898879387435
rmse_mr: 0.05289737541263625
coverage: 0.896551724137931
