Experiment: expname : huber_experiment, data : uniform, n_samples : 500, mediator_dimension : 1, covariate_dimension : 1, alpha : 0.5, beta : 0.25, stochasticity : 1, gamma : 0.3, noise : uniform, 
Running with estimator : kme_dml, regularization : True, sample_splits : 1, reg_lambda : 0.001, reg_lambda_tilde : 0.001, kernel : gauss, density : gaussian, bandwidth : 0.3, bandwidth_mode : amse, epsilon : 0.5, normalized : True, random_seed : 68, 
bias_direct: 0.2467045430819508
rmse_direct: 0.3294240633159852
bias_indirect: 0.048873752126989245
rmse_indirect: 0.05958776161508959
bias_total: 0.23628810994270308
rmse_total: 0.32819008158367624
bias_mr: 0.2175652360240481
rmse_mr: 0.24610004542847058
coverage: 0.896551724137931
