Experiment: expname : bandwidth_experiment, data : uniform, n_samples : 1000, mediator_dimension : 1, covariate_dimension : 1, alpha : 0.5, beta : 0.25, stochasticity : 1, gamma : 0.3, noise : uniform, 
Running with estimator : kme_dml, regularization : True, sample_splits : 1, reg_lambda : 0.001, reg_lambda_tilde : 0.001, kernel : gauss, density : gaussian, bandwidth : 0.3, bandwidth_mode : heuristic, epsilon : 0.0, normalized : True, random_seed : 60, 
bias_direct: 0.09801185142315173
rmse_direct: 0.1241737196317456
bias_indirect: 0.007603861973702329
rmse_indirect: 0.016047405600193326
bias_total: 0.10139582393654413
rmse_total: 0.123766369303731
bias_mr: 0.1089845416267828
rmse_mr: 0.11763404900023938
coverage: 0.8275862068965517
