Experiment: expname : huber_experiment, data : uniform, n_samples : 5000, mediator_dimension : 1, covariate_dimension : 1, alpha : 0.5, beta : 0.25, stochasticity : 1, gamma : 0.3, noise : uniform, 
Running with estimator : kme_dml, regularization : True, sample_splits : 1, reg_lambda : 0.001, reg_lambda_tilde : 0.001, kernel : gauss, density : gaussian, bandwidth : 0.3, bandwidth_mode : amse, epsilon : 0.5, normalized : True, random_seed : 44, 
bias_direct: 0.06717381790641859
rmse_direct: 0.08060729569398743
bias_indirect: 0.01792820589635875
rmse_indirect: 0.02474344569882685
bias_total: 0.059943370969330674
rmse_total: 0.07501973146769274
bias_mr: 0.06054818366979169
rmse_mr: 0.07106448524225317
coverage: 0.896551724137931
