Experiment: expname : bandwidth_experiment, data : uniform, n_samples : 1000, mediator_dimension : 1, covariate_dimension : 1, alpha : 0.5, beta : 0.25, stochasticity : 1, gamma : 0.3, noise : uniform, 
Running with estimator : kme_dml, regularization : True, sample_splits : 1, reg_lambda : 0.001, reg_lambda_tilde : 0.001, kernel : gauss, density : gaussian, bandwidth : 0.3, bandwidth_mode : amse, epsilon : 0.5, normalized : True, random_seed : 47, 
bias_direct: 0.15142540181038483
rmse_direct: 0.17041148368351336
bias_indirect: 0.03565193556069678
rmse_indirect: 0.04056761444107572
bias_total: 0.1586329986755386
rmse_total: 0.17549724349508408
bias_mr: 0.14574214000158606
rmse_mr: 0.161701228157392
coverage: 0.896551724137931
