Experiment: expname : bandwidth_experiment, data : uniform, n_samples : 5000, mediator_dimension : 1, covariate_dimension : 1, alpha : 0.5, beta : 0.25, stochasticity : 1, gamma : 0.3, noise : uniform, 
Running with estimator : kme_dml, regularization : True, sample_splits : 1, reg_lambda : 0.001, reg_lambda_tilde : 0.001, kernel : gauss, density : gaussian, bandwidth : 0.3, bandwidth_mode : amse, epsilon : 0.5, normalized : True, random_seed : 76, 
bias_direct: 0.05084593293034687
rmse_direct: 0.06799535129611708
bias_indirect: 0.03505280730062173
rmse_indirect: 0.03977241959777545
bias_total: 0.06378512169289179
rmse_total: 0.08484152303369134
bias_mr: 0.052287389778846
rmse_mr: 0.07297412199604957
coverage: 0.9655172413793104
