Experiment: expname : bandwidth_experiment, data : uniform, n_samples : 5000, mediator_dimension : 1, covariate_dimension : 1, alpha : 0.5, beta : 0.25, stochasticity : 1, gamma : 0.3, noise : uniform, 
Running with estimator : kme_dml, regularization : True, sample_splits : 1, reg_lambda : 0.001, reg_lambda_tilde : 0.001, kernel : gauss, density : gaussian, bandwidth : 0.3, bandwidth_mode : amse, epsilon : 0.5, normalized : True, random_seed : 1, 
bias_direct: 0.05110790952282905
rmse_direct: 0.06242941435122262
bias_indirect: 0.022280384981114072
rmse_indirect: 0.027828712335243207
bias_total: 0.04963543663733103
rmse_total: 0.06041950598805856
bias_mr: 0.056613658948641524
rmse_mr: 0.07092495321456205
coverage: 0.896551724137931
