Experiment: expname : bandwidth_experiment, data : uniform, n_samples : 5000, mediator_dimension : 1, covariate_dimension : 1, alpha : 0.5, beta : 0.25, stochasticity : 1, gamma : 0.3, noise : uniform, 
Running with estimator : kme_dml, regularization : True, sample_splits : 1, reg_lambda : 0.001, reg_lambda_tilde : 0.001, kernel : gauss, density : gaussian, bandwidth : 0.3, bandwidth_mode : amse, epsilon : 0.5, normalized : True, random_seed : 24, 
bias_direct: 0.04714102862956373
rmse_direct: 0.06219816354035838
bias_indirect: 0.026710429393145836
rmse_indirect: 0.03177812795838675
bias_total: 0.03659639198604668
rmse_total: 0.04955668442568075
bias_mr: 0.05888007791584821
rmse_mr: 0.07907687986917473
coverage: 0.9310344827586207
