Experiment: expname : bandwidth_experiment, data : uniform, n_samples : 1000, mediator_dimension : 1, covariate_dimension : 1, alpha : 0.5, beta : 0.25, stochasticity : 1, gamma : 0.3, noise : uniform, 
Running with estimator : kme_dml, regularization : True, sample_splits : 1, reg_lambda : 0.001, reg_lambda_tilde : 0.001, kernel : gauss, density : gaussian, bandwidth : 0.3, bandwidth_mode : heuristic, epsilon : 0.0, normalized : True, random_seed : 84, 
bias_direct: 0.10794911963054586
rmse_direct: 0.12133355999043667
bias_indirect: 0.03510072753062133
rmse_indirect: 0.04175891534097916
bias_total: 0.08087228674057513
rmse_total: 0.09983461613851181
bias_mr: 0.09326761292318805
rmse_mr: 0.10372832920781153
coverage: 1.0
