Experiment: expname : bandwidth_experiment, data : uniform, n_samples : 5000, mediator_dimension : 1, covariate_dimension : 1, alpha : 0.5, beta : 0.25, stochasticity : 1, gamma : 0.3, noise : uniform, 
Running with estimator : kme_dml, regularization : True, sample_splits : 1, reg_lambda : 0.001, reg_lambda_tilde : 0.001, kernel : gauss, density : gaussian, bandwidth : 0.3, bandwidth_mode : heuristic, epsilon : 0.0, normalized : True, random_seed : 17, 
bias_direct: 0.040118819124031306
rmse_direct: 0.048887876445689066
bias_indirect: 0.007625358737978021
rmse_indirect: 0.010303333368834487
bias_total: 0.0389246165263716
rmse_total: 0.045478722871785976
bias_mr: 0.02198740242420832
rmse_mr: 0.028326214310997907
coverage: 1.0
