Experiment: expname : bandwidth_experiment, data : uniform, n_samples : 1000, mediator_dimension : 1, covariate_dimension : 1, alpha : 0.5, beta : 0.25, stochasticity : 1, gamma : 0.3, noise : uniform, 
Running with estimator : kme_dml, regularization : True, sample_splits : 1, reg_lambda : 0.001, reg_lambda_tilde : 0.001, kernel : gauss, density : gaussian, bandwidth : 0.3, bandwidth_mode : amse, epsilon : 0.5, normalized : True, random_seed : 5, 
bias_direct: 0.06857260175443135
rmse_direct: 0.10196678345784596
bias_indirect: 0.023361017065851607
rmse_indirect: 0.029501837742396838
bias_total: 0.07594662899696827
rmse_total: 0.10717834860211543
bias_mr: 0.07139010579805156
rmse_mr: 0.10306407526083228
coverage: 0.896551724137931
