Experiment: expname : bandwidth_experiment, data : uniform, n_samples : 500, mediator_dimension : 1, covariate_dimension : 1, alpha : 0.5, beta : 0.25, stochasticity : 1, gamma : 0.3, noise : uniform, 
Running with estimator : kme_dml, regularization : True, sample_splits : 1, reg_lambda : 0.001, reg_lambda_tilde : 0.001, kernel : gauss, density : gaussian, bandwidth : 0.3, bandwidth_mode : heuristic, epsilon : 0.0, normalized : True, random_seed : 79, 
bias_direct: 0.090947004899677
rmse_direct: 0.13575108084120804
bias_indirect: 0.03878603558649823
rmse_indirect: 0.04984453391840719
bias_total: 0.10433832356347568
rmse_total: 0.12825617525365043
bias_mr: 0.08627642354456878
rmse_mr: 0.09383711373127995
coverage: 1.0
