Experiment: expname : bandwidth_experiment, data : uniform, n_samples : 1000, mediator_dimension : 1, covariate_dimension : 1, alpha : 0.5, beta : 0.25, stochasticity : 1, gamma : 0.3, noise : uniform, 
Running with estimator : kme_dml, regularization : True, sample_splits : 1, reg_lambda : 0.001, reg_lambda_tilde : 0.001, kernel : gauss, density : gaussian, bandwidth : 0.3, bandwidth_mode : amse, epsilon : 0.5, normalized : True, random_seed : 44, 
bias_direct: 0.12836970307715417
rmse_direct: 0.15202063916462916
bias_indirect: 0.03338498530876874
rmse_indirect: 0.04275500614139625
bias_total: 0.10834883030493009
rmse_total: 0.13784935375949067
bias_mr: 0.11515387038767777
rmse_mr: 0.1431146589009215
coverage: 0.9310344827586207
