Experiment: expname : bandwidth_experiment, data : uniform, n_samples : 5000, mediator_dimension : 1, covariate_dimension : 1, alpha : 0.5, beta : 0.25, stochasticity : 1, gamma : 0.3, noise : uniform, 
Running with estimator : kme_dml, regularization : True, sample_splits : 1, reg_lambda : 0.001, reg_lambda_tilde : 0.001, kernel : gauss, density : gaussian, bandwidth : 0.3, bandwidth_mode : heuristic, epsilon : 0.0, normalized : True, random_seed : 46, 
bias_direct: 0.043834693899809186
rmse_direct: 0.04938229547767416
bias_indirect: 0.020892648035138843
rmse_indirect: 0.023666488651273822
bias_total: 0.02530915105578445
rmse_total: 0.03277028276419121
bias_mr: 0.03930126094132036
rmse_mr: 0.04545618046865168
coverage: 1.0
