Experiment: expname : huber_experiment, data : uniform, n_samples : 1000, mediator_dimension : 1, covariate_dimension : 1, alpha : 0.5, beta : 0.25, stochasticity : 1, gamma : 0.3, noise : uniform, 
Running with estimator : kme_dml, regularization : True, sample_splits : 1, reg_lambda : 0.001, reg_lambda_tilde : 0.001, kernel : gauss, density : gaussian, bandwidth : 0.3, bandwidth_mode : amse, epsilon : 0.5, normalized : True, random_seed : 48, 
bias_direct: 0.09019013404370403
rmse_direct: 0.11768954834111298
bias_indirect: 0.04816305760377936
rmse_indirect: 0.05610380700128125
bias_total: 0.10032573095773704
rmse_total: 0.1180806197082097
bias_mr: 0.1457499014394944
rmse_mr: 0.18967929607766
coverage: 0.7241379310344828
