Experiment: expname : bandwidth_experiment, data : uniform, n_samples : 5000, mediator_dimension : 1, covariate_dimension : 1, alpha : 0.5, beta : 0.25, stochasticity : 1, gamma : 0.3, noise : uniform, 
Running with estimator : kme_dml, regularization : True, sample_splits : 1, reg_lambda : 0.001, reg_lambda_tilde : 0.001, kernel : gauss, density : gaussian, bandwidth : 0.3, bandwidth_mode : heuristic, epsilon : 0.0, normalized : True, random_seed : 96, 
bias_direct: 0.042303012067326035
rmse_direct: 0.0471378421564896
bias_indirect: 0.014645341167521773
rmse_indirect: 0.018019384823256376
bias_total: 0.03355012339308424
rmse_total: 0.04213655283366538
bias_mr: 0.04213614610483772
rmse_mr: 0.04980598603227943
coverage: 1.0
