Experiment: expname : bandwidth_experiment, data : uniform, n_samples : 5000, mediator_dimension : 1, covariate_dimension : 1, alpha : 0.5, beta : 0.25, stochasticity : 1, gamma : 0.3, noise : uniform, 
Running with estimator : kme_dml, regularization : True, sample_splits : 1, reg_lambda : 0.001, reg_lambda_tilde : 0.001, kernel : gauss, density : gaussian, bandwidth : 0.3, bandwidth_mode : amse, epsilon : 0.5, normalized : True, random_seed : 28, 
bias_direct: 0.04238426987531292
rmse_direct: 0.06103359046454629
bias_indirect: 0.016486840189884132
rmse_indirect: 0.020381679860199762
bias_total: 0.03955426861545561
rmse_total: 0.054305290250097324
bias_mr: 0.044512336443237294
rmse_mr: 0.05986240282512545
coverage: 0.9655172413793104
