Experiment: expname : huber_experiment, data : uniform, n_samples : 5000, mediator_dimension : 1, covariate_dimension : 1, alpha : 0.5, beta : 0.25, stochasticity : 1, gamma : 0.3, noise : uniform, 
Running with estimator : kme_dml, regularization : True, sample_splits : 1, reg_lambda : 0.001, reg_lambda_tilde : 0.001, kernel : gauss, density : gaussian, bandwidth : 0.3, bandwidth_mode : amse, epsilon : 0.5, normalized : True, random_seed : 80, 
bias_direct: 0.06439270419017999
rmse_direct: 0.09098844493522035
bias_indirect: 0.01407752474664636
rmse_indirect: 0.016683947837879024
bias_total: 0.06684056288113703
rmse_total: 0.09542896433137207
bias_mr: 0.0489248080958717
rmse_mr: 0.06723533842516888
coverage: 0.9655172413793104
