Experiment: expname : huber_experiment, data : uniform, n_samples : 500, mediator_dimension : 1, covariate_dimension : 1, alpha : 0.5, beta : 0.25, stochasticity : 1, gamma : 0.3, noise : uniform, 
Running with estimator : kme_dml, regularization : True, sample_splits : 1, reg_lambda : 0.001, reg_lambda_tilde : 0.001, kernel : gauss, density : gaussian, bandwidth : 0.3, bandwidth_mode : amse, epsilon : 0.5, normalized : True, random_seed : 36, 
bias_direct: 0.1649499860648776
rmse_direct: 0.217084689549508
bias_indirect: 0.03494747221982103
rmse_indirect: 0.04574729488339302
bias_total: 0.14905281344344634
rmse_total: 0.1953148329747352
bias_mr: 0.11768191272216401
rmse_mr: 0.13807498697027523
coverage: 1.0
