Experiment: expname : bandwidth_experiment, data : uniform, n_samples : 1000, mediator_dimension : 1, covariate_dimension : 1, alpha : 0.5, beta : 0.25, stochasticity : 1, gamma : 0.3, noise : uniform, 
Running with estimator : kme_dml, regularization : True, sample_splits : 1, reg_lambda : 0.001, reg_lambda_tilde : 0.001, kernel : gauss, density : gaussian, bandwidth : 0.3, bandwidth_mode : heuristic, epsilon : 0.0, normalized : True, random_seed : 63, 
bias_direct: 0.06015999626454714
rmse_direct: 0.08648995764340744
bias_indirect: 0.03477152360271289
rmse_indirect: 0.04109057489987676
bias_total: 0.05820412780729564
rmse_total: 0.08573912171356529
bias_mr: 0.04808748918521706
rmse_mr: 0.07069917478934216
coverage: 0.9655172413793104
