Experiment: expname : huber_experiment, data : uniform, n_samples : 1000, mediator_dimension : 1, covariate_dimension : 1, alpha : 0.5, beta : 0.25, stochasticity : 1, gamma : 0.3, noise : uniform, 
Running with estimator : kme_dml, regularization : True, sample_splits : 1, reg_lambda : 0.001, reg_lambda_tilde : 0.001, kernel : gauss, density : gaussian, bandwidth : 0.3, bandwidth_mode : amse, epsilon : 0.5, normalized : True, random_seed : 20, 
bias_direct: 0.13350083554020886
rmse_direct: 0.16017041543599153
bias_indirect: 0.019794248310400286
rmse_indirect: 0.02734951984975089
bias_total: 0.14615702982692882
rmse_total: 0.17311938459959955
bias_mr: 0.10963062004467954
rmse_mr: 0.12582081078869964
coverage: 0.9310344827586207
