Experiment: expname : huber_experiment, data : uniform, n_samples : 500, mediator_dimension : 1, covariate_dimension : 1, alpha : 0.5, beta : 0.25, stochasticity : 1, gamma : 0.3, noise : uniform, 
Running with estimator : kme_dml, regularization : True, sample_splits : 1, reg_lambda : 0.001, reg_lambda_tilde : 0.001, kernel : gauss, density : gaussian, bandwidth : 0.3, bandwidth_mode : amse, epsilon : 0.5, normalized : True, random_seed : 60, 
bias_direct: 0.14571652194602128
rmse_direct: 0.19135503968057327
bias_indirect: 0.05808698754924506
rmse_indirect: 0.07222934219646217
bias_total: 0.11523751967696183
rmse_total: 0.1637744771375946
bias_mr: 0.1322594482239979
rmse_mr: 0.17594081172327958
coverage: 0.9655172413793104
