Experiment: expname : bandwidth_experiment, data : uniform, n_samples : 5000, mediator_dimension : 1, covariate_dimension : 1, alpha : 0.5, beta : 0.25, stochasticity : 1, gamma : 0.3, noise : uniform, 
Running with estimator : kme_dml, regularization : True, sample_splits : 1, reg_lambda : 0.001, reg_lambda_tilde : 0.001, kernel : gauss, density : gaussian, bandwidth : 0.3, bandwidth_mode : amse, epsilon : 0.5, normalized : True, random_seed : 42, 
bias_direct: 0.055124249663608585
rmse_direct: 0.06231024641414024
bias_indirect: 0.02392574469650037
rmse_indirect: 0.028966215786657267
bias_total: 0.03814952233053235
rmse_total: 0.04599977767489607
bias_mr: 0.061559848189628306
rmse_mr: 0.07202554673641799
coverage: 0.896551724137931
