Experiment: expname : bandwidth_experiment, data : uniform, n_samples : 5000, mediator_dimension : 1, covariate_dimension : 1, alpha : 0.5, beta : 0.25, stochasticity : 1, gamma : 0.3, noise : uniform, 
Running with estimator : kme_dml, regularization : True, sample_splits : 1, reg_lambda : 0.001, reg_lambda_tilde : 0.001, kernel : gauss, density : gaussian, bandwidth : 0.3, bandwidth_mode : heuristic, epsilon : 0.0, normalized : True, random_seed : 13, 
bias_direct: 0.03610696255472054
rmse_direct: 0.047812562173474946
bias_indirect: 0.022312368287631945
rmse_indirect: 0.027889938969728183
bias_total: 0.05228196390126445
rmse_total: 0.064360269737687
bias_mr: 0.03260701540365878
rmse_mr: 0.04794393376880911
coverage: 0.9310344827586207
