Experiment: expname : bandwidth_experiment, data : uniform, n_samples : 5000, mediator_dimension : 1, covariate_dimension : 1, alpha : 0.5, beta : 0.25, stochasticity : 1, gamma : 0.3, noise : uniform, 
Running with estimator : kme_dml, regularization : True, sample_splits : 1, reg_lambda : 0.001, reg_lambda_tilde : 0.001, kernel : gauss, density : gaussian, bandwidth : 0.3, bandwidth_mode : heuristic, epsilon : 0.0, normalized : True, random_seed : 14, 
bias_direct: 0.03792031706108778
rmse_direct: 0.050624710836099956
bias_indirect: 0.015807920300077494
rmse_indirect: 0.021807578541164413
bias_total: 0.03513557800706781
rmse_total: 0.04898309148883126
bias_mr: 0.04850015409202378
rmse_mr: 0.06306869146695704
coverage: 0.7931034482758621
