Experiment: expname : bandwidth_experiment, data : uniform, n_samples : 5000, mediator_dimension : 1, covariate_dimension : 1, alpha : 0.5, beta : 0.25, stochasticity : 1, gamma : 0.3, noise : uniform, 
Running with estimator : kme_dml, regularization : True, sample_splits : 1, reg_lambda : 0.001, reg_lambda_tilde : 0.001, kernel : gauss, density : gaussian, bandwidth : 0.3, bandwidth_mode : amse, epsilon : 0.5, normalized : True, random_seed : 75, 
bias_direct: 0.08008175991660924
rmse_direct: 0.10834985912524464
bias_indirect: 0.02344821551616322
rmse_indirect: 0.02693592765734209
bias_total: 0.09399718780838567
rmse_total: 0.12691488117668953
bias_mr: 0.06503772271425826
rmse_mr: 0.10348419294684008
coverage: 0.9310344827586207
