Experiment: expname : huber_experiment, data : uniform, n_samples : 5000, mediator_dimension : 1, covariate_dimension : 1, alpha : 0.5, beta : 0.25, stochasticity : 1, gamma : 0.3, noise : uniform, 
Running with estimator : kme_dml, regularization : True, sample_splits : 1, reg_lambda : 0.001, reg_lambda_tilde : 0.001, kernel : gauss, density : gaussian, bandwidth : 0.3, bandwidth_mode : amse, epsilon : 0.5, normalized : True, random_seed : 0, 
bias_direct: 0.08960872143101964
rmse_direct: 0.11553615173626829
bias_indirect: 0.019456488889977787
rmse_indirect: 0.024172183128767153
bias_total: 0.10511009525238983
rmse_total: 0.13538910230190263
bias_mr: 0.08143306761582345
rmse_mr: 0.09767140501855004
coverage: 0.8620689655172413
