Experiment: expname : bandwidth_experiment, data : uniform, n_samples : 1000, mediator_dimension : 1, covariate_dimension : 1, alpha : 0.5, beta : 0.25, stochasticity : 1, gamma : 0.3, noise : uniform, 
Running with estimator : kme_dml, regularization : True, sample_splits : 1, reg_lambda : 0.001, reg_lambda_tilde : 0.001, kernel : gauss, density : gaussian, bandwidth : 0.3, bandwidth_mode : amse, epsilon : 0.5, normalized : True, random_seed : 55, 
bias_direct: 0.14755805840426076
rmse_direct: 0.20648940372358596
bias_indirect: 0.02750182569419299
rmse_indirect: 0.033560519948341985
bias_total: 0.1517915613399141
rmse_total: 0.2162905454002918
bias_mr: 0.1478692977905609
rmse_mr: 0.21292535027240478
coverage: 0.9310344827586207
