Experiment: expname : bandwidth_experiment, data : uniform, n_samples : 5000, mediator_dimension : 1, covariate_dimension : 1, alpha : 0.5, beta : 0.25, stochasticity : 1, gamma : 0.3, noise : uniform, 
Running with estimator : kme_dml, regularization : True, sample_splits : 1, reg_lambda : 0.001, reg_lambda_tilde : 0.001, kernel : gauss, density : gaussian, bandwidth : 0.3, bandwidth_mode : amse, epsilon : 0.5, normalized : True, random_seed : 97, 
bias_direct: 0.07517829035289637
rmse_direct: 0.08721585369203808
bias_indirect: 0.03168869045291683
rmse_indirect: 0.0372983416132031
bias_total: 0.09801759521151134
rmse_total: 0.11193469521995775
bias_mr: 0.05204591356808351
rmse_mr: 0.06450714584879738
coverage: 1.0
