Experiment: expname : huber_experiment, data : uniform, n_samples : 1000, mediator_dimension : 1, covariate_dimension : 1, alpha : 0.5, beta : 0.25, stochasticity : 1, gamma : 0.3, noise : uniform, 
Running with estimator : kme_dml, regularization : True, sample_splits : 1, reg_lambda : 0.001, reg_lambda_tilde : 0.001, kernel : gauss, density : gaussian, bandwidth : 0.3, bandwidth_mode : amse, epsilon : 0.5, normalized : True, random_seed : 19, 
bias_direct: 0.1789206221757488
rmse_direct: 0.21327180366657508
bias_indirect: 0.03857555416521374
rmse_indirect: 0.044860776194149
bias_total: 0.20375488887541512
rmse_total: 0.2457458902171782
bias_mr: 0.11524782269399245
rmse_mr: 0.14466076983782145
coverage: 0.8275862068965517
