Experiment: expname : huber_experiment, data : uniform, n_samples : 500, mediator_dimension : 1, covariate_dimension : 1, alpha : 0.5, beta : 0.25, stochasticity : 1, gamma : 0.3, noise : uniform, 
Running with estimator : kme_dml, regularization : True, sample_splits : 1, reg_lambda : 0.001, reg_lambda_tilde : 0.001, kernel : gauss, density : gaussian, bandwidth : 0.3, bandwidth_mode : amse, epsilon : 0.5, normalized : True, random_seed : 55, 
bias_direct: 0.14907743426055595
rmse_direct: 0.18379524053520285
bias_indirect: 0.045144973465458496
rmse_indirect: 0.05819095869061099
bias_total: 0.13894975828655562
rmse_total: 0.17077423745959888
bias_mr: 0.14152181974842212
rmse_mr: 0.18503936580781394
coverage: 1.0
