Experiment: expname : bandwidth_experiment, data : uniform, n_samples : 500, mediator_dimension : 1, covariate_dimension : 1, alpha : 0.5, beta : 0.25, stochasticity : 1, gamma : 0.3, noise : uniform, 
Running with estimator : kme_dml, regularization : True, sample_splits : 1, reg_lambda : 0.001, reg_lambda_tilde : 0.001, kernel : gauss, density : gaussian, bandwidth : 0.3, bandwidth_mode : amse, epsilon : 0.5, normalized : True, random_seed : 61, 
bias_direct: 0.09635343188533775
rmse_direct: 0.13055177919299563
bias_indirect: 0.03868123794472044
rmse_indirect: 0.05033068011906416
bias_total: 0.12363426867880935
rmse_total: 0.15868654246458613
bias_mr: 0.08312465265421469
rmse_mr: 0.10121075472235493
coverage: 0.9655172413793104
