Experiment: expname : bandwidth_experiment, data : uniform, n_samples : 1000, mediator_dimension : 1, covariate_dimension : 1, alpha : 0.5, beta : 0.25, stochasticity : 1, gamma : 0.3, noise : uniform, 
Running with estimator : kme_dml, regularization : True, sample_splits : 1, reg_lambda : 0.001, reg_lambda_tilde : 0.001, kernel : gauss, density : gaussian, bandwidth : 0.3, bandwidth_mode : amse, epsilon : 0.5, normalized : True, random_seed : 12, 
bias_direct: 0.11580730342171305
rmse_direct: 0.1722847881697238
bias_indirect: 0.033629072884064075
rmse_indirect: 0.0410304200693923
bias_total: 0.11170855434001967
rmse_total: 0.15186695771560285
bias_mr: 0.10396452382385105
rmse_mr: 0.11922845185303932
coverage: 0.9655172413793104
