Experiment: expname : huber_experiment, data : uniform, n_samples : 500, mediator_dimension : 1, covariate_dimension : 1, alpha : 0.5, beta : 0.25, stochasticity : 1, gamma : 0.3, noise : uniform, 
Running with estimator : kme_dml, regularization : True, sample_splits : 1, reg_lambda : 0.001, reg_lambda_tilde : 0.001, kernel : gauss, density : gaussian, bandwidth : 0.3, bandwidth_mode : amse, epsilon : 0.5, normalized : True, random_seed : 54, 
bias_direct: 0.09556040488123531
rmse_direct: 0.11441286739728115
bias_indirect: 0.04863085534120058
rmse_indirect: 0.06447584278290314
bias_total: 0.1414193152062622
rmse_total: 0.16265594096500113
bias_mr: 0.09711585201873454
rmse_mr: 0.12030688661821448
coverage: 1.0
