Experiment: expname : huber_experiment, data : uniform, n_samples : 500, mediator_dimension : 1, covariate_dimension : 1, alpha : 0.5, beta : 0.25, stochasticity : 1, gamma : 0.3, noise : uniform, 
Running with estimator : kme_dml, regularization : True, sample_splits : 1, reg_lambda : 0.001, reg_lambda_tilde : 0.001, kernel : gauss, density : gaussian, bandwidth : 0.3, bandwidth_mode : amse, epsilon : 0.5, normalized : True, random_seed : 76, 
bias_direct: 0.2106379069596123
rmse_direct: 0.24096977038134312
bias_indirect: 0.03490188119686177
rmse_indirect: 0.04273166432938988
bias_total: 0.22297438108606824
rmse_total: 0.2645848060910523
bias_mr: 0.1943828919486001
rmse_mr: 0.21931288597335236
coverage: 1.0
