Experiment: expname : huber_experiment, data : uniform, n_samples : 1000, mediator_dimension : 1, covariate_dimension : 1, alpha : 0.5, beta : 0.25, stochasticity : 1, gamma : 0.3, noise : uniform, 
Running with estimator : kme_dml, regularization : True, sample_splits : 1, reg_lambda : 0.001, reg_lambda_tilde : 0.001, kernel : gauss, density : gaussian, bandwidth : 0.3, bandwidth_mode : amse, epsilon : 0.5, normalized : True, random_seed : 30, 
bias_direct: 0.1789592290763542
rmse_direct: 0.21737467755138742
bias_indirect: 0.054789619048192524
rmse_indirect: 0.06414568633377601
bias_total: 0.228131464360916
rmse_total: 0.2602528720841373
bias_mr: 0.2145015084799853
rmse_mr: 0.26384250181788554
coverage: 0.5862068965517241
