Experiment: expname : huber_experiment, data : uniform, n_samples : 500, mediator_dimension : 1, covariate_dimension : 1, alpha : 0.5, beta : 0.25, stochasticity : 1, gamma : 0.3, noise : uniform, 
Running with estimator : kme_dml, regularization : True, sample_splits : 1, reg_lambda : 0.001, reg_lambda_tilde : 0.001, kernel : gauss, density : gaussian, bandwidth : 0.3, bandwidth_mode : amse, epsilon : 0.5, normalized : True, random_seed : 58, 
bias_direct: 0.35432665265677027
rmse_direct: 0.41046351085767135
bias_indirect: 0.052822873816798045
rmse_indirect: 0.06270932973344097
bias_total: 0.3507008891679649
rmse_total: 0.42944426432835764
bias_mr: 0.14137345773070428
rmse_mr: 0.1787113714772415
coverage: 0.9310344827586207
