Experiment: expname : bandwidth_experiment, data : uniform, n_samples : 500, mediator_dimension : 1, covariate_dimension : 1, alpha : 0.5, beta : 0.25, stochasticity : 1, gamma : 0.3, noise : uniform, 
Running with estimator : kme_dml, regularization : True, sample_splits : 1, reg_lambda : 0.001, reg_lambda_tilde : 0.001, kernel : gauss, density : gaussian, bandwidth : 0.3, bandwidth_mode : amse, epsilon : 0.5, normalized : True, random_seed : 4, 
bias_direct: 0.1776819911099
rmse_direct: 0.215396512840584
bias_indirect: 0.030764418523039645
rmse_indirect: 0.04075017645844893
bias_total: 0.17199334992181983
rmse_total: 0.20855449411179763
bias_mr: 0.09885581409225022
rmse_mr: 0.12428656971477975
coverage: 1.0
