Experiment: expname : bandwidth_experiment, data : uniform, n_samples : 1000, mediator_dimension : 1, covariate_dimension : 1, alpha : 0.5, beta : 0.25, stochasticity : 1, gamma : 0.3, noise : uniform, 
Running with estimator : kme_dml, regularization : True, sample_splits : 1, reg_lambda : 0.001, reg_lambda_tilde : 0.001, kernel : gauss, density : gaussian, bandwidth : 0.3, bandwidth_mode : heuristic, epsilon : 0.0, normalized : True, random_seed : 26, 
bias_direct: 0.09131663734413817
rmse_direct: 0.1090073916350924
bias_indirect: 0.01578630818031409
rmse_indirect: 0.017707231886667056
bias_total: 0.10359390729979498
rmse_total: 0.12205116815926038
bias_mr: 0.07058812340829407
rmse_mr: 0.07973778216392562
coverage: 1.0
