Experiment: expname : bandwidth_experiment, data : uniform, n_samples : 1000, mediator_dimension : 1, covariate_dimension : 1, alpha : 0.5, beta : 0.25, stochasticity : 1, gamma : 0.3, noise : uniform, 
Running with estimator : kme_dml, regularization : True, sample_splits : 1, reg_lambda : 0.001, reg_lambda_tilde : 0.001, kernel : gauss, density : gaussian, bandwidth : 0.3, bandwidth_mode : amse, epsilon : 0.5, normalized : True, random_seed : 34, 
bias_direct: 0.11122523022761409
rmse_direct: 0.13591137083790536
bias_indirect: 0.04919909171024377
rmse_indirect: 0.05653065942831265
bias_total: 0.1064842528347836
rmse_total: 0.1346950786181813
bias_mr: 0.13560278427806435
rmse_mr: 0.16498199927190402
coverage: 0.896551724137931
