Experiment: expname : bandwidth_experiment, data : uniform, n_samples : 5000, mediator_dimension : 1, covariate_dimension : 1, alpha : 0.5, beta : 0.25, stochasticity : 1, gamma : 0.3, noise : uniform, 
Running with estimator : kme_dml, regularization : True, sample_splits : 1, reg_lambda : 0.001, reg_lambda_tilde : 0.001, kernel : gauss, density : gaussian, bandwidth : 0.3, bandwidth_mode : amse, epsilon : 0.5, normalized : True, random_seed : 92, 
bias_direct: 0.05978203277210754
rmse_direct: 0.08289485028213608
bias_indirect: 0.024708942972110418
rmse_indirect: 0.03008522736680149
bias_total: 0.05401264526845383
rmse_total: 0.07967782077086127
bias_mr: 0.05723815046286814
rmse_mr: 0.0787554543620754
coverage: 0.9310344827586207
