Experiment: expname : huber_experiment, data : uniform, n_samples : 5000, mediator_dimension : 1, covariate_dimension : 1, alpha : 0.5, beta : 0.25, stochasticity : 1, gamma : 0.3, noise : uniform, 
Running with estimator : kme_dml, regularization : True, sample_splits : 1, reg_lambda : 0.001, reg_lambda_tilde : 0.001, kernel : gauss, density : gaussian, bandwidth : 0.3, bandwidth_mode : amse, epsilon : 0.5, normalized : True, random_seed : 20, 
bias_direct: 0.05897169110638893
rmse_direct: 0.07410482457892198
bias_indirect: 0.02467198473105339
rmse_indirect: 0.028823284994732537
bias_total: 0.061384754127246026
rmse_total: 0.07926804870676582
bias_mr: 0.06240502460298644
rmse_mr: 0.07673847649070505
coverage: 0.8620689655172413
