Experiment: expname : bandwidth_experiment, data : uniform, n_samples : 5000, mediator_dimension : 1, covariate_dimension : 1, alpha : 0.5, beta : 0.25, stochasticity : 1, gamma : 0.3, noise : uniform, 
Running with estimator : kme_dml, regularization : True, sample_splits : 1, reg_lambda : 0.001, reg_lambda_tilde : 0.001, kernel : gauss, density : gaussian, bandwidth : 0.3, bandwidth_mode : heuristic, epsilon : 0.0, normalized : True, random_seed : 59, 
bias_direct: 0.03981514532481396
rmse_direct: 0.05221922335762175
bias_indirect: 0.01181025860706332
rmse_indirect: 0.016426623369590963
bias_total: 0.03880262381905038
rmse_total: 0.052965874825420534
bias_mr: 0.06733090945537518
rmse_mr: 0.07643046878233913
coverage: 0.7586206896551724
