Experiment: expname : huber_experiment, data : uniform, n_samples : 1000, mediator_dimension : 1, covariate_dimension : 1, alpha : 0.5, beta : 0.25, stochasticity : 1, gamma : 0.3, noise : uniform, 
Running with estimator : kme_dml, regularization : True, sample_splits : 1, reg_lambda : 0.001, reg_lambda_tilde : 0.001, kernel : gauss, density : gaussian, bandwidth : 0.3, bandwidth_mode : amse, epsilon : 0.5, normalized : True, random_seed : 79, 
bias_direct: 0.08040382324853113
rmse_direct: 0.09988575065289024
bias_indirect: 0.015001865883089483
rmse_indirect: 0.019575116111592905
bias_total: 0.08755709821501824
rmse_total: 0.10348235901447175
bias_mr: 0.10129020051597279
rmse_mr: 0.12151394989756824
coverage: 1.0
