Experiment: expname : bandwidth_experiment, data : uniform, n_samples : 1000, mediator_dimension : 1, covariate_dimension : 1, alpha : 0.5, beta : 0.25, stochasticity : 1, gamma : 0.3, noise : uniform, 
Running with estimator : kme_dml, regularization : True, sample_splits : 1, reg_lambda : 0.001, reg_lambda_tilde : 0.001, kernel : gauss, density : gaussian, bandwidth : 0.3, bandwidth_mode : amse, epsilon : 0.5, normalized : True, random_seed : 2, 
bias_direct: 0.23882616523687525
rmse_direct: 0.27454019258501616
bias_indirect: 0.03852604289762779
rmse_indirect: 0.0472629240241967
bias_total: 0.2659647609700774
rmse_total: 0.3019035279976815
bias_mr: 0.17101259733363977
rmse_mr: 0.20098583047171614
coverage: 0.6896551724137931
