Experiment: expname : bandwidth_experiment, data : uniform, n_samples : 500, mediator_dimension : 1, covariate_dimension : 1, alpha : 0.5, beta : 0.25, stochasticity : 1, gamma : 0.3, noise : uniform, 
Running with estimator : kme_dml, regularization : True, sample_splits : 1, reg_lambda : 0.001, reg_lambda_tilde : 0.001, kernel : gauss, density : gaussian, bandwidth : 0.3, bandwidth_mode : amse, epsilon : 0.5, normalized : True, random_seed : 66, 
bias_direct: 0.1101790367545442
rmse_direct: 0.13380373007416926
bias_indirect: 0.06479716473410543
rmse_indirect: 0.08120446017690601
bias_total: 0.1348432260242708
rmse_total: 0.16873325037498302
bias_mr: 0.20808147550060074
rmse_mr: 0.22879594688381846
coverage: 0.9310344827586207
