Experiment: expname : huber_experiment, data : uniform, n_samples : 5000, mediator_dimension : 1, covariate_dimension : 1, alpha : 0.5, beta : 0.25, stochasticity : 1, gamma : 0.3, noise : uniform, 
Running with estimator : kme_dml, regularization : True, sample_splits : 1, reg_lambda : 0.001, reg_lambda_tilde : 0.001, kernel : gauss, density : gaussian, bandwidth : 0.3, bandwidth_mode : amse, epsilon : 0.5, normalized : True, random_seed : 88, 
bias_direct: 0.06112979518124082
rmse_direct: 0.07700596247623943
bias_indirect: 0.015271950101667665
rmse_indirect: 0.018951991199834338
bias_total: 0.054726492108496186
rmse_total: 0.07108427070627654
bias_mr: 0.049424187113577565
rmse_mr: 0.06310923875664022
coverage: 0.9655172413793104
