Experiment: expname : bandwidth_experiment, data : uniform, n_samples : 5000, mediator_dimension : 1, covariate_dimension : 1, alpha : 0.5, beta : 0.25, stochasticity : 1, gamma : 0.3, noise : uniform, 
Running with estimator : kme_dml, regularization : True, sample_splits : 1, reg_lambda : 0.001, reg_lambda_tilde : 0.001, kernel : gauss, density : gaussian, bandwidth : 0.3, bandwidth_mode : heuristic, epsilon : 0.0, normalized : True, random_seed : 62, 
bias_direct: 0.036983359482982585
rmse_direct: 0.0423727676899491
bias_indirect: 0.008633896455920052
rmse_indirect: 0.012344857723849944
bias_total: 0.034349447838109434
rmse_total: 0.04223973993068224
bias_mr: 0.04813275368655975
rmse_mr: 0.05463250820764824
coverage: 1.0
