Experiment: expname : bandwidth_experiment, data : uniform, n_samples : 5000, mediator_dimension : 1, covariate_dimension : 1, alpha : 0.5, beta : 0.25, stochasticity : 1, gamma : 0.3, noise : uniform, 
Running with estimator : kme_dml, regularization : True, sample_splits : 1, reg_lambda : 0.001, reg_lambda_tilde : 0.001, kernel : gauss, density : gaussian, bandwidth : 0.3, bandwidth_mode : amse, epsilon : 0.5, normalized : True, random_seed : 36, 
bias_direct: 0.045019658076166424
rmse_direct: 0.05711266095550566
bias_indirect: 0.01790518580684244
rmse_indirect: 0.021194412689606253
bias_total: 0.047038226838294506
rmse_total: 0.059210205611220146
bias_mr: 0.07232277724761896
rmse_mr: 0.0814015424266752
coverage: 0.9655172413793104
