Experiment: expname : huber_experiment, data : uniform, n_samples : 5000, mediator_dimension : 1, covariate_dimension : 1, alpha : 0.5, beta : 0.25, stochasticity : 1, gamma : 0.3, noise : uniform, 
Running with estimator : kme_dml, regularization : True, sample_splits : 1, reg_lambda : 0.001, reg_lambda_tilde : 0.001, kernel : gauss, density : gaussian, bandwidth : 0.3, bandwidth_mode : amse, epsilon : 0.5, normalized : True, random_seed : 13, 
bias_direct: 0.05157789490794551
rmse_direct: 0.06800278463210895
bias_indirect: 0.02355606597533845
rmse_indirect: 0.02857355306655223
bias_total: 0.06300335269360914
rmse_total: 0.0819613807766876
bias_mr: 0.06505132739426986
rmse_mr: 0.08845661846927814
coverage: 0.8620689655172413
