Experiment: expname : huber_experiment, data : uniform, n_samples : 1000, mediator_dimension : 1, covariate_dimension : 1, alpha : 0.5, beta : 0.25, stochasticity : 1, gamma : 0.3, noise : uniform, 
Running with estimator : kme_dml, regularization : True, sample_splits : 1, reg_lambda : 0.001, reg_lambda_tilde : 0.001, kernel : gauss, density : gaussian, bandwidth : 0.3, bandwidth_mode : amse, epsilon : 0.5, normalized : True, random_seed : 27, 
bias_direct: 0.09365607008670723
rmse_direct: 0.11529263926880634
bias_indirect: 0.03334848474267062
rmse_indirect: 0.03777636699851297
bias_total: 0.09326114564093749
rmse_total: 0.11637578134146792
bias_mr: 0.11224938665534304
rmse_mr: 0.13029958395096286
coverage: 0.896551724137931
