Experiment: expname : huber_experiment, data : uniform, n_samples : 500, mediator_dimension : 1, covariate_dimension : 1, alpha : 0.5, beta : 0.25, stochasticity : 1, gamma : 0.3, noise : uniform, 
Running with estimator : kme_dml, regularization : True, sample_splits : 1, reg_lambda : 0.001, reg_lambda_tilde : 0.001, kernel : gauss, density : gaussian, bandwidth : 0.3, bandwidth_mode : amse, epsilon : 0.5, normalized : True, random_seed : 39, 
bias_direct: 0.13177004524802094
rmse_direct: 0.17405258976768434
bias_indirect: 0.03688639216393831
rmse_indirect: 0.04401535889758292
bias_total: 0.14990887302747405
rmse_total: 0.1935710076071914
bias_mr: 0.12709245884078887
rmse_mr: 0.15272598656410444
coverage: 1.0
