Experiment: expname : bandwidth_experiment, data : uniform, n_samples : 1000, mediator_dimension : 1, covariate_dimension : 1, alpha : 0.5, beta : 0.25, stochasticity : 1, gamma : 0.3, noise : uniform, 
Running with estimator : kme_dml, regularization : True, sample_splits : 1, reg_lambda : 0.001, reg_lambda_tilde : 0.001, kernel : gauss, density : gaussian, bandwidth : 0.3, bandwidth_mode : amse, epsilon : 0.5, normalized : True, random_seed : 35, 
bias_direct: 0.08748732688395965
rmse_direct: 0.114038808568018
bias_indirect: 0.046103912152254456
rmse_indirect: 0.055617883464727055
bias_total: 0.0790552485746426
rmse_total: 0.11667913564384484
bias_mr: 0.12301047905266364
rmse_mr: 0.1461778943029317
coverage: 0.9655172413793104
