Experiment: expname : bandwidth_experiment, data : uniform, n_samples : 1000, mediator_dimension : 1, covariate_dimension : 1, alpha : 0.5, beta : 0.25, stochasticity : 1, gamma : 0.3, noise : uniform, 
Running with estimator : kme_dml, regularization : True, sample_splits : 1, reg_lambda : 0.001, reg_lambda_tilde : 0.001, kernel : gauss, density : gaussian, bandwidth : 0.3, bandwidth_mode : heuristic, epsilon : 0.0, normalized : True, random_seed : 98, 
bias_direct: 0.06322332727940262
rmse_direct: 0.08696769206929728
bias_indirect: 0.011534833256686243
rmse_indirect: 0.016579723245450973
bias_total: 0.062405564314427
rmse_total: 0.08496791139138149
bias_mr: 0.05285870731189534
rmse_mr: 0.05916621582753721
coverage: 1.0
