Experiment: expname : bandwidth_experiment, data : uniform, n_samples : 5000, mediator_dimension : 1, covariate_dimension : 1, alpha : 0.5, beta : 0.25, stochasticity : 1, gamma : 0.3, noise : uniform, 
Running with estimator : kme_dml, regularization : True, sample_splits : 1, reg_lambda : 0.001, reg_lambda_tilde : 0.001, kernel : gauss, density : gaussian, bandwidth : 0.3, bandwidth_mode : amse, epsilon : 0.5, normalized : True, random_seed : 60, 
bias_direct: 0.05476852654287599
rmse_direct: 0.06503027415770359
bias_indirect: 0.01859427013421091
rmse_indirect: 0.02616764720532613
bias_total: 0.04880168028944388
rmse_total: 0.05998099884578168
bias_mr: 0.03736329142510344
rmse_mr: 0.05277843374774264
coverage: 1.0
