Experiment: expname : bandwidth_experiment, data : uniform, n_samples : 5000, mediator_dimension : 1, covariate_dimension : 1, alpha : 0.5, beta : 0.25, stochasticity : 1, gamma : 0.3, noise : uniform, 
Running with estimator : kme_dml, regularization : True, sample_splits : 1, reg_lambda : 0.001, reg_lambda_tilde : 0.001, kernel : gauss, density : gaussian, bandwidth : 0.3, bandwidth_mode : heuristic, epsilon : 0.0, normalized : True, random_seed : 85, 
bias_direct: 0.0395538716386241
rmse_direct: 0.049691717557710804
bias_indirect: 0.013720528285796037
rmse_indirect: 0.018233243295008042
bias_total: 0.031447828934939887
rmse_total: 0.0375899894932567
bias_mr: 0.055218625070234215
rmse_mr: 0.06215548230257632
coverage: 0.896551724137931
