Experiment: expname : bandwidth_experiment, data : uniform, n_samples : 500, mediator_dimension : 1, covariate_dimension : 1, alpha : 0.5, beta : 0.25, stochasticity : 1, gamma : 0.3, noise : uniform, 
Running with estimator : kme_dml, regularization : True, sample_splits : 1, reg_lambda : 0.001, reg_lambda_tilde : 0.001, kernel : gauss, density : gaussian, bandwidth : 0.3, bandwidth_mode : amse, epsilon : 0.5, normalized : True, random_seed : 56, 
bias_direct: 0.1826125858539657
rmse_direct: 0.20625867106625997
bias_indirect: 0.08417250771904719
rmse_indirect: 0.09408748390172096
bias_total: 0.2503409862189092
rmse_total: 0.27648896361911157
bias_mr: 0.1678138450337338
rmse_mr: 0.19560427561770916
coverage: 1.0
