Experiment: expname : bandwidth_experiment, data : uniform, n_samples : 500, mediator_dimension : 1, covariate_dimension : 1, alpha : 0.5, beta : 0.25, stochasticity : 1, gamma : 0.3, noise : uniform, 
Running with estimator : kme_dml, regularization : True, sample_splits : 1, reg_lambda : 0.001, reg_lambda_tilde : 0.001, kernel : gauss, density : gaussian, bandwidth : 0.3, bandwidth_mode : amse, epsilon : 0.5, normalized : True, random_seed : 67, 
bias_direct: 0.12022398355818008
rmse_direct: 0.14777572970403918
bias_indirect: 0.04766575134195324
rmse_indirect: 0.05908713125158831
bias_total: 0.14924854644101399
rmse_total: 0.18505191983301256
bias_mr: 0.1140912733539391
rmse_mr: 0.13941922340302465
coverage: 0.9655172413793104
