Experiment: expname : bandwidth_experiment, data : uniform, n_samples : 500, mediator_dimension : 1, covariate_dimension : 1, alpha : 0.5, beta : 0.25, stochasticity : 1, gamma : 0.3, noise : uniform, 
Running with estimator : kme_dml, regularization : True, sample_splits : 1, reg_lambda : 0.001, reg_lambda_tilde : 0.001, kernel : gauss, density : gaussian, bandwidth : 0.3, bandwidth_mode : amse, epsilon : 0.5, normalized : True, random_seed : 21, 
bias_direct: 0.16857916390677452
rmse_direct: 0.21108565154897693
bias_indirect: 0.04155515637501875
rmse_indirect: 0.05510846807164646
bias_total: 0.16882574666789202
rmse_total: 0.20219775303659665
bias_mr: 0.17571126976479048
rmse_mr: 0.22527321155153524
coverage: 0.9310344827586207
