Experiment: expname : bandwidth_experiment, data : uniform, n_samples : 500, mediator_dimension : 1, covariate_dimension : 1, alpha : 0.5, beta : 0.25, stochasticity : 1, gamma : 0.3, noise : uniform, 
Running with estimator : kme_dml, regularization : True, sample_splits : 1, reg_lambda : 0.001, reg_lambda_tilde : 0.001, kernel : gauss, density : gaussian, bandwidth : 0.3, bandwidth_mode : amse, epsilon : 0.5, normalized : True, random_seed : 23, 
bias_direct: 0.11832999784928071
rmse_direct: 0.16203586908552572
bias_indirect: 0.06211898635282334
rmse_indirect: 0.07778578986473678
bias_total: 0.11510888152089557
rmse_total: 0.14199163913157117
bias_mr: 0.16004859290490617
rmse_mr: 0.1945982739947215
coverage: 0.8620689655172413
