Experiment: expname : bandwidth_experiment, data : uniform, n_samples : 500, mediator_dimension : 1, covariate_dimension : 1, alpha : 0.5, beta : 0.25, stochasticity : 1, gamma : 0.3, noise : uniform, 
Running with estimator : kme_dml, regularization : True, sample_splits : 1, reg_lambda : 0.001, reg_lambda_tilde : 0.001, kernel : gauss, density : gaussian, bandwidth : 0.3, bandwidth_mode : heuristic, epsilon : 0.0, normalized : True, random_seed : 87, 
bias_direct: 0.08561337498651983
rmse_direct: 0.11351842572044835
bias_indirect: 0.03845957315630574
rmse_indirect: 0.04461933402881855
bias_total: 0.07572569322910244
rmse_total: 0.09778253392068975
bias_mr: 0.10300081963727224
rmse_mr: 0.12927597967099808
coverage: 0.896551724137931
