Experiment: expname : bandwidth_experiment, data : uniform, n_samples : 1000, mediator_dimension : 1, covariate_dimension : 1, alpha : 0.5, beta : 0.25, stochasticity : 1, gamma : 0.3, noise : uniform, 
Running with estimator : kme_dml, regularization : True, sample_splits : 1, reg_lambda : 0.001, reg_lambda_tilde : 0.001, kernel : gauss, density : gaussian, bandwidth : 0.3, bandwidth_mode : amse, epsilon : 0.5, normalized : True, random_seed : 82, 
bias_direct: 0.15026588863977247
rmse_direct: 0.18762307987812832
bias_indirect: 0.02976552543748617
rmse_indirect: 0.03868405115978343
bias_total: 0.17092650959905648
rmse_total: 0.20995942065106202
bias_mr: 0.14644608061907424
rmse_mr: 0.16307921812568393
coverage: 0.8620689655172413
