Experiment: expname : bandwidth_experiment, data : uniform, n_samples : 1000, mediator_dimension : 1, covariate_dimension : 1, alpha : 0.5, beta : 0.25, stochasticity : 1, gamma : 0.3, noise : uniform, 
Running with estimator : kme_dml, regularization : True, sample_splits : 1, reg_lambda : 0.001, reg_lambda_tilde : 0.001, kernel : gauss, density : gaussian, bandwidth : 0.3, bandwidth_mode : amse, epsilon : 0.5, normalized : True, random_seed : 10, 
bias_direct: 0.10175978354893896
rmse_direct: 0.15242562058233428
bias_indirect: 0.030583419943038058
rmse_indirect: 0.0431683711245543
bias_total: 0.0878168377518784
rmse_total: 0.1255276438237866
bias_mr: 0.09126322716321594
rmse_mr: 0.12182878855890646
coverage: 0.9655172413793104
