Experiment: expname : bandwidth_experiment, data : uniform, n_samples : 5000, mediator_dimension : 1, covariate_dimension : 1, alpha : 0.5, beta : 0.25, stochasticity : 1, gamma : 0.3, noise : uniform, 
Running with estimator : kme_dml, regularization : True, sample_splits : 1, reg_lambda : 0.001, reg_lambda_tilde : 0.001, kernel : gauss, density : gaussian, bandwidth : 0.3, bandwidth_mode : amse, epsilon : 0.5, normalized : True, random_seed : 17, 
bias_direct: 0.07376818857910525
rmse_direct: 0.08991610400157134
bias_indirect: 0.015134788640727459
rmse_indirect: 0.01902189953659875
bias_total: 0.06252499383675691
rmse_total: 0.07994231842368178
bias_mr: 0.06142374786135393
rmse_mr: 0.07829912526736402
coverage: 1.0
