Experiment: expname : bandwidth_experiment, data : uniform, n_samples : 5000, mediator_dimension : 1, covariate_dimension : 1, alpha : 0.5, beta : 0.25, stochasticity : 1, gamma : 0.3, noise : uniform, 
Running with estimator : kme_dml, regularization : True, sample_splits : 1, reg_lambda : 0.001, reg_lambda_tilde : 0.001, kernel : gauss, density : gaussian, bandwidth : 0.3, bandwidth_mode : heuristic, epsilon : 0.0, normalized : True, random_seed : 20, 
bias_direct: 0.04699659918651924
rmse_direct: 0.059937523582606456
bias_indirect: 0.02038023732794876
rmse_indirect: 0.023998425248178787
bias_total: 0.03961708639698417
rmse_total: 0.05057136447477243
bias_mr: 0.06259229291406096
rmse_mr: 0.07642611785366825
coverage: 0.6896551724137931
