Experiment: expname : bandwidth_experiment, data : uniform, n_samples : 5000, mediator_dimension : 1, covariate_dimension : 1, alpha : 0.5, beta : 0.25, stochasticity : 1, gamma : 0.3, noise : uniform, 
Running with estimator : kme_dml, regularization : True, sample_splits : 1, reg_lambda : 0.001, reg_lambda_tilde : 0.001, kernel : gauss, density : gaussian, bandwidth : 0.3, bandwidth_mode : amse, epsilon : 0.5, normalized : True, random_seed : 16, 
bias_direct: 0.047553454561885984
rmse_direct: 0.06398048463712176
bias_indirect: 0.0225611984799583
rmse_indirect: 0.027051209419464265
bias_total: 0.046492365780508374
rmse_total: 0.05970121034908732
bias_mr: 0.07889050934981089
rmse_mr: 0.0948357525331811
coverage: 0.8620689655172413
