Experiment: expname : huber_experiment, data : uniform, n_samples : 5000, mediator_dimension : 1, covariate_dimension : 1, alpha : 0.5, beta : 0.25, stochasticity : 1, gamma : 0.3, noise : uniform, 
Running with estimator : kme_dml, regularization : True, sample_splits : 1, reg_lambda : 0.001, reg_lambda_tilde : 0.001, kernel : gauss, density : gaussian, bandwidth : 0.3, bandwidth_mode : amse, epsilon : 0.5, normalized : True, random_seed : 59, 
bias_direct: 0.06707580371606899
rmse_direct: 0.08474950359780953
bias_indirect: 0.014982047330509991
rmse_indirect: 0.022964438955263268
bias_total: 0.06968126643998222
rmse_total: 0.08499946259770878
bias_mr: 0.07342896894559613
rmse_mr: 0.08870605643414756
coverage: 0.7931034482758621
