Experiment: expname : huber_experiment, data : uniform, n_samples : 1000, mediator_dimension : 1, covariate_dimension : 1, alpha : 0.5, beta : 0.25, stochasticity : 1, gamma : 0.3, noise : uniform, 
Running with estimator : kme_dml, regularization : True, sample_splits : 1, reg_lambda : 0.001, reg_lambda_tilde : 0.001, kernel : gauss, density : gaussian, bandwidth : 0.3, bandwidth_mode : amse, epsilon : 0.5, normalized : True, random_seed : 26, 
bias_direct: 0.13423439356085307
rmse_direct: 0.16178763267892146
bias_indirect: 0.0324324385590053
rmse_indirect: 0.03796819980534292
bias_total: 0.14662346616780303
rmse_total: 0.17754923817970142
bias_mr: 0.08345812983371363
rmse_mr: 0.0992148411868631
coverage: 1.0
