Experiment: expname : bandwidth_experiment, data : uniform, n_samples : 500, mediator_dimension : 1, covariate_dimension : 1, alpha : 0.5, beta : 0.25, stochasticity : 1, gamma : 0.3, noise : uniform, 
Running with estimator : kme_dml, regularization : True, sample_splits : 1, reg_lambda : 0.001, reg_lambda_tilde : 0.001, kernel : gauss, density : gaussian, bandwidth : 0.3, bandwidth_mode : heuristic, epsilon : 0.0, normalized : True, random_seed : 8, 
bias_direct: 0.1169096294811369
rmse_direct: 0.15778752422485512
bias_indirect: 0.027621318359366653
rmse_indirect: 0.04639540517170664
bias_total: 0.14008672303514824
rmse_total: 0.1841455838425806
bias_mr: 0.10548235164729884
rmse_mr: 0.12308392832270236
coverage: 0.9655172413793104
