Experiment: expname : huber_experiment, data : uniform, n_samples : 5000, mediator_dimension : 1, covariate_dimension : 1, alpha : 0.5, beta : 0.25, stochasticity : 1, gamma : 0.3, noise : uniform, 
Running with estimator : kme_dml, regularization : True, sample_splits : 1, reg_lambda : 0.001, reg_lambda_tilde : 0.001, kernel : gauss, density : gaussian, bandwidth : 0.3, bandwidth_mode : amse, epsilon : 0.5, normalized : True, random_seed : 91, 
bias_direct: 0.06250047393982142
rmse_direct: 0.08304245966168812
bias_indirect: 0.020264911552576117
rmse_indirect: 0.025301258377865347
bias_total: 0.0629659966920907
rmse_total: 0.07906306954242122
bias_mr: 0.07239295550594955
rmse_mr: 0.0952358641683659
coverage: 0.9310344827586207
