Experiment: expname : bandwidth_experiment, data : uniform, n_samples : 500, mediator_dimension : 1, covariate_dimension : 1, alpha : 0.5, beta : 0.25, stochasticity : 1, gamma : 0.3, noise : uniform, 
Running with estimator : kme_dml, regularization : True, sample_splits : 1, reg_lambda : 0.001, reg_lambda_tilde : 0.001, kernel : gauss, density : gaussian, bandwidth : 0.3, bandwidth_mode : heuristic, epsilon : 0.0, normalized : True, random_seed : 72, 
bias_direct: 0.07727141895823116
rmse_direct: 0.09798817416917033
bias_indirect: 0.03697269503757825
rmse_indirect: 0.043224058583327354
bias_total: 0.08781169218959989
rmse_total: 0.12094785549531599
bias_mr: 0.07964011888050448
rmse_mr: 0.09307734889492593
coverage: 1.0
