Experiment: expname : huber_experiment, data : uniform, n_samples : 1000, mediator_dimension : 1, covariate_dimension : 1, alpha : 0.5, beta : 0.25, stochasticity : 1, gamma : 0.3, noise : uniform, 
Running with estimator : kme_dml, regularization : True, sample_splits : 1, reg_lambda : 0.001, reg_lambda_tilde : 0.001, kernel : gauss, density : gaussian, bandwidth : 0.3, bandwidth_mode : amse, epsilon : 0.5, normalized : True, random_seed : 85, 
bias_direct: 0.130442501105706
rmse_direct: 0.15087201159397623
bias_indirect: 0.03744388670389414
rmse_indirect: 0.04367833122253508
bias_total: 0.12367291332860762
rmse_total: 0.1478878114766999
bias_mr: 0.09837020088975698
rmse_mr: 0.1210628951886909
coverage: 0.9655172413793104
