Experiment: expname : huber_experiment, data : uniform, n_samples : 500, mediator_dimension : 1, covariate_dimension : 1, alpha : 0.5, beta : 0.25, stochasticity : 1, gamma : 0.3, noise : uniform, 
Running with estimator : kme_dml, regularization : True, sample_splits : 1, reg_lambda : 0.001, reg_lambda_tilde : 0.001, kernel : gauss, density : gaussian, bandwidth : 0.3, bandwidth_mode : amse, epsilon : 0.5, normalized : True, random_seed : 40, 
bias_direct: 0.11895444957183839
rmse_direct: 0.14564428110527633
bias_indirect: 0.05772329745910854
rmse_indirect: 0.07476949100886368
bias_total: 0.13974858430137835
rmse_total: 0.16732330639778772
bias_mr: 0.19011113053165085
rmse_mr: 0.21417471479941544
coverage: 0.7586206896551724
