Experiment: expname : huber_experiment, data : uniform, n_samples : 5000, mediator_dimension : 1, covariate_dimension : 1, alpha : 0.5, beta : 0.25, stochasticity : 1, gamma : 0.3, noise : uniform, 
Running with estimator : kme_dml, regularization : True, sample_splits : 1, reg_lambda : 0.001, reg_lambda_tilde : 0.001, kernel : gauss, density : gaussian, bandwidth : 0.3, bandwidth_mode : amse, epsilon : 0.5, normalized : True, random_seed : 62, 
bias_direct: 0.04027617672464487
rmse_direct: 0.05089386233800481
bias_indirect: 0.01819924245171952
rmse_indirect: 0.02450617672324409
bias_total: 0.03384700419507463
rmse_total: 0.045109096143172295
bias_mr: 0.06516305128224012
rmse_mr: 0.07884148572126905
coverage: 0.9655172413793104
