Experiment: expname : bandwidth_experiment, data : uniform, n_samples : 500, mediator_dimension : 1, covariate_dimension : 1, alpha : 0.5, beta : 0.25, stochasticity : 1, gamma : 0.3, noise : uniform, 
Running with estimator : kme_dml, regularization : True, sample_splits : 1, reg_lambda : 0.001, reg_lambda_tilde : 0.001, kernel : gauss, density : gaussian, bandwidth : 0.3, bandwidth_mode : heuristic, epsilon : 0.0, normalized : True, random_seed : 31, 
bias_direct: 0.08831644742041543
rmse_direct: 0.11433936722966442
bias_indirect: 0.025326073760989366
rmse_indirect: 0.029479726481827326
bias_total: 0.08388393890261488
rmse_total: 0.12230143693243994
bias_mr: 0.07644884955488841
rmse_mr: 0.08975711765868775
coverage: 1.0
