Experiment: expname : bandwidth_experiment, data : uniform, n_samples : 1000, mediator_dimension : 1, covariate_dimension : 1, alpha : 0.5, beta : 0.25, stochasticity : 1, gamma : 0.3, noise : uniform, 
Running with estimator : kme_dml, regularization : True, sample_splits : 1, reg_lambda : 0.001, reg_lambda_tilde : 0.001, kernel : gauss, density : gaussian, bandwidth : 0.3, bandwidth_mode : heuristic, epsilon : 0.0, normalized : True, random_seed : 25, 
bias_direct: 0.10152831561822954
rmse_direct: 0.1522120027728511
bias_indirect: 0.011698200723489333
rmse_indirect: 0.014405535377421933
bias_total: 0.09625546097438586
rmse_total: 0.13956461577185245
bias_mr: 0.11572500649210331
rmse_mr: 0.12496159384651155
coverage: 0.8620689655172413
