Experiment: expname : bandwidth_experiment, data : uniform, n_samples : 500, mediator_dimension : 1, covariate_dimension : 1, alpha : 0.5, beta : 0.25, stochasticity : 1, gamma : 0.3, noise : uniform, 
Running with estimator : kme_dml, regularization : True, sample_splits : 1, reg_lambda : 0.001, reg_lambda_tilde : 0.001, kernel : gauss, density : gaussian, bandwidth : 0.3, bandwidth_mode : heuristic, epsilon : 0.0, normalized : True, random_seed : 70, 
bias_direct: 0.1482228575882571
rmse_direct: 0.2126790485026077
bias_indirect: 0.01785983440760926
rmse_indirect: 0.02253145446967426
bias_total: 0.14580268787069695
rmse_total: 0.2064453107821751
bias_mr: 0.16965998156951706
rmse_mr: 0.22307971284567524
coverage: 0.6896551724137931
