Experiment: expname : huber_experiment, data : uniform, n_samples : 1000, mediator_dimension : 1, covariate_dimension : 1, alpha : 0.5, beta : 0.25, stochasticity : 1, gamma : 0.3, noise : uniform, 
Running with estimator : kme_dml, regularization : True, sample_splits : 1, reg_lambda : 0.001, reg_lambda_tilde : 0.001, kernel : gauss, density : gaussian, bandwidth : 0.3, bandwidth_mode : amse, epsilon : 0.5, normalized : True, random_seed : 94, 
bias_direct: 0.12900321748508248
rmse_direct: 0.152953844248492
bias_indirect: 0.030776819217446363
rmse_indirect: 0.03969548381158071
bias_total: 0.1383205456868226
rmse_total: 0.1683384727606302
bias_mr: 0.10714797648004834
rmse_mr: 0.12619391994062962
coverage: 1.0
