Experiment: expname : huber_experiment, data : uniform, n_samples : 5000, mediator_dimension : 1, covariate_dimension : 1, alpha : 0.5, beta : 0.25, stochasticity : 1, gamma : 0.3, noise : uniform, 
Running with estimator : kme_dml, regularization : True, sample_splits : 1, reg_lambda : 0.001, reg_lambda_tilde : 0.001, kernel : gauss, density : gaussian, bandwidth : 0.3, bandwidth_mode : amse, epsilon : 0.5, normalized : True, random_seed : 30, 
bias_direct: 0.05556845823992543
rmse_direct: 0.07111118089755478
bias_indirect: 0.013053603667752232
rmse_indirect: 0.016659030259220012
bias_total: 0.05207302085705491
rmse_total: 0.06528553809205692
bias_mr: 0.0794642605316363
rmse_mr: 0.10180706341992482
coverage: 0.7931034482758621
