Experiment: expname : baselines_experiment, data : uniform, n_samples : 1000, mediator_dimension : 1, covariate_dimension : 1, alpha : 0.5, beta : 0.25, stochasticity : 1, gamma : 0.3, noise : uniform, 
Running with estimator : linear, regularization : True, sample_splits : 1, reg_lambda : 0.001, reg_lambda_tilde : 0.001, kernel : gauss, density : gaussian, bandwidth : 0.3, bandwidth_mode : heuristic, epsilon : 0.3, normalized : True, random_seed : 56, 
bias_direct: 0.29456297157946587
rmse_direct: 0.3375780422022555
bias_indirect: 0.0066792346385428705
rmse_indirect: 0.007591305237502346
bias_total: 0.28871493058483055
rmse_total: 0.33120106889772244
bias_mr: 0.27727748373297334
rmse_mr: 0.2959606669618184
coverage: 0.0
