Experiment: expname : baselines_experiment, data : uniform, n_samples : 1000, mediator_dimension : 1, covariate_dimension : 1, alpha : 0.5, beta : 0.25, stochasticity : 1, gamma : 0.3, noise : uniform, 
Running with estimator : kme_g_computation, regularization : True, sample_splits : 1, reg_lambda : 0.001, reg_lambda_tilde : 0.001, kernel : gauss, density : gaussian, bandwidth : 0.3, bandwidth_mode : heuristic, epsilon : 0.3, normalized : True, random_seed : 81, 
bias_direct: 0.3163237913969514
rmse_direct: 0.4321419599849028
bias_indirect: 0.3655564864727688
rmse_indirect: 0.48277159564169564
bias_total: 0.05431981471170271
rmse_total: 0.07497874244167463
bias_mr: 0.37350678809519783
rmse_mr: 0.5020918023296126
coverage: 0.0
