Experiment: expname : nonparametric_experiment, data : uniform, n_samples : 1000, mediator_dimension : 1, covariate_dimension : 1, alpha : 0.0, beta : 0.0, stochasticity : 1, gamma : 0.3, noise : uniform, 
Running with estimator : kme_dml, regularization : True, sample_splits : 1, reg_lambda : 0.001, reg_lambda_tilde : 0.001, kernel : linear, density : gaussian, bandwidth : 0.3, bandwidth_mode : heuristic, epsilon : 0.1, normalized : True, random_seed : 54, 
bias_direct: 0.06294918767374909
rmse_direct: 0.07089298353979248
bias_indirect: 0.009464385690930562
rmse_indirect: 0.012327763187916415
bias_total: 0.06076866181626911
rmse_total: 0.06857403637024818
bias_mr: 0.05996163470325415
rmse_mr: 0.06767720953983208
coverage: 1.0
