Experiment: expname : nonparametric_experiment, data : uniform, n_samples : 500, mediator_dimension : 1, covariate_dimension : 1, alpha : 0.0, beta : 0.0, stochasticity : 1, gamma : 0.3, noise : uniform, 
Running with estimator : kme_dml, regularization : True, sample_splits : 1, reg_lambda : 0.001, reg_lambda_tilde : 0.001, kernel : linear, density : gaussian, bandwidth : 0.3, bandwidth_mode : heuristic, epsilon : 0.1, normalized : True, random_seed : 6, 
bias_direct: 0.0924338859321132
rmse_direct: 0.11939074951158186
bias_indirect: 0.06181900760219641
rmse_indirect: 0.07040618212623877
bias_total: 0.15365312319990837
rmse_total: 0.18256816676757537
bias_mr: 0.09749432065098612
rmse_mr: 0.11107393498263794
coverage: 1.0
