Experiment: expname : nonparametric_experiment, data : uniform, n_samples : 500, mediator_dimension : 1, covariate_dimension : 1, alpha : 0.0, beta : 0.0, stochasticity : 1, gamma : 0.3, noise : uniform, 
Running with estimator : kme_dml, regularization : True, sample_splits : 1, reg_lambda : 0.001, reg_lambda_tilde : 0.001, kernel : gauss, density : conditional_kernel, bandwidth : 0.3, bandwidth_mode : heuristic, epsilon : 0.1, normalized : True, random_seed : 86, 
bias_direct: 0.04543158057764603
rmse_direct: 0.05621716475534853
bias_indirect: 0.01742693955995923
rmse_indirect: 0.021742347917101616
bias_total: 0.050418890199255745
rmse_total: 0.060239650652750686
bias_mr: 0.13171561924084746
rmse_mr: 0.14600059155401252
coverage: 0.7586206896551724
