Experiment: expname : nonparametric_experiment, data : uniform, n_samples : 500, mediator_dimension : 1, covariate_dimension : 1, alpha : 0.0, beta : 0.0, stochasticity : 1, gamma : 0.3, noise : uniform, 
Running with estimator : kme_dml, regularization : True, sample_splits : 1, reg_lambda : 0.001, reg_lambda_tilde : 0.001, kernel : gauss, density : gaussian, bandwidth : 0.3, bandwidth_mode : heuristic, epsilon : 0.1, normalized : True, random_seed : 27, 
bias_direct: 0.0688209397472454
rmse_direct: 0.0767024978123642
bias_indirect: 0.03140244413892729
rmse_indirect: 0.03840667003574599
bias_total: 0.056898558849357454
rmse_total: 0.08421417757846755
bias_mr: 0.06871204257457285
rmse_mr: 0.0859214503517791
coverage: 1.0
