Experiment: expname : nonparametric_experiment, data : uniform, n_samples : 1000, mediator_dimension : 1, covariate_dimension : 1, alpha : 0.0, beta : 0.0, stochasticity : 1, gamma : 0.3, noise : uniform, 
Running with estimator : kme_dml, regularization : True, sample_splits : 1, reg_lambda : 0.001, reg_lambda_tilde : 0.001, kernel : gauss, density : gaussian, bandwidth : 0.3, bandwidth_mode : heuristic, epsilon : 0.1, normalized : True, random_seed : 89, 
bias_direct: 0.028702345188721477
rmse_direct: 0.03644965794292379
bias_indirect: 0.011688538160979084
rmse_indirect: 0.018239461498498057
bias_total: 0.021113257468577794
rmse_total: 0.02717695279511612
bias_mr: 0.02435310524624829
rmse_mr: 0.032725228092375894
coverage: 1.0
