Experiment: expname : nonparametric_experiment, data : uniform, n_samples : 1000, mediator_dimension : 1, covariate_dimension : 1, alpha : 0.0, beta : 0.0, stochasticity : 1, gamma : 0.3, noise : uniform, 
Running with estimator : kme_dml, regularization : True, sample_splits : 1, reg_lambda : 0.001, reg_lambda_tilde : 0.001, kernel : gauss, density : conditional_kernel, bandwidth : 0.3, bandwidth_mode : heuristic, epsilon : 0.1, normalized : True, random_seed : 9, 
bias_direct: 0.09447810426313834
rmse_direct: 0.10863629543843178
bias_indirect: 0.044394151212350866
rmse_indirect: 0.048975337403525505
bias_total: 0.13887225547548918
rmse_total: 0.1532701412577433
bias_mr: 0.10159785915128064
rmse_mr: 0.11922243429351857
coverage: 0.6551724137931034
