Experiment: expname : nonparametric_experiment, data : uniform, n_samples : 500, mediator_dimension : 1, covariate_dimension : 1, alpha : 0.0, beta : 0.0, stochasticity : 1, gamma : 0.3, noise : uniform, 
Running with estimator : kme_dml, regularization : True, sample_splits : 1, reg_lambda : 0.001, reg_lambda_tilde : 0.001, kernel : linear, density : gaussian, bandwidth : 0.3, bandwidth_mode : heuristic, epsilon : 0.1, normalized : True, random_seed : 53, 
bias_direct: 0.08956871400180963
rmse_direct: 0.09843051690900077
bias_indirect: 0.02511980126703635
rmse_indirect: 0.030420335370101585
bias_total: 0.11214440549867681
rmse_total: 0.12232148196902921
bias_mr: 0.03443124439175721
rmse_mr: 0.04548966636305288
coverage: 1.0
