Experiment: expname : nonparametric_experiment, data : uniform, n_samples : 1000, mediator_dimension : 1, covariate_dimension : 1, alpha : 0.0, beta : 0.0, stochasticity : 1, gamma : 0.3, noise : uniform, 
Running with estimator : ipw, regularization : True, sample_splits : 1, reg_lambda : 0.001, reg_lambda_tilde : 0.001, kernel : linear, density : conditional_kernel, bandwidth : 0.3, bandwidth_mode : heuristic, epsilon : 0.1, normalized : True, random_seed : 86, 
bias_direct: 0.09930788158876297
rmse_direct: 0.12376069857470316
bias_indirect: 0.038022148014087126
rmse_indirect: 0.04212928225769683
bias_total: 0.08426881064361194
rmse_total: 0.10148488436096907
bias_mr: 0.10311470460490986
rmse_mr: 0.1427737492813305
coverage: 0.0
