Experiment: expname : baselines_experiment, data : uniform, n_samples : 1000, mediator_dimension : 1, covariate_dimension : 1, alpha : 0.5, beta : 0.25, stochasticity : 1, gamma : 0.3, noise : uniform, 
Running with estimator : kme_dml, regularization : True, sample_splits : 1, reg_lambda : 0.001, reg_lambda_tilde : 0.001, kernel : gauss, density : gaussian, bandwidth : 0.3, bandwidth_mode : heuristic, epsilon : 0.3, normalized : True, random_seed : 16, 
bias_direct: 0.12321325287111798
rmse_direct: 0.1421226755145666
bias_indirect: 0.01872121532427363
rmse_indirect: 0.028065786919740366
bias_total: 0.11268502879034435
rmse_total: 0.1282338198487849
bias_mr: 0.09089141509747739
rmse_mr: 0.10378706700109465
coverage: 1.0
