Experiment: expname : baselines_experiment, data : uniform, n_samples : 1000, mediator_dimension : 1, covariate_dimension : 1, alpha : 0.5, beta : 0.25, stochasticity : 1, gamma : 0.3, noise : uniform, 
Running with estimator : kme_g_computation, regularization : True, sample_splits : 1, reg_lambda : 0.001, reg_lambda_tilde : 0.001, kernel : gauss, density : gaussian, bandwidth : 0.3, bandwidth_mode : heuristic, epsilon : 0.3, normalized : True, random_seed : 88, 
bias_direct: 0.38203144593477856
rmse_direct: 0.5039159290930522
bias_indirect: 0.4343453016430278
rmse_indirect: 0.5588800472981615
bias_total: 0.05492058442257277
rmse_total: 0.06980276564835947
bias_mr: 0.3961970810041308
rmse_mr: 0.5179165156800793
coverage: 0.0
