Experiment: expname : baselines_experiment, data : uniform, n_samples : 1000, mediator_dimension : 1, covariate_dimension : 1, alpha : 0.5, beta : 0.25, stochasticity : 1, gamma : 0.3, noise : uniform, 
Running with estimator : kme_g_computation, regularization : True, sample_splits : 1, reg_lambda : 0.001, reg_lambda_tilde : 0.001, kernel : gauss, density : gaussian, bandwidth : 0.3, bandwidth_mode : heuristic, epsilon : 0.3, normalized : True, random_seed : 18, 
bias_direct: 0.38265484447699655
rmse_direct: 0.5099536720773646
bias_indirect: 0.38476014312306583
rmse_indirect: 0.5325917747811721
bias_total: 0.04403199049000523
rmse_total: 0.05677015439543072
bias_mr: 0.3649805940048564
rmse_mr: 0.48343994532833684
coverage: 0.0
