Experiment: expname : nonparametric_experiment, data : uniform, n_samples : 5000, mediator_dimension : 1, covariate_dimension : 1, alpha : 0.0, beta : 0.0, stochasticity : 1, gamma : 0.3, noise : uniform, 
Running with estimator : kme_dml, regularization : True, sample_splits : 1, reg_lambda : 0.001, reg_lambda_tilde : 0.001, kernel : gauss, density : conditional_kernel, bandwidth : 0.3, bandwidth_mode : heuristic, epsilon : 0.1, normalized : True, random_seed : 55, 
bias_direct: 0.039455560206782536
rmse_direct: 0.04577154012594348
bias_indirect: 0.012039881975866517
rmse_indirect: 0.015095908178464802
bias_total: 0.033229557167182615
rmse_total: 0.03909247536673457
bias_mr: 0.01758633767604923
rmse_mr: 0.022103419953913506
coverage: 1.0
