Experiment: expname : nonparametric_experiment, data : uniform, n_samples : 5000, mediator_dimension : 1, covariate_dimension : 1, alpha : 0.0, beta : 0.0, stochasticity : 1, gamma : 0.3, noise : uniform, 
Running with estimator : kme_dml, regularization : True, sample_splits : 1, reg_lambda : 0.001, reg_lambda_tilde : 0.001, kernel : gauss, density : gaussian, bandwidth : 0.3, bandwidth_mode : heuristic, epsilon : 0.1, normalized : True, random_seed : 29, 
bias_direct: 0.027409376611110346
rmse_direct: 0.03752522189643626
bias_indirect: 0.019237166441051477
rmse_indirect: 0.02053017785140666
bias_total: 0.021876102611512797
rmse_total: 0.025638947134516893
bias_mr: 0.025419799289168665
rmse_mr: 0.029124750179029386
coverage: 1.0
