Experiment: expname : baselines_experiment, data : uniform, n_samples : 1000, mediator_dimension : 1, covariate_dimension : 1, alpha : 0.5, beta : 0.25, stochasticity : 1, gamma : 0.3, noise : uniform, 
Running with estimator : linear, regularization : True, sample_splits : 1, reg_lambda : 0.001, reg_lambda_tilde : 0.001, kernel : gauss, density : gaussian, bandwidth : 0.3, bandwidth_mode : heuristic, epsilon : 0.3, normalized : True, random_seed : 33, 
bias_direct: 0.3748320093745869
rmse_direct: 0.42337985364563413
bias_indirect: 0.005160694136493674
rmse_indirect: 0.005865403230699908
bias_total: 0.36967131523809305
rmse_total: 0.41808768065267693
bias_mr: 0.36211224654122237
rmse_mr: 0.3864130792809905
coverage: 0.0
