Experiment: expname : baselines_experiment, data : uniform, n_samples : 5000, mediator_dimension : 1, covariate_dimension : 1, alpha : 0.5, beta : 0.25, stochasticity : 1, gamma : 0.3, noise : uniform, 
Running with estimator : kme_g_computation, regularization : True, sample_splits : 1, reg_lambda : 0.001, reg_lambda_tilde : 0.001, kernel : gauss, density : gaussian, bandwidth : 0.3, bandwidth_mode : heuristic, epsilon : 0.3, normalized : True, random_seed : 77, 
bias_direct: 0.3920005593042996
rmse_direct: 0.5055011919629957
bias_indirect: 0.39984433723555807
rmse_indirect: 0.525112969966696
bias_total: 0.025874874481857477
rmse_total: 0.031064888998880748
bias_mr: 0.40115155860388896
rmse_mr: 0.5190235746917049
coverage: 0.0
