Experiment: expname : baselines_experiment, data : uniform, n_samples : 5000, mediator_dimension : 1, covariate_dimension : 1, alpha : 0.5, beta : 0.25, stochasticity : 1, gamma : 0.3, noise : uniform, 
Running with estimator : kme_g_computation, regularization : True, sample_splits : 1, reg_lambda : 0.001, reg_lambda_tilde : 0.001, kernel : gauss, density : gaussian, bandwidth : 0.3, bandwidth_mode : heuristic, epsilon : 0.3, normalized : True, random_seed : 75, 
bias_direct: 0.3648847435535816
rmse_direct: 0.4767823807896257
bias_indirect: 0.4017806148099955
rmse_indirect: 0.528667597548173
bias_total: 0.04363803910057529
rmse_total: 0.06629294605076523
bias_mr: 0.38234010966756315
rmse_mr: 0.5014099987998246
coverage: 0.0
