Experiment: expname : nonparametric_experiment, data : uniform, n_samples : 500, mediator_dimension : 1, covariate_dimension : 1, alpha : 0.0, beta : 0.0, stochasticity : 1, gamma : 0.3, noise : uniform, 
Running with estimator : kme_dml, regularization : True, sample_splits : 1, reg_lambda : 0.001, reg_lambda_tilde : 0.001, kernel : gauss, density : gaussian, bandwidth : 0.3, bandwidth_mode : heuristic, epsilon : 0.1, normalized : True, random_seed : 38, 
bias_direct: 0.05833433322501022
rmse_direct: 0.07224748319468895
bias_indirect: 0.05316352444983902
rmse_indirect: 0.06119377252235493
bias_total: 0.08059903305083103
rmse_total: 0.10267314745864208
bias_mr: 0.07358664934622335
rmse_mr: 0.08730053069409784
coverage: 1.0
