Experiment: expname : nonparametric_experiment, data : uniform, n_samples : 5000, mediator_dimension : 1, covariate_dimension : 1, alpha : 0.0, beta : 0.0, stochasticity : 1, gamma : 0.3, noise : uniform, 
Running with estimator : ipw, regularization : True, sample_splits : 1, reg_lambda : 0.001, reg_lambda_tilde : 0.001, kernel : linear, density : gaussian, bandwidth : 0.3, bandwidth_mode : heuristic, epsilon : 0.1, normalized : True, random_seed : 14, 
bias_direct: 0.07922612016658706
rmse_direct: 0.1031349388173678
bias_indirect: 0.06982758620689662
rmse_indirect: 0.07936276378669081
bias_total: 0.0613985912635964
rmse_total: 0.07793576690449315
bias_mr: 0.07174595799324543
rmse_mr: 0.08995042169742776
coverage: 0.0
