Experiment: expname : baselines_experiment, data : uniform, n_samples : 5000, mediator_dimension : 1, covariate_dimension : 1, alpha : 0.5, beta : 0.25, stochasticity : 1, gamma : 0.3, noise : uniform, 
Running with estimator : kme_g_computation, regularization : True, sample_splits : 1, reg_lambda : 0.001, reg_lambda_tilde : 0.001, kernel : gauss, density : gaussian, bandwidth : 0.3, bandwidth_mode : heuristic, epsilon : 0.3, normalized : True, random_seed : 51, 
bias_direct: 0.38183594059263287
rmse_direct: 0.5017969210543312
bias_indirect: 0.4061514500298934
rmse_indirect: 0.5333961383890181
bias_total: 0.029962369423015257
rmse_total: 0.04156121869722742
bias_mr: 0.3788271789085045
rmse_mr: 0.4976164253098507
coverage: 0.0
