Experiment: expname : nonparametric_experiment, data : uniform, n_samples : 5000, mediator_dimension : 1, covariate_dimension : 1, alpha : 0.0, beta : 0.0, stochasticity : 1, gamma : 0.3, noise : uniform, 
Running with estimator : ipw, regularization : True, sample_splits : 1, reg_lambda : 0.001, reg_lambda_tilde : 0.001, kernel : linear, density : conditional_kernel, bandwidth : 0.3, bandwidth_mode : heuristic, epsilon : 0.1, normalized : True, random_seed : 35, 
bias_direct: 0.05045445925558565
rmse_direct: 0.068310507137618
bias_indirect: 0.04177105617178831
rmse_indirect: 0.04611143639576208
bias_total: 0.05528235469661855
rmse_total: 0.07006294594505186
bias_mr: 0.04844566259583548
rmse_mr: 0.05936765459414663
coverage: 0.0
