Experiment: expname : nonparametric_experiment, data : uniform, n_samples : 1000, mediator_dimension : 1, covariate_dimension : 1, alpha : 0.0, beta : 0.0, stochasticity : 1, gamma : 0.3, noise : uniform, 
Running with estimator : kme_dml, regularization : True, sample_splits : 1, reg_lambda : 0.001, reg_lambda_tilde : 0.001, kernel : gauss, density : conditional_kernel, bandwidth : 0.3, bandwidth_mode : heuristic, epsilon : 0.1, normalized : True, random_seed : 74, 
bias_direct: 0.03609920071237975
rmse_direct: 0.043768652610766845
bias_indirect: 0.009685744097610013
rmse_indirect: 0.017298965182314323
bias_total: 0.04447352214719556
rmse_total: 0.05103265823839894
bias_mr: 0.03206964184666189
rmse_mr: 0.03905529881120307
coverage: 1.0
