Experiment: expname : nonparametric_experiment, data : uniform, n_samples : 1000, mediator_dimension : 1, covariate_dimension : 1, alpha : 0.0, beta : 0.0, stochasticity : 1, gamma : 0.3, noise : uniform, 
Running with estimator : kme_dml, regularization : True, sample_splits : 1, reg_lambda : 0.001, reg_lambda_tilde : 0.001, kernel : gauss, density : conditional_kernel, bandwidth : 0.3, bandwidth_mode : heuristic, epsilon : 0.1, normalized : True, random_seed : 87, 
bias_direct: 0.03893950621532569
rmse_direct: 0.04320372900721672
bias_indirect: 0.017496968530743458
rmse_indirect: 0.025647155371323022
bias_total: 0.04071274530692461
rmse_total: 0.0486424151916311
bias_mr: 0.03133860112575992
rmse_mr: 0.041192069094632626
coverage: 1.0
