Experiment: expname : nonparametric_experiment, data : uniform, n_samples : 500, mediator_dimension : 1, covariate_dimension : 1, alpha : 0.0, beta : 0.0, stochasticity : 1, gamma : 0.3, noise : uniform, 
Running with estimator : kme_g_computation, regularization : True, sample_splits : 1, reg_lambda : 0.001, reg_lambda_tilde : 0.001, kernel : gauss, density : conditional_kernel, bandwidth : 0.3, bandwidth_mode : heuristic, epsilon : 0.1, normalized : True, random_seed : 3, 
bias_direct: 0.13821355484036937
rmse_direct: 0.15979371202112413
bias_indirect: 0.2678813658590078
rmse_indirect: 0.2979099754846514
bias_total: 0.12966781101863842
rmse_total: 0.1405775972449638
bias_mr: 0.15363672437340664
rmse_mr: 0.1852502122993367
coverage: 0.0
