Experiment: expname : nonparametric_experiment, data : uniform, n_samples : 1000, mediator_dimension : 1, covariate_dimension : 1, alpha : 0.0, beta : 0.0, stochasticity : 1, gamma : 0.3, noise : uniform, 
Running with estimator : kme_dml, regularization : True, sample_splits : 1, reg_lambda : 0.001, reg_lambda_tilde : 0.001, kernel : gauss, density : conditional_kernel, bandwidth : 0.3, bandwidth_mode : heuristic, epsilon : 0.1, normalized : True, random_seed : 83, 
bias_direct: 0.06785693302080997
rmse_direct: 0.07869911748366216
bias_indirect: 0.021073819887351453
rmse_indirect: 0.022399643125811716
bias_total: 0.0652384775715225
rmse_total: 0.07662536362338301
bias_mr: 0.05367873973416016
rmse_mr: 0.06715264868035314
coverage: 1.0
