Experiment: expname : baselines_experiment, data : uniform, n_samples : 500, mediator_dimension : 1, covariate_dimension : 1, alpha : 0.5, beta : 0.25, stochasticity : 1, gamma : 0.3, noise : uniform, 
Running with estimator : linear, regularization : True, sample_splits : 1, reg_lambda : 0.001, reg_lambda_tilde : 0.001, kernel : gauss, density : gaussian, bandwidth : 0.3, bandwidth_mode : heuristic, epsilon : 0.3, normalized : True, random_seed : 19, 
bias_direct: 0.4000211875232188
rmse_direct: 0.449415078728409
bias_indirect: 0.022229473444923573
rmse_indirect: 0.02526497829790001
bias_total: 0.37779171407829526
rmse_total: 0.4264217303842364
bias_mr: 0.3893393296060761
rmse_mr: 0.41464761494901414
coverage: 0.0
