Experiment: expname : baselines_experiment, data : uniform, n_samples : 1000, mediator_dimension : 1, covariate_dimension : 1, alpha : 0.5, beta : 0.25, stochasticity : 1, gamma : 0.3, noise : uniform, 
Running with estimator : kme_g_computation, regularization : True, sample_splits : 1, reg_lambda : 0.001, reg_lambda_tilde : 0.001, kernel : gauss, density : gaussian, bandwidth : 0.3, bandwidth_mode : heuristic, epsilon : 0.3, normalized : True, random_seed : 9, 
bias_direct: 0.395898516745559
rmse_direct: 0.5068532211436281
bias_indirect: 0.30060548722250025
rmse_indirect: 0.4272477760330916
bias_total: 0.09529302952305867
rmse_total: 0.10124006330976136
bias_mr: 0.42213398872071006
rmse_mr: 0.5417481844047692
coverage: 0.0
