Experiment: expname : nonparametric_experiment, data : uniform, n_samples : 500, mediator_dimension : 1, covariate_dimension : 1, alpha : 0.0, beta : 0.0, stochasticity : 1, gamma : 0.3, noise : uniform, 
Running with estimator : kme_dml, regularization : True, sample_splits : 1, reg_lambda : 0.001, reg_lambda_tilde : 0.001, kernel : gauss, density : gaussian, bandwidth : 0.3, bandwidth_mode : heuristic, epsilon : 0.1, normalized : True, random_seed : 31, 
bias_direct: 0.09324595611620917
rmse_direct: 0.10835691785292999
bias_indirect: 0.028549164546087392
rmse_indirect: 0.032265452761129805
bias_total: 0.08787394837793244
rmse_total: 0.11205282058354381
bias_mr: 0.04767863528042867
rmse_mr: 0.060579543323529
coverage: 1.0
