Experiment: expname : nonparametric_experiment, data : uniform, n_samples : 5000, mediator_dimension : 1, covariate_dimension : 1, alpha : 0.0, beta : 0.0, stochasticity : 1, gamma : 0.3, noise : uniform, 
Running with estimator : kme_dml, regularization : True, sample_splits : 1, reg_lambda : 0.001, reg_lambda_tilde : 0.001, kernel : gauss, density : conditional_kernel, bandwidth : 0.3, bandwidth_mode : heuristic, epsilon : 0.1, normalized : True, random_seed : 28, 
bias_direct: 0.0166328015526542
rmse_direct: 0.019736236658031935
bias_indirect: 0.009792247445553891
rmse_indirect: 0.012513708591957402
bias_total: 0.018831521148636766
rmse_total: 0.023763402586321498
bias_mr: 0.01982125217513648
rmse_mr: 0.023800323397353263
coverage: 1.0
