Experiment: expname : nonparametric_experiment, data : uniform, n_samples : 5000, mediator_dimension : 1, covariate_dimension : 1, alpha : 0.0, beta : 0.0, stochasticity : 1, gamma : 0.3, noise : uniform, 
Running with estimator : kme_dml, regularization : True, sample_splits : 1, reg_lambda : 0.001, reg_lambda_tilde : 0.001, kernel : linear, density : conditional_kernel, bandwidth : 0.3, bandwidth_mode : heuristic, epsilon : 0.1, normalized : True, random_seed : 59, 
bias_direct: 0.02619018915218614
rmse_direct: 0.03577418395847607
bias_indirect: 0.009424536323332101
rmse_indirect: 0.011007830943880937
bias_total: 0.030797088428384325
rmse_total: 0.04331018793498676
bias_mr: 0.03785176729016394
rmse_mr: 0.04249951191957468
coverage: 0.9655172413793104
