Experiment: expname : baselines_experiment, data : uniform, n_samples : 1000, mediator_dimension : 1, covariate_dimension : 1, alpha : 0.5, beta : 0.25, stochasticity : 1, gamma : 0.3, noise : uniform, 
Running with estimator : kme_g_computation, regularization : True, sample_splits : 1, reg_lambda : 0.001, reg_lambda_tilde : 0.001, kernel : gauss, density : gaussian, bandwidth : 0.3, bandwidth_mode : heuristic, epsilon : 0.3, normalized : True, random_seed : 8, 
bias_direct: 0.38047062043740065
rmse_direct: 0.4998956863749897
bias_indirect: 0.4194029163700447
rmse_indirect: 0.5316415240181984
bias_total: 0.04855544837791103
rmse_total: 0.05854651841127359
bias_mr: 0.3893109931139105
rmse_mr: 0.5138505785893795
coverage: 0.0
