Experiment: expname : baselines_experiment, data : uniform, n_samples : 1000, mediator_dimension : 1, covariate_dimension : 1, alpha : 0.5, beta : 0.25, stochasticity : 1, gamma : 0.3, noise : uniform, 
Running with estimator : linear, regularization : True, sample_splits : 1, reg_lambda : 0.001, reg_lambda_tilde : 0.001, kernel : gauss, density : gaussian, bandwidth : 0.3, bandwidth_mode : heuristic, epsilon : 0.3, normalized : True, random_seed : 95, 
bias_direct: 0.27742349211236633
rmse_direct: 0.31869897356735627
bias_indirect: 0.018827183321119944
rmse_indirect: 0.02139809470508652
bias_total: 0.2935893892228781
rmse_total: 0.3365129059170318
bias_mr: 0.2581897581906068
rmse_mr: 0.27764066341909077
coverage: 0.0
