Experiment: expname : nonparametric_experiment, data : uniform, n_samples : 500, mediator_dimension : 1, covariate_dimension : 1, alpha : 0.0, beta : 0.0, stochasticity : 1, gamma : 0.3, noise : uniform, 
Running with estimator : kme_g_computation, regularization : True, sample_splits : 1, reg_lambda : 0.001, reg_lambda_tilde : 0.001, kernel : gauss, density : gaussian, bandwidth : 0.3, bandwidth_mode : heuristic, epsilon : 0.1, normalized : True, random_seed : 55, 
bias_direct: 0.17259070052450537
rmse_direct: 0.19600097901905075
bias_indirect: 0.11949655497741557
rmse_indirect: 0.14401928455878052
bias_total: 0.053094145547089834
rmse_total: 0.05928352965210166
bias_mr: 0.1924748605406488
rmse_mr: 0.2207384499739438
coverage: 0.0
