Experiment: expname : nonparametric_experiment, data : uniform, n_samples : 5000, mediator_dimension : 1, covariate_dimension : 1, alpha : 0.0, beta : 0.0, stochasticity : 1, gamma : 0.3, noise : uniform, 
Running with estimator : kme_dml, regularization : True, sample_splits : 1, reg_lambda : 0.001, reg_lambda_tilde : 0.001, kernel : linear, density : gaussian, bandwidth : 0.3, bandwidth_mode : heuristic, epsilon : 0.1, normalized : True, random_seed : 13, 
bias_direct: 0.04062936602106412
rmse_direct: 0.049214864078661345
bias_indirect: 0.018652233108882303
rmse_indirect: 0.022273523060531087
bias_total: 0.057488094317474606
rmse_total: 0.06742229514633305
bias_mr: 0.025888874032924475
rmse_mr: 0.03038557287762078
coverage: 1.0
