Experiment: expname : nonparametric_experiment, data : uniform, n_samples : 500, mediator_dimension : 1, covariate_dimension : 1, alpha : 0.0, beta : 0.0, stochasticity : 1, gamma : 0.3, noise : uniform, 
Running with estimator : kme_dml, regularization : True, sample_splits : 1, reg_lambda : 0.001, reg_lambda_tilde : 0.001, kernel : gauss, density : gaussian, bandwidth : 0.3, bandwidth_mode : heuristic, epsilon : 0.1, normalized : True, random_seed : 90, 
bias_direct: 0.030006708537353464
rmse_direct: 0.05444285019034443
bias_indirect: 0.04039233378530413
rmse_indirect: 0.050099775601274904
bias_total: 0.05327681456955703
rmse_total: 0.06772394488933159
bias_mr: 0.030488454343781068
rmse_mr: 0.04449139556833779
coverage: 1.0
