Experiment: expname : nonparametric_experiment, data : uniform, n_samples : 1000, mediator_dimension : 1, covariate_dimension : 1, alpha : 0.0, beta : 0.0, stochasticity : 1, gamma : 0.3, noise : uniform, 
Running with estimator : ipw, regularization : True, sample_splits : 1, reg_lambda : 0.001, reg_lambda_tilde : 0.001, kernel : gauss, density : gaussian, bandwidth : 0.3, bandwidth_mode : heuristic, epsilon : 0.1, normalized : True, random_seed : 57, 
bias_direct: 0.149480255240466
rmse_direct: 0.17985121573471555
bias_indirect: 0.06982758620689662
rmse_indirect: 0.0793627637866908
bias_total: 0.15977819659272993
rmse_total: 0.18608376560661946
bias_mr: 0.08458403671709545
rmse_mr: 0.10223341585020529
coverage: 0.0
