Experiment: expname : baselines_experiment, data : uniform, n_samples : 500, mediator_dimension : 1, covariate_dimension : 1, alpha : 0.5, beta : 0.25, stochasticity : 1, gamma : 0.3, noise : uniform, 
Running with estimator : ipw, regularization : True, sample_splits : 1, reg_lambda : 0.001, reg_lambda_tilde : 0.001, kernel : gauss, density : gaussian, bandwidth : 0.3, bandwidth_mode : heuristic, epsilon : 0.3, normalized : True, random_seed : 17, 
bias_direct: 0.09645089690777305
rmse_direct: 0.12568221650802497
bias_indirect: 0.06982758620689661
rmse_indirect: 0.07936276378669078
bias_total: 0.1324671196170482
rmse_total: 0.14493573156331824
bias_mr: 0.14264611515078815
rmse_mr: 0.16820548343314282
coverage: 0.0
