Experiment: expname : nonparametric_experiment, data : uniform, n_samples : 5000, mediator_dimension : 1, covariate_dimension : 1, alpha : 0.0, beta : 0.0, stochasticity : 1, gamma : 0.3, noise : uniform, 
Running with estimator : kme_dml, regularization : True, sample_splits : 1, reg_lambda : 0.001, reg_lambda_tilde : 0.001, kernel : linear, density : gaussian, bandwidth : 0.3, bandwidth_mode : heuristic, epsilon : 0.1, normalized : True, random_seed : 55, 
bias_direct: 0.03954988663922853
rmse_direct: 0.04519244435483786
bias_indirect: 0.009080508680686316
rmse_indirect: 0.011024532008987046
bias_total: 0.034623561705883335
rmse_total: 0.040373829737751735
bias_mr: 0.017781521684982343
rmse_mr: 0.021199474193980564
coverage: 1.0
