Experiment: expname : nonparametric_experiment, data : uniform, n_samples : 1000, mediator_dimension : 1, covariate_dimension : 1, alpha : 0.0, beta : 0.0, stochasticity : 1, gamma : 0.3, noise : uniform, 
Running with estimator : ipw, regularization : True, sample_splits : 1, reg_lambda : 0.001, reg_lambda_tilde : 0.001, kernel : gauss, density : conditional_kernel, bandwidth : 0.3, bandwidth_mode : heuristic, epsilon : 0.1, normalized : True, random_seed : 34, 
bias_direct: 0.08455544112116813
rmse_direct: 0.10611643574120067
bias_indirect: 0.034862071860571824
rmse_indirect: 0.040311239415850554
bias_total: 0.08395621802740708
rmse_total: 0.10531894929799339
bias_mr: 0.09827070622756144
rmse_mr: 0.12128877881873824
coverage: 0.0
