Experiment: expname : nonparametric_experiment, data : uniform, n_samples : 500, mediator_dimension : 1, covariate_dimension : 1, alpha : 0.0, beta : 0.0, stochasticity : 1, gamma : 0.3, noise : uniform, 
Running with estimator : kme_dml, regularization : True, sample_splits : 1, reg_lambda : 0.001, reg_lambda_tilde : 0.001, kernel : gauss, density : conditional_kernel, bandwidth : 0.3, bandwidth_mode : heuristic, epsilon : 0.1, normalized : True, random_seed : 26, 
bias_direct: 0.09674079322443531
rmse_direct: 0.10796731395258526
bias_indirect: 0.03286025348913729
rmse_indirect: 0.03824914681897066
bias_total: 0.08562715855011202
rmse_total: 0.10025444453581775
bias_mr: 0.10196640740951185
rmse_mr: 0.1130985226555037
coverage: 0.9655172413793104
