Experiment: expname : nonparametric_experiment, data : uniform, n_samples : 500, mediator_dimension : 1, covariate_dimension : 1, alpha : 0.0, beta : 0.0, stochasticity : 1, gamma : 0.3, noise : uniform, 
Running with estimator : kme_g_computation, regularization : True, sample_splits : 1, reg_lambda : 0.001, reg_lambda_tilde : 0.001, kernel : linear, density : gaussian, bandwidth : 0.3, bandwidth_mode : heuristic, epsilon : 0.1, normalized : True, random_seed : 49, 
bias_direct: 0.16016109584598087
rmse_direct: 0.18302268556196855
bias_indirect: 0.16148086725104735
rmse_indirect: 0.18353154728130058
bias_total: 0.009579599877824389
rmse_total: 0.012759942242966631
bias_mr: 0.1591443207731601
rmse_mr: 0.18085743752204492
coverage: 0.0
