Experiment: expname : nonparametric_experiment, data : uniform, n_samples : 500, mediator_dimension : 1, covariate_dimension : 1, alpha : 0.0, beta : 0.0, stochasticity : 1, gamma : 0.3, noise : uniform, 
Running with estimator : kme_dml, regularization : True, sample_splits : 1, reg_lambda : 0.001, reg_lambda_tilde : 0.001, kernel : linear, density : gaussian, bandwidth : 0.3, bandwidth_mode : heuristic, epsilon : 0.1, normalized : True, random_seed : 63, 
bias_direct: 0.039421649320338994
rmse_direct: 0.04965842785066252
bias_indirect: 0.0247850171047094
rmse_indirect: 0.027052767439398846
bias_total: 0.04401118029309495
rmse_total: 0.049871620865563654
bias_mr: 0.05379279589443829
rmse_mr: 0.06269125865219177
coverage: 1.0
