Experiment: expname : baselines_experiment, data : uniform, n_samples : 1000, mediator_dimension : 1, covariate_dimension : 1, alpha : 0.5, beta : 0.25, stochasticity : 1, gamma : 0.3, noise : uniform, 
Running with estimator : kme_dml, regularization : True, sample_splits : 1, reg_lambda : 0.001, reg_lambda_tilde : 0.001, kernel : gauss, density : gaussian, bandwidth : 0.3, bandwidth_mode : heuristic, epsilon : 0.3, normalized : True, random_seed : 70, 
bias_direct: 0.05198691328661075
rmse_direct: 0.06771825812638733
bias_indirect: 0.014293155808722173
rmse_indirect: 0.018761993905586954
bias_total: 0.06404780440050487
rmse_total: 0.08082414326971624
bias_mr: 0.06095788212211082
rmse_mr: 0.07258319230608197
coverage: 1.0
