Experiment: expname : baselines_experiment, data : uniform, n_samples : 500, mediator_dimension : 1, covariate_dimension : 1, alpha : 0.5, beta : 0.25, stochasticity : 1, gamma : 0.3, noise : uniform, 
Running with estimator : ipw, regularization : True, sample_splits : 1, reg_lambda : 0.001, reg_lambda_tilde : 0.001, kernel : gauss, density : gaussian, bandwidth : 0.3, bandwidth_mode : heuristic, epsilon : 0.3, normalized : True, random_seed : 52, 
bias_direct: 0.14839879685037213
rmse_direct: 0.19258289939783352
bias_indirect: 0.0698275862068966
rmse_indirect: 0.07936276378669078
bias_total: 0.11649750169398254
rmse_total: 0.14770870716268653
bias_mr: 0.2544268618178789
rmse_mr: 0.2961392403659158
coverage: 0.0
