Experiment: expname : nonparametric_experiment, data : uniform, n_samples : 1000, mediator_dimension : 1, covariate_dimension : 1, alpha : 0.0, beta : 0.0, stochasticity : 1, gamma : 0.3, noise : uniform, 
Running with estimator : kme_dml, regularization : True, sample_splits : 1, reg_lambda : 0.001, reg_lambda_tilde : 0.001, kernel : gauss, density : gaussian, bandwidth : 0.3, bandwidth_mode : heuristic, epsilon : 0.1, normalized : True, random_seed : 13, 
bias_direct: 0.06922747104594676
rmse_direct: 0.0925027889744124
bias_indirect: 0.02328542202435871
rmse_indirect: 0.02616759357202866
bias_total: 0.07133749061156347
rmse_total: 0.09498528799731532
bias_mr: 0.0957470037992893
rmse_mr: 0.11235316121932493
coverage: 0.7586206896551724
