Experiment: expname : nonparametric_experiment, data : uniform, n_samples : 1000, mediator_dimension : 1, covariate_dimension : 1, alpha : 0.0, beta : 0.0, stochasticity : 1, gamma : 0.3, noise : uniform, 
Running with estimator : kme_dml, regularization : True, sample_splits : 1, reg_lambda : 0.001, reg_lambda_tilde : 0.001, kernel : gauss, density : conditional_kernel, bandwidth : 0.3, bandwidth_mode : heuristic, epsilon : 0.1, normalized : True, random_seed : 28, 
bias_direct: 0.07684597974141896
rmse_direct: 0.10326763123668736
bias_indirect: 0.019769063059393664
rmse_indirect: 0.022733768728957555
bias_total: 0.07234745715274074
rmse_total: 0.09710107447558232
bias_mr: 0.06830885129804537
rmse_mr: 0.08376831577291055
coverage: 0.9655172413793104
