Experiment: expname : nonparametric_experiment, data : uniform, n_samples : 500, mediator_dimension : 1, covariate_dimension : 1, alpha : 0.0, beta : 0.0, stochasticity : 1, gamma : 0.3, noise : uniform, 
Running with estimator : ipw, regularization : True, sample_splits : 1, reg_lambda : 0.001, reg_lambda_tilde : 0.001, kernel : linear, density : conditional_kernel, bandwidth : 0.3, bandwidth_mode : heuristic, epsilon : 0.1, normalized : True, random_seed : 10, 
bias_direct: 0.12905116025681654
rmse_direct: 0.16525276565705746
bias_indirect: 0.04582545029087366
rmse_indirect: 0.04836342006536499
bias_total: 0.1353183880405046
rmse_total: 0.169807451294364
bias_mr: 0.12212643877640858
rmse_mr: 0.16002235852697252
coverage: 0.0
