Experiment: expname : nonparametric_experiment, data : uniform, n_samples : 1000, mediator_dimension : 1, covariate_dimension : 1, alpha : 0.0, beta : 0.0, stochasticity : 1, gamma : 0.3, noise : uniform, 
Running with estimator : kme_dml, regularization : True, sample_splits : 1, reg_lambda : 0.001, reg_lambda_tilde : 0.001, kernel : linear, density : conditional_kernel, bandwidth : 0.3, bandwidth_mode : heuristic, epsilon : 0.1, normalized : True, random_seed : 40, 
bias_direct: 0.06711786814962185
rmse_direct: 0.08046785497983953
bias_indirect: 0.016220803139063437
rmse_indirect: 0.018954502654954488
bias_total: 0.08128765139212378
rmse_total: 0.09179358942075627
bias_mr: 0.07323667040657063
rmse_mr: 0.08265611292318309
coverage: 1.0
