Experiment: expname : nonparametric_experiment, data : uniform, n_samples : 500, mediator_dimension : 1, covariate_dimension : 1, alpha : 0.0, beta : 0.0, stochasticity : 1, gamma : 0.3, noise : uniform, 
Running with estimator : kme_dml, regularization : True, sample_splits : 1, reg_lambda : 0.001, reg_lambda_tilde : 0.001, kernel : gauss, density : gaussian, bandwidth : 0.3, bandwidth_mode : heuristic, epsilon : 0.1, normalized : True, random_seed : 73, 
bias_direct: 0.09400516082357077
rmse_direct: 0.11059442903226711
bias_indirect: 0.03410506258223769
rmse_indirect: 0.04761261683344085
bias_total: 0.1265449287687355
rmse_total: 0.1514276679798906
bias_mr: 0.08337119970976956
rmse_mr: 0.09740214025647206
coverage: 1.0
