Experiment: expname : nonparametric_experiment, data : uniform, n_samples : 5000, mediator_dimension : 1, covariate_dimension : 1, alpha : 0.0, beta : 0.0, stochasticity : 1, gamma : 0.3, noise : uniform, 
Running with estimator : kme_g_computation, regularization : True, sample_splits : 1, reg_lambda : 0.001, reg_lambda_tilde : 0.001, kernel : gauss, density : gaussian, bandwidth : 0.3, bandwidth_mode : heuristic, epsilon : 0.1, normalized : True, random_seed : 19, 
bias_direct: 0.1683109173310551
rmse_direct: 0.1912512073007181
bias_indirect: 0.1665466784578414
rmse_indirect: 0.1891995673650931
bias_total: 0.03219991106969255
rmse_total: 0.03897144873609561
bias_mr: 0.17246294750645447
rmse_mr: 0.1950491780686008
coverage: 0.0
