Experiment: expname : baselines_experiment, data : uniform, n_samples : 5000, mediator_dimension : 1, covariate_dimension : 1, alpha : 0.5, beta : 0.25, stochasticity : 1, gamma : 0.3, noise : uniform, 
Running with estimator : linear, regularization : True, sample_splits : 1, reg_lambda : 0.001, reg_lambda_tilde : 0.001, kernel : gauss, density : gaussian, bandwidth : 0.3, bandwidth_mode : heuristic, epsilon : 0.3, normalized : True, random_seed : 37, 
bias_direct: 0.280922686629978
rmse_direct: 0.3227857159089721
bias_indirect: 0.0030829122468419502
rmse_indirect: 0.0035038936573902196
bias_total: 0.28362194757499065
rmse_total: 0.3256898766475596
bias_mr: 0.2615183629656965
rmse_mr: 0.2801012596307832
coverage: 0.0
