Experiment: expname : nonparametric_experiment, data : uniform, n_samples : 5000, mediator_dimension : 1, covariate_dimension : 1, alpha : 0.0, beta : 0.0, stochasticity : 1, gamma : 0.3, noise : uniform, 
Running with estimator : kme_dml, regularization : True, sample_splits : 1, reg_lambda : 0.001, reg_lambda_tilde : 0.001, kernel : gauss, density : conditional_kernel, bandwidth : 0.3, bandwidth_mode : heuristic, epsilon : 0.1, normalized : True, random_seed : 23, 
bias_direct: 0.023625795719122943
rmse_direct: 0.02912681016824488
bias_indirect: 0.011072274713500578
rmse_indirect: 0.014761933861305794
bias_total: 0.01729904421914409
rmse_total: 0.02210689315593318
bias_mr: 0.02266618846415062
rmse_mr: 0.026846417230016906
coverage: 1.0
