Experiment: expname : baselines_experiment, data : uniform, n_samples : 1000, mediator_dimension : 1, covariate_dimension : 1, alpha : 0.5, beta : 0.25, stochasticity : 1, gamma : 0.3, noise : uniform, 
Running with estimator : kme_g_computation, regularization : True, sample_splits : 1, reg_lambda : 0.001, reg_lambda_tilde : 0.001, kernel : gauss, density : gaussian, bandwidth : 0.3, bandwidth_mode : heuristic, epsilon : 0.3, normalized : True, random_seed : 2, 
bias_direct: 0.3607412867036875
rmse_direct: 0.46708284157090607
bias_indirect: 0.3541657020093062
rmse_indirect: 0.4875561924867205
bias_total: 0.12310994461731276
rmse_total: 0.14959284577572102
bias_mr: 0.4518769206320694
rmse_mr: 0.5581507184192551
coverage: 0.0
