Experiment: expname : nonparametric_experiment, data : uniform, n_samples : 500, mediator_dimension : 1, covariate_dimension : 1, alpha : 0.0, beta : 0.0, stochasticity : 1, gamma : 0.3, noise : uniform, 
Running with estimator : kme_dml, regularization : True, sample_splits : 1, reg_lambda : 0.001, reg_lambda_tilde : 0.001, kernel : gauss, density : gaussian, bandwidth : 0.3, bandwidth_mode : heuristic, epsilon : 0.1, normalized : True, random_seed : 19, 
bias_direct: 0.09517345946243315
rmse_direct: 0.1101096944457244
bias_indirect: 0.04087763516244241
rmse_indirect: 0.04356815804076068
bias_total: 0.09440337871801575
rmse_total: 0.10459908925485588
bias_mr: 0.08307224617825865
rmse_mr: 0.1004405404867856
coverage: 1.0
