Experiment: expname : baselines_experiment, data : uniform, n_samples : 1000, mediator_dimension : 1, covariate_dimension : 1, alpha : 0.5, beta : 0.25, stochasticity : 1, gamma : 0.3, noise : uniform, 
Running with estimator : kme_dml, regularization : True, sample_splits : 1, reg_lambda : 0.001, reg_lambda_tilde : 0.001, kernel : gauss, density : gaussian, bandwidth : 0.3, bandwidth_mode : heuristic, epsilon : 0.3, normalized : True, random_seed : 65, 
bias_direct: 0.0605353644402783
rmse_direct: 0.08460147463828245
bias_indirect: 0.01882293696971031
rmse_indirect: 0.02794873324567474
bias_total: 0.06337141562030854
rmse_total: 0.08493536634021732
bias_mr: 0.09012630871229971
rmse_mr: 0.10610756385026575
coverage: 1.0
