Experiment: expname : nonparametric_experiment, data : uniform, n_samples : 1000, mediator_dimension : 1, covariate_dimension : 1, alpha : 0.0, beta : 0.0, stochasticity : 1, gamma : 0.3, noise : uniform, 
Running with estimator : kme_g_computation, regularization : True, sample_splits : 1, reg_lambda : 0.001, reg_lambda_tilde : 0.001, kernel : linear, density : gaussian, bandwidth : 0.3, bandwidth_mode : heuristic, epsilon : 0.1, normalized : True, random_seed : 83, 
bias_direct: 0.1591550429052328
rmse_direct: 0.1808293479661198
bias_indirect: 0.1739341357652077
rmse_indirect: 0.19768541580042454
bias_total: 0.014928066739637496
rmse_total: 0.022267465715236166
bias_mr: 0.159697365755453
rmse_mr: 0.18182098816933548
coverage: 0.0
