Experiment: expname : nonparametric_experiment, data : uniform, n_samples : 1000, mediator_dimension : 1, covariate_dimension : 1, alpha : 0.0, beta : 0.0, stochasticity : 1, gamma : 0.3, noise : uniform, 
Running with estimator : ipw, regularization : True, sample_splits : 1, reg_lambda : 0.001, reg_lambda_tilde : 0.001, kernel : linear, density : gaussian, bandwidth : 0.3, bandwidth_mode : heuristic, epsilon : 0.1, normalized : True, random_seed : 96, 
bias_direct: 0.23423285491565568
rmse_direct: 0.2921618060950499
bias_indirect: 0.06982758620689658
rmse_indirect: 0.07936276378669077
bias_total: 0.2295776825018627
rmse_total: 0.2567038270198179
bias_mr: 0.16962308822769628
rmse_mr: 0.18012275640850156
coverage: 0.0
