Experiment: expname : nonparametric_experiment, data : uniform, n_samples : 1000, mediator_dimension : 1, covariate_dimension : 1, alpha : 0.0, beta : 0.0, stochasticity : 1, gamma : 0.3, noise : uniform, 
Running with estimator : kme_dml, regularization : True, sample_splits : 1, reg_lambda : 0.001, reg_lambda_tilde : 0.001, kernel : gauss, density : conditional_kernel, bandwidth : 0.3, bandwidth_mode : heuristic, epsilon : 0.1, normalized : True, random_seed : 47, 
bias_direct: 0.09015735255400224
rmse_direct: 0.10038344350789319
bias_indirect: 0.02611831738299948
rmse_indirect: 0.02746530623662102
bias_total: 0.08970181497050148
rmse_total: 0.1012481095853617
bias_mr: 0.09241331968230336
rmse_mr: 0.10017060543840535
coverage: 0.8275862068965517
