Experiment: expname : baselines_experiment, data : uniform, n_samples : 1000, mediator_dimension : 1, covariate_dimension : 1, alpha : 0.5, beta : 0.25, stochasticity : 1, gamma : 0.3, noise : uniform, 
Running with estimator : ipw, regularization : True, sample_splits : 1, reg_lambda : 0.001, reg_lambda_tilde : 0.001, kernel : gauss, density : gaussian, bandwidth : 0.3, bandwidth_mode : heuristic, epsilon : 0.3, normalized : True, random_seed : 88, 
bias_direct: 0.13577518027385047
rmse_direct: 0.1656155984258956
bias_indirect: 0.06982758620689662
rmse_indirect: 0.0793627637866908
bias_total: 0.09151789024531179
rmse_total: 0.10796758539416343
bias_mr: 0.21081143225261822
rmse_mr: 0.2609649334300217
coverage: 0.0
