Experiment: expname : nonparametric_experiment, data : uniform, n_samples : 500, mediator_dimension : 1, covariate_dimension : 1, alpha : 0.0, beta : 0.0, stochasticity : 1, gamma : 0.3, noise : uniform, 
Running with estimator : kme_dml, regularization : True, sample_splits : 1, reg_lambda : 0.001, reg_lambda_tilde : 0.001, kernel : linear, density : conditional_kernel, bandwidth : 0.3, bandwidth_mode : heuristic, epsilon : 0.1, normalized : True, random_seed : 48, 
bias_direct: 0.07266688981274244
rmse_direct: 0.08413458069541621
bias_indirect: 0.019887628538869186
rmse_indirect: 0.022583532688221254
bias_total: 0.06739427584480379
rmse_total: 0.07854990028662137
bias_mr: 0.03257385346027945
rmse_mr: 0.04023642471867228
coverage: 1.0
