Experiment: expname : baselines_experiment, data : uniform, n_samples : 500, mediator_dimension : 1, covariate_dimension : 1, alpha : 0.5, beta : 0.25, stochasticity : 1, gamma : 0.3, noise : uniform, 
Running with estimator : linear, regularization : True, sample_splits : 1, reg_lambda : 0.001, reg_lambda_tilde : 0.001, kernel : gauss, density : gaussian, bandwidth : 0.3, bandwidth_mode : heuristic, epsilon : 0.3, normalized : True, random_seed : 40, 
bias_direct: 0.40240313724353294
rmse_direct: 0.4518932697975918
bias_indirect: 0.022550244210328876
rmse_indirect: 0.025629551325085976
bias_total: 0.4249533814538618
rmse_total: 0.47547840992147233
bias_mr: 0.39182124586987244
rmse_mr: 0.4174974398449739
coverage: 0.0
