Experiment: expname : baselines_experiment, data : uniform, n_samples : 1000, mediator_dimension : 1, covariate_dimension : 1, alpha : 0.5, beta : 0.25, stochasticity : 1, gamma : 0.3, noise : uniform, 
Running with estimator : kme_g_computation, regularization : True, sample_splits : 1, reg_lambda : 0.001, reg_lambda_tilde : 0.001, kernel : gauss, density : gaussian, bandwidth : 0.3, bandwidth_mode : heuristic, epsilon : 0.3, normalized : True, random_seed : 29, 
bias_direct: 0.3583333998649229
rmse_direct: 0.4698432966863458
bias_indirect: 0.4301822877689585
rmse_indirect: 0.5418646631828156
bias_total: 0.0763497402361764
rmse_total: 0.10323136619065591
bias_mr: 0.3821854686954443
rmse_mr: 0.5003143113443028
coverage: 0.0
