Experiment: expname : nonparametric_experiment, data : uniform, n_samples : 5000, mediator_dimension : 1, covariate_dimension : 1, alpha : 0.0, beta : 0.0, stochasticity : 1, gamma : 0.3, noise : uniform, 
Running with estimator : kme_g_computation, regularization : True, sample_splits : 1, reg_lambda : 0.001, reg_lambda_tilde : 0.001, kernel : linear, density : conditional_kernel, bandwidth : 0.3, bandwidth_mode : heuristic, epsilon : 0.1, normalized : True, random_seed : 69, 
bias_direct: 0.1639801593171238
rmse_direct: 0.18649792213874478
bias_indirect: 0.1811304592184133
rmse_indirect: 0.20586438535804288
bias_total: 0.0171502999012895
rmse_total: 0.019547976791721905
bias_mr: 0.16313941641990737
rmse_mr: 0.18625249827954865
coverage: 0.0
