Experiment: expname : baselines_experiment, data : uniform, n_samples : 5000, mediator_dimension : 1, covariate_dimension : 1, alpha : 0.5, beta : 0.25, stochasticity : 1, gamma : 0.3, noise : uniform, 
Running with estimator : kme_dml, regularization : True, sample_splits : 1, reg_lambda : 0.001, reg_lambda_tilde : 0.001, kernel : gauss, density : gaussian, bandwidth : 0.3, bandwidth_mode : heuristic, epsilon : 0.3, normalized : True, random_seed : 36, 
bias_direct: 0.03708556198863628
rmse_direct: 0.046928214153498696
bias_indirect: 0.016046839830519813
rmse_indirect: 0.020556470289803754
bias_total: 0.031438449298675605
rmse_total: 0.039935054602864825
bias_mr: 0.05492221068448663
rmse_mr: 0.06507414899832771
coverage: 0.9310344827586207
