Experiment: expname : baselines_experiment, data : uniform, n_samples : 5000, mediator_dimension : 1, covariate_dimension : 1, alpha : 0.5, beta : 0.25, stochasticity : 1, gamma : 0.3, noise : uniform, 
Running with estimator : kme_g_computation, regularization : True, sample_splits : 1, reg_lambda : 0.001, reg_lambda_tilde : 0.001, kernel : gauss, density : gaussian, bandwidth : 0.3, bandwidth_mode : heuristic, epsilon : 0.3, normalized : True, random_seed : 83, 
bias_direct: 0.3774204280446105
rmse_direct: 0.48843233620091664
bias_indirect: 0.38484308389780203
rmse_indirect: 0.5090927239756401
bias_total: 0.033419192921932954
rmse_total: 0.04636188999617294
bias_mr: 0.3987537959619186
rmse_mr: 0.5183974234821267
coverage: 0.0
