Experiment: expname : nonparametric_experiment, data : uniform, n_samples : 500, mediator_dimension : 1, covariate_dimension : 1, alpha : 0.0, beta : 0.0, stochasticity : 1, gamma : 0.3, noise : uniform, 
Running with estimator : ipw, regularization : True, sample_splits : 1, reg_lambda : 0.001, reg_lambda_tilde : 0.001, kernel : gauss, density : conditional_kernel, bandwidth : 0.3, bandwidth_mode : heuristic, epsilon : 0.1, normalized : True, random_seed : 17, 
bias_direct: 0.1311321597457623
rmse_direct: 0.1566242100059119
bias_indirect: 0.028380268990615215
rmse_indirect: 0.03366295090083564
bias_total: 0.140927033688307
rmse_total: 0.16688277826926204
bias_mr: 0.10516699847731069
rmse_mr: 0.12766284373403064
coverage: 0.0
