Experiment: expname : nonparametric_experiment, data : uniform, n_samples : 500, mediator_dimension : 1, covariate_dimension : 1, alpha : 0.0, beta : 0.0, stochasticity : 1, gamma : 0.3, noise : uniform, 
Running with estimator : ipw, regularization : True, sample_splits : 1, reg_lambda : 0.001, reg_lambda_tilde : 0.001, kernel : gauss, density : conditional_kernel, bandwidth : 0.3, bandwidth_mode : heuristic, epsilon : 0.1, normalized : True, random_seed : 91, 
bias_direct: 0.08853838364077586
rmse_direct: 0.11237718818401124
bias_indirect: 0.039930174541794726
rmse_indirect: 0.044744428372277545
bias_total: 0.07951749082077071
rmse_total: 0.09704866738162359
bias_mr: 0.0971347386444312
rmse_mr: 0.12295664344187442
coverage: 0.0
