Experiment: expname : nonparametric_experiment, data : uniform, n_samples : 1000, mediator_dimension : 1, covariate_dimension : 1, alpha : 0.0, beta : 0.0, stochasticity : 1, gamma : 0.3, noise : uniform, 
Running with estimator : kme_dml, regularization : True, sample_splits : 1, reg_lambda : 0.001, reg_lambda_tilde : 0.001, kernel : gauss, density : gaussian, bandwidth : 0.3, bandwidth_mode : heuristic, epsilon : 0.1, normalized : True, random_seed : 83, 
bias_direct: 0.06405893897351961
rmse_direct: 0.07443388041359142
bias_indirect: 0.024223612781099656
rmse_indirect: 0.03052651951243851
bias_total: 0.06456179938836044
rmse_total: 0.07651962232740439
bias_mr: 0.0602389883456072
rmse_mr: 0.07029909629781093
coverage: 1.0
