Experiment: expname : nonparametric_experiment, data : uniform, n_samples : 1000, mediator_dimension : 1, covariate_dimension : 1, alpha : 0.0, beta : 0.0, stochasticity : 1, gamma : 0.3, noise : uniform, 
Running with estimator : kme_dml, regularization : True, sample_splits : 1, reg_lambda : 0.001, reg_lambda_tilde : 0.001, kernel : linear, density : conditional_kernel, bandwidth : 0.3, bandwidth_mode : heuristic, epsilon : 0.1, normalized : True, random_seed : 51, 
bias_direct: 0.039382222085919585
rmse_direct: 0.05236158535249486
bias_indirect: 0.01393471989225014
rmse_indirect: 0.01663413821812466
bias_total: 0.053316941978169725
rmse_total: 0.06646566944857857
bias_mr: 0.0617249851196291
rmse_mr: 0.07789865099094541
coverage: 0.9310344827586207
