Experiment: expname : nonparametric_experiment, data : uniform, n_samples : 500, mediator_dimension : 1, covariate_dimension : 1, alpha : 0.0, beta : 0.0, stochasticity : 1, gamma : 0.3, noise : uniform, 
Running with estimator : kme_dml, regularization : True, sample_splits : 1, reg_lambda : 0.001, reg_lambda_tilde : 0.001, kernel : gauss, density : conditional_kernel, bandwidth : 0.3, bandwidth_mode : heuristic, epsilon : 0.1, normalized : True, random_seed : 2, 
bias_direct: 0.04498963505715733
rmse_direct: 0.05071050457061228
bias_indirect: 0.01938888060931723
rmse_indirect: 0.02242271439509343
bias_total: 0.04589470714716244
rmse_total: 0.05071329427166165
bias_mr: 0.08551956317865105
rmse_mr: 0.09264305768411346
coverage: 1.0
