Experiment: expname : nonparametric_experiment, data : uniform, n_samples : 500, mediator_dimension : 1, covariate_dimension : 1, alpha : 0.0, beta : 0.0, stochasticity : 1, gamma : 0.3, noise : uniform, 
Running with estimator : kme_dml, regularization : True, sample_splits : 1, reg_lambda : 0.001, reg_lambda_tilde : 0.001, kernel : gauss, density : gaussian, bandwidth : 0.3, bandwidth_mode : heuristic, epsilon : 0.1, normalized : True, random_seed : 3, 
bias_direct: 0.10403258575012399
rmse_direct: 0.11419965299077064
bias_indirect: 0.016557776241322087
rmse_indirect: 0.018934394931255392
bias_total: 0.11476811318337299
rmse_total: 0.12199389158449866
bias_mr: 0.10637856004847233
rmse_mr: 0.1339256810938088
coverage: 0.8275862068965517
