Experiment: expname : nonparametric_experiment, data : uniform, n_samples : 5000, mediator_dimension : 1, covariate_dimension : 1, alpha : 0.0, beta : 0.0, stochasticity : 1, gamma : 0.3, noise : uniform, 
Running with estimator : kme_dml, regularization : True, sample_splits : 1, reg_lambda : 0.001, reg_lambda_tilde : 0.001, kernel : linear, density : gaussian, bandwidth : 0.3, bandwidth_mode : heuristic, epsilon : 0.1, normalized : True, random_seed : 38, 
bias_direct: 0.026953289261741682
rmse_direct: 0.03161911769680414
bias_indirect: 0.007151546516857101
rmse_indirect: 0.008347105416808259
bias_total: 0.03063589294354021
rmse_total: 0.036906584837927615
bias_mr: 0.01855271568152219
rmse_mr: 0.024000297935527166
coverage: 1.0
