Experiment: expname : nonparametric_experiment, data : uniform, n_samples : 500, mediator_dimension : 1, covariate_dimension : 1, alpha : 0.0, beta : 0.0, stochasticity : 1, gamma : 0.3, noise : uniform, 
Running with estimator : ipw, regularization : True, sample_splits : 1, reg_lambda : 0.001, reg_lambda_tilde : 0.001, kernel : linear, density : conditional_kernel, bandwidth : 0.3, bandwidth_mode : heuristic, epsilon : 0.1, normalized : True, random_seed : 60, 
bias_direct: 0.12000503906575984
rmse_direct: 0.13190774819581041
bias_indirect: 0.022239831017395316
rmse_indirect: 0.0276253186158731
bias_total: 0.11358686815312516
rmse_total: 0.13048541189163876
bias_mr: 0.12029605556906178
rmse_mr: 0.13323490948913794
coverage: 0.0
