Experiment: expname : baselines_experiment, data : uniform, n_samples : 1000, mediator_dimension : 1, covariate_dimension : 1, alpha : 0.5, beta : 0.25, stochasticity : 1, gamma : 0.3, noise : uniform, 
Running with estimator : ipw, regularization : True, sample_splits : 1, reg_lambda : 0.001, reg_lambda_tilde : 0.001, kernel : gauss, density : gaussian, bandwidth : 0.3, bandwidth_mode : heuristic, epsilon : 0.3, normalized : True, random_seed : 92, 
bias_direct: 0.15603067655061675
rmse_direct: 0.17417322903053717
bias_indirect: 0.06982758620689661
rmse_indirect: 0.07936276378669078
bias_total: 0.14326653211574458
rmse_total: 0.16899539359690974
bias_mr: 0.15063594692588253
rmse_mr: 0.18682550976779147
coverage: 0.0
