Experiment: expname : baselines_experiment, data : uniform, n_samples : 1000, mediator_dimension : 1, covariate_dimension : 1, alpha : 0.5, beta : 0.25, stochasticity : 1, gamma : 0.3, noise : uniform, 
Running with estimator : linear, regularization : True, sample_splits : 1, reg_lambda : 0.001, reg_lambda_tilde : 0.001, kernel : gauss, density : gaussian, bandwidth : 0.3, bandwidth_mode : heuristic, epsilon : 0.3, normalized : True, random_seed : 46, 
bias_direct: 0.3262435855947934
rmse_direct: 0.3729155173306755
bias_indirect: 0.004303750321452543
rmse_indirect: 0.004891441029427971
bias_total: 0.32247541309112165
rmse_total: 0.3686495024974763
bias_mr: 0.31406319220835893
rmse_mr: 0.33437575132639025
coverage: 0.0
