Experiment: expname : nonparametric_experiment, data : uniform, n_samples : 500, mediator_dimension : 1, covariate_dimension : 1, alpha : 0.0, beta : 0.0, stochasticity : 1, gamma : 0.3, noise : uniform, 
Running with estimator : kme_dml, regularization : True, sample_splits : 1, reg_lambda : 0.001, reg_lambda_tilde : 0.001, kernel : gauss, density : gaussian, bandwidth : 0.3, bandwidth_mode : heuristic, epsilon : 0.1, normalized : True, random_seed : 67, 
bias_direct: 0.04644144559031185
rmse_direct: 0.05998433601175345
bias_indirect: 0.02579428768280242
rmse_indirect: 0.03530063655073646
bias_total: 0.06077653738884837
rmse_total: 0.08719926214521707
bias_mr: 0.0702441257702855
rmse_mr: 0.07666253841870689
coverage: 1.0
