Experiment: expname : nonparametric_experiment, data : uniform, n_samples : 5000, mediator_dimension : 1, covariate_dimension : 1, alpha : 0.0, beta : 0.0, stochasticity : 1, gamma : 0.3, noise : uniform, 
Running with estimator : kme_dml, regularization : True, sample_splits : 1, reg_lambda : 0.001, reg_lambda_tilde : 0.001, kernel : gauss, density : gaussian, bandwidth : 0.3, bandwidth_mode : heuristic, epsilon : 0.1, normalized : True, random_seed : 55, 
bias_direct: 0.039135867729148406
rmse_direct: 0.04592895103564179
bias_indirect: 0.014224388241078367
rmse_indirect: 0.017688290094728158
bias_total: 0.03365458962195898
rmse_total: 0.03967580714747783
bias_mr: 0.017698228365678515
rmse_mr: 0.022123762873604912
coverage: 1.0
