Experiment: expname : baselines_experiment, data : uniform, n_samples : 500, mediator_dimension : 1, covariate_dimension : 1, alpha : 0.5, beta : 0.25, stochasticity : 1, gamma : 0.3, noise : uniform, 
Running with estimator : ipw, regularization : True, sample_splits : 1, reg_lambda : 0.001, reg_lambda_tilde : 0.001, kernel : gauss, density : gaussian, bandwidth : 0.3, bandwidth_mode : heuristic, epsilon : 0.3, normalized : True, random_seed : 66, 
bias_direct: 0.15230680668387972
rmse_direct: 0.18456847681475083
bias_indirect: 0.0698275862068966
rmse_indirect: 0.07936276378669078
bias_total: 0.139989460755211
rmse_total: 0.16696493443511526
bias_mr: 0.23152615507941895
rmse_mr: 0.2588454222752658
coverage: 0.0
