Experiment: expname : nonparametric_experiment, data : uniform, n_samples : 1000, mediator_dimension : 1, covariate_dimension : 1, alpha : 0.0, beta : 0.0, stochasticity : 1, gamma : 0.3, noise : uniform, 
Running with estimator : kme_dml, regularization : True, sample_splits : 1, reg_lambda : 0.001, reg_lambda_tilde : 0.001, kernel : gauss, density : conditional_kernel, bandwidth : 0.3, bandwidth_mode : heuristic, epsilon : 0.1, normalized : True, random_seed : 7, 
bias_direct: 0.062473183940856616
rmse_direct: 0.0703432312284507
bias_indirect: 0.022006540500254128
rmse_indirect: 0.02760958170617697
bias_total: 0.07066596319121102
rmse_total: 0.0845710419096933
bias_mr: 0.10425524932989132
rmse_mr: 0.11890205561446647
coverage: 0.6896551724137931
