Experiment: expname : nonparametric_experiment, data : uniform, n_samples : 5000, mediator_dimension : 1, covariate_dimension : 1, alpha : 0.0, beta : 0.0, stochasticity : 1, gamma : 0.3, noise : uniform, 
Running with estimator : kme_g_computation, regularization : True, sample_splits : 1, reg_lambda : 0.001, reg_lambda_tilde : 0.001, kernel : linear, density : gaussian, bandwidth : 0.3, bandwidth_mode : heuristic, epsilon : 0.1, normalized : True, random_seed : 30, 
bias_direct: 0.1622706244777959
rmse_direct: 0.1843602052746207
bias_indirect: 0.1414472444330223
rmse_indirect: 0.1607623384875593
bias_total: 0.02082338004477359
rmse_total: 0.023658445473481473
bias_mr: 0.16276846254215344
rmse_mr: 0.18549029633358932
coverage: 0.0
