Experiment: expname : nonparametric_experiment, data : uniform, n_samples : 500, mediator_dimension : 1, covariate_dimension : 1, alpha : 0.0, beta : 0.0, stochasticity : 1, gamma : 0.3, noise : uniform, 
Running with estimator : kme_dml, regularization : True, sample_splits : 1, reg_lambda : 0.001, reg_lambda_tilde : 0.001, kernel : linear, density : conditional_kernel, bandwidth : 0.3, bandwidth_mode : heuristic, epsilon : 0.1, normalized : True, random_seed : 69, 
bias_direct: 0.03517402158664931
rmse_direct: 0.04569178541663239
bias_indirect: 0.017022223596311926
rmse_indirect: 0.022593321453261376
bias_total: 0.036302253881036646
rmse_total: 0.04573483370685212
bias_mr: 0.03862894435373461
rmse_mr: 0.0502727034716537
coverage: 1.0
