Experiment: expname : nonparametric_experiment, data : uniform, n_samples : 500, mediator_dimension : 1, covariate_dimension : 1, alpha : 0.0, beta : 0.0, stochasticity : 1, gamma : 0.3, noise : uniform, 
Running with estimator : ipw, regularization : True, sample_splits : 1, reg_lambda : 0.001, reg_lambda_tilde : 0.001, kernel : linear, density : conditional_kernel, bandwidth : 0.3, bandwidth_mode : heuristic, epsilon : 0.1, normalized : True, random_seed : 93, 
bias_direct: 0.13310514106143834
rmse_direct: 0.17078782708409548
bias_indirect: 0.022560759930174746
rmse_indirect: 0.03183058845362048
bias_total: 0.1323781990438515
rmse_total: 0.17867062779825935
bias_mr: 0.11104182117679394
rmse_mr: 0.13966159439842563
coverage: 0.0
