Experiment: expname : nonparametric_experiment, data : uniform, n_samples : 500, mediator_dimension : 1, covariate_dimension : 1, alpha : 0.0, beta : 0.0, stochasticity : 1, gamma : 0.3, noise : uniform, 
Running with estimator : kme_dml, regularization : True, sample_splits : 1, reg_lambda : 0.001, reg_lambda_tilde : 0.001, kernel : linear, density : conditional_kernel, bandwidth : 0.3, bandwidth_mode : heuristic, epsilon : 0.1, normalized : True, random_seed : 52, 
bias_direct: 0.0985908656322677
rmse_direct: 0.12069479478113282
bias_indirect: 0.03067438673204182
rmse_indirect: 0.03974599604672941
bias_total: 0.08638649185649101
rmse_total: 0.10185107621380578
bias_mr: 0.08601652563852291
rmse_mr: 0.09645172574387802
coverage: 1.0
