Experiment: expname : nonparametric_experiment, data : uniform, n_samples : 500, mediator_dimension : 1, covariate_dimension : 1, alpha : 0.0, beta : 0.0, stochasticity : 1, gamma : 0.3, noise : uniform, 
Running with estimator : kme_dml, regularization : True, sample_splits : 1, reg_lambda : 0.001, reg_lambda_tilde : 0.001, kernel : linear, density : gaussian, bandwidth : 0.3, bandwidth_mode : heuristic, epsilon : 0.1, normalized : True, random_seed : 16, 
bias_direct: 0.11186922950525466
rmse_direct: 0.13226277527698127
bias_indirect: 0.02098800695079765
rmse_indirect: 0.025290399456622502
bias_total: 0.09180698007156143
rmse_total: 0.1128688900078239
bias_mr: 0.06616696690122911
rmse_mr: 0.07716071230105995
coverage: 1.0
