Experiment: expname : nonparametric_experiment, data : uniform, n_samples : 500, mediator_dimension : 1, covariate_dimension : 1, alpha : 0.0, beta : 0.0, stochasticity : 1, gamma : 0.3, noise : uniform, 
Running with estimator : ipw, regularization : True, sample_splits : 1, reg_lambda : 0.001, reg_lambda_tilde : 0.001, kernel : linear, density : conditional_kernel, bandwidth : 0.3, bandwidth_mode : heuristic, epsilon : 0.1, normalized : True, random_seed : 58, 
bias_direct: 0.2936298680294974
rmse_direct: 0.3223688737033562
bias_indirect: 0.04394160003781603
rmse_indirect: 0.05066741613718482
bias_total: 0.29284372442665335
rmse_total: 0.33581318770308305
bias_mr: 0.11185904736699766
rmse_mr: 0.13610020944303886
coverage: 0.0
