Experiment: expname : nonparametric_experiment, data : uniform, n_samples : 500, mediator_dimension : 1, covariate_dimension : 1, alpha : 0.0, beta : 0.0, stochasticity : 1, gamma : 0.3, noise : uniform, 
Running with estimator : kme_dml, regularization : True, sample_splits : 1, reg_lambda : 0.001, reg_lambda_tilde : 0.001, kernel : gauss, density : gaussian, bandwidth : 0.3, bandwidth_mode : heuristic, epsilon : 0.1, normalized : True, random_seed : 9, 
bias_direct: 0.05088306574372261
rmse_direct: 0.06495741342302903
bias_indirect: 0.045649629674503124
rmse_indirect: 0.05978104728519035
bias_total: 0.06530981492029432
rmse_total: 0.08999739686453813
bias_mr: 0.04998350466999096
rmse_mr: 0.05866011095133037
coverage: 1.0
