Experiment: expname : nonparametric_experiment, data : uniform, n_samples : 1000, mediator_dimension : 1, covariate_dimension : 1, alpha : 0.0, beta : 0.0, stochasticity : 1, gamma : 0.3, noise : uniform, 
Running with estimator : ipw, regularization : True, sample_splits : 1, reg_lambda : 0.001, reg_lambda_tilde : 0.001, kernel : gauss, density : gaussian, bandwidth : 0.3, bandwidth_mode : heuristic, epsilon : 0.1, normalized : True, random_seed : 91, 
bias_direct: 0.10265865129429398
rmse_direct: 0.11933112025974316
bias_indirect: 0.06982758620689661
rmse_indirect: 0.07936276378669078
bias_total: 0.09123899263638209
rmse_total: 0.1055231642190213
bias_mr: 0.09907181884465953
rmse_mr: 0.11537644090779517
coverage: 0.0
