Experiment: expname : nonparametric_experiment, data : uniform, n_samples : 1000, mediator_dimension : 1, covariate_dimension : 1, alpha : 0.0, beta : 0.0, stochasticity : 1, gamma : 0.3, noise : uniform, 
Running with estimator : kme_dml, regularization : True, sample_splits : 1, reg_lambda : 0.001, reg_lambda_tilde : 0.001, kernel : linear, density : gaussian, bandwidth : 0.3, bandwidth_mode : heuristic, epsilon : 0.1, normalized : True, random_seed : 99, 
bias_direct: 0.032356925918312504
rmse_direct: 0.03816555965971584
bias_indirect: 0.009621750210177674
rmse_indirect: 0.013009713752973993
bias_total: 0.030916825225949362
rmse_total: 0.03648937814861434
bias_mr: 0.027785097073349155
rmse_mr: 0.03299698199679033
coverage: 1.0
