Experiment: expname : nonparametric_experiment, data : uniform, n_samples : 5000, mediator_dimension : 1, covariate_dimension : 1, alpha : 0.0, beta : 0.0, stochasticity : 1, gamma : 0.3, noise : uniform, 
Running with estimator : kme_dml, regularization : True, sample_splits : 1, reg_lambda : 0.001, reg_lambda_tilde : 0.001, kernel : linear, density : conditional_kernel, bandwidth : 0.3, bandwidth_mode : heuristic, epsilon : 0.1, normalized : True, random_seed : 73, 
bias_direct: 0.05702706019897062
rmse_direct: 0.06231346012696149
bias_indirect: 0.014783182974358962
rmse_indirect: 0.01651491824075441
bias_total: 0.05173393093273147
rmse_total: 0.06059473434902413
bias_mr: 0.03993307076305398
rmse_mr: 0.046911030302666794
coverage: 0.9310344827586207
