Experiment: expname : baselines_experiment, data : uniform, n_samples : 5000, mediator_dimension : 1, covariate_dimension : 1, alpha : 0.5, beta : 0.25, stochasticity : 1, gamma : 0.3, noise : uniform, 
Running with estimator : linear, regularization : True, sample_splits : 1, reg_lambda : 0.001, reg_lambda_tilde : 0.001, kernel : gauss, density : gaussian, bandwidth : 0.3, bandwidth_mode : heuristic, epsilon : 0.3, normalized : True, random_seed : 67, 
bias_direct: 0.3141873234355524
rmse_direct: 0.3593224981761013
bias_indirect: 0.007212301547136512
rmse_indirect: 0.00819716411717017
bias_total: 0.30787255274761516
rmse_total: 0.35227096599429897
bias_mr: 0.2992468256061557
rmse_mr: 0.3188164474609662
coverage: 0.0
