Experiment: expname : baselines_experiment, data : uniform, n_samples : 1000, mediator_dimension : 1, covariate_dimension : 1, alpha : 0.5, beta : 0.25, stochasticity : 1, gamma : 0.3, noise : uniform, 
Running with estimator : ipw, regularization : True, sample_splits : 1, reg_lambda : 0.001, reg_lambda_tilde : 0.001, kernel : gauss, density : gaussian, bandwidth : 0.3, bandwidth_mode : heuristic, epsilon : 0.3, normalized : True, random_seed : 68, 
bias_direct: 0.1812772115945636
rmse_direct: 0.1935864625061671
bias_indirect: 0.0698275862068966
rmse_indirect: 0.07936276378669078
bias_total: 0.13500682340705342
rmse_total: 0.15338555343452542
bias_mr: 0.17983760647123156
rmse_mr: 0.2123142105843396
coverage: 0.0
