Experiment: expname : nonparametric_experiment, data : uniform, n_samples : 500, mediator_dimension : 1, covariate_dimension : 1, alpha : 0.0, beta : 0.0, stochasticity : 1, gamma : 0.3, noise : uniform, 
Running with estimator : kme_g_computation, regularization : True, sample_splits : 1, reg_lambda : 0.001, reg_lambda_tilde : 0.001, kernel : linear, density : gaussian, bandwidth : 0.3, bandwidth_mode : heuristic, epsilon : 0.1, normalized : True, random_seed : 27, 
bias_direct: 0.17342444536301582
rmse_direct: 0.19692261440497116
bias_indirect: 0.1363806868524836
rmse_indirect: 0.15500387725944664
bias_total: 0.03704375851053218
rmse_total: 0.04255549732905772
bias_mr: 0.17348972730759152
rmse_mr: 0.19753291593807554
coverage: 0.0
