Experiment: expname : nonparametric_experiment, data : uniform, n_samples : 500, mediator_dimension : 1, covariate_dimension : 1, alpha : 0.0, beta : 0.0, stochasticity : 1, gamma : 0.3, noise : uniform, 
Running with estimator : kme_dml, regularization : True, sample_splits : 1, reg_lambda : 0.001, reg_lambda_tilde : 0.001, kernel : linear, density : gaussian, bandwidth : 0.3, bandwidth_mode : heuristic, epsilon : 0.1, normalized : True, random_seed : 91, 
bias_direct: 0.0297062692108941
rmse_direct: 0.04148235464573442
bias_indirect: 0.008878659448450198
rmse_indirect: 0.010703657082810477
bias_total: 0.03184843607445449
rmse_total: 0.040314787919929616
bias_mr: 0.059804359858972186
rmse_mr: 0.06362726150250227
coverage: 1.0
