Experiment: expname : nonparametric_experiment, data : uniform, n_samples : 1000, mediator_dimension : 1, covariate_dimension : 1, alpha : 0.0, beta : 0.0, stochasticity : 1, gamma : 0.3, noise : uniform, 
Running with estimator : kme_dml, regularization : True, sample_splits : 1, reg_lambda : 0.001, reg_lambda_tilde : 0.001, kernel : linear, density : gaussian, bandwidth : 0.3, bandwidth_mode : heuristic, epsilon : 0.1, normalized : True, random_seed : 32, 
bias_direct: 0.0750890407771929
rmse_direct: 0.08945415308379828
bias_indirect: 0.01906387631122901
rmse_indirect: 0.021993567228124407
bias_total: 0.07223765738256263
rmse_total: 0.08349206574586615
bias_mr: 0.05091557817172277
rmse_mr: 0.059512641597716166
coverage: 1.0
