Experiment: expname : nonparametric_experiment, data : uniform, n_samples : 500, mediator_dimension : 1, covariate_dimension : 1, alpha : 0.0, beta : 0.0, stochasticity : 1, gamma : 0.3, noise : uniform, 
Running with estimator : kme_dml, regularization : True, sample_splits : 1, reg_lambda : 0.001, reg_lambda_tilde : 0.001, kernel : gauss, density : gaussian, bandwidth : 0.3, bandwidth_mode : heuristic, epsilon : 0.1, normalized : True, random_seed : 75, 
bias_direct: 0.021195319467037604
rmse_direct: 0.02689913673270875
bias_indirect: 0.01136385347148097
rmse_indirect: 0.014443201941847547
bias_total: 0.025799110851041262
rmse_total: 0.027431025412242696
bias_mr: 0.03925359128931247
rmse_mr: 0.050892369556101553
coverage: 1.0
