Experiment: expname : nonparametric_experiment, data : uniform, n_samples : 1000, mediator_dimension : 1, covariate_dimension : 1, alpha : 0.0, beta : 0.0, stochasticity : 1, gamma : 0.3, noise : uniform, 
Running with estimator : kme_dml, regularization : True, sample_splits : 1, reg_lambda : 0.001, reg_lambda_tilde : 0.001, kernel : linear, density : gaussian, bandwidth : 0.3, bandwidth_mode : heuristic, epsilon : 0.1, normalized : True, random_seed : 85, 
bias_direct: 0.07681018196178316
rmse_direct: 0.08596860625180248
bias_indirect: 0.026237583565321698
rmse_indirect: 0.03139287851604997
bias_total: 0.0829332758594553
rmse_total: 0.09404597363386225
bias_mr: 0.05001395232688559
rmse_mr: 0.06159259650268036
coverage: 1.0
