Experiment: expname : nonparametric_experiment, data : uniform, n_samples : 500, mediator_dimension : 1, covariate_dimension : 1, alpha : 0.0, beta : 0.0, stochasticity : 1, gamma : 0.3, noise : uniform, 
Running with estimator : kme_dml, regularization : True, sample_splits : 1, reg_lambda : 0.001, reg_lambda_tilde : 0.001, kernel : linear, density : conditional_kernel, bandwidth : 0.3, bandwidth_mode : heuristic, epsilon : 0.1, normalized : True, random_seed : 54, 
bias_direct: 0.07429226422112813
rmse_direct: 0.09262141213947471
bias_indirect: 0.027721691363477876
rmse_indirect: 0.03582806974230853
bias_total: 0.09564226413414942
rmse_total: 0.11608357223071873
bias_mr: 0.07018789438472875
rmse_mr: 0.08308905427541706
coverage: 1.0
