Experiment: expname : nonparametric_experiment, data : uniform, n_samples : 5000, mediator_dimension : 1, covariate_dimension : 1, alpha : 0.0, beta : 0.0, stochasticity : 1, gamma : 0.3, noise : uniform, 
Running with estimator : kme_g_computation, regularization : True, sample_splits : 1, reg_lambda : 0.001, reg_lambda_tilde : 0.001, kernel : gauss, density : conditional_kernel, bandwidth : 0.3, bandwidth_mode : heuristic, epsilon : 0.1, normalized : True, random_seed : 20, 
bias_direct: 0.1742803724866593
rmse_direct: 0.19547082476952438
bias_indirect: 0.1884032798422142
rmse_indirect: 0.211181155772171
bias_total: 0.014122907355554874
rmse_total: 0.01679295539092807
bias_mr: 0.18032267215758413
rmse_mr: 0.20484100761251856
coverage: 0.0
