Experiment: expname : baselines_experiment, data : uniform, n_samples : 5000, mediator_dimension : 1, covariate_dimension : 1, alpha : 0.5, beta : 0.25, stochasticity : 1, gamma : 0.3, noise : uniform, 
Running with estimator : ipw, regularization : True, sample_splits : 1, reg_lambda : 0.001, reg_lambda_tilde : 0.001, kernel : gauss, density : gaussian, bandwidth : 0.3, bandwidth_mode : heuristic, epsilon : 0.3, normalized : True, random_seed : 62, 
bias_direct: 0.09692407164115097
rmse_direct: 0.11106407066763936
bias_indirect: 0.06982758620689662
rmse_indirect: 0.07936276378669078
bias_total: 0.03675993076860109
rmse_total: 0.04586970837853744
bias_mr: 0.1370275260781047
rmse_mr: 0.185184722268366
coverage: 0.0
