Experiment: expname : baselines_experiment, data : uniform, n_samples : 5000, mediator_dimension : 1, covariate_dimension : 1, alpha : 0.5, beta : 0.25, stochasticity : 1, gamma : 0.3, noise : uniform, 
Running with estimator : kme_g_computation, regularization : True, sample_splits : 1, reg_lambda : 0.001, reg_lambda_tilde : 0.001, kernel : gauss, density : gaussian, bandwidth : 0.3, bandwidth_mode : heuristic, epsilon : 0.3, normalized : True, random_seed : 95, 
bias_direct: 0.4036484662726685
rmse_direct: 0.5245146603385158
bias_indirect: 0.4669106474301938
rmse_indirect: 0.5856504211540069
bias_total: 0.0632621811575254
rmse_total: 0.07138396812485033
bias_mr: 0.39529349012022563
rmse_mr: 0.5160681954929193
coverage: 0.0
