Experiment: expname : baselines_experiment, data : uniform, n_samples : 5000, mediator_dimension : 1, covariate_dimension : 1, alpha : 0.5, beta : 0.25, stochasticity : 1, gamma : 0.3, noise : uniform, 
Running with estimator : linear, regularization : True, sample_splits : 1, reg_lambda : 0.001, reg_lambda_tilde : 0.001, kernel : gauss, density : gaussian, bandwidth : 0.3, bandwidth_mode : heuristic, epsilon : 0.3, normalized : True, random_seed : 27, 
bias_direct: 0.29834915461634504
rmse_direct: 0.3417331420446931
bias_indirect: 0.004906889657109581
rmse_indirect: 0.005576940947531734
bias_total: 0.30264540911612536
rmse_total: 0.3464721016612714
bias_mr: 0.28138382746183804
rmse_mr: 0.3002395528009231
coverage: 0.0
