Experiment: expname : nonparametric_experiment, data : uniform, n_samples : 500, mediator_dimension : 1, covariate_dimension : 1, alpha : 0.0, beta : 0.0, stochasticity : 1, gamma : 0.3, noise : uniform, 
Running with estimator : kme_dml, regularization : True, sample_splits : 1, reg_lambda : 0.001, reg_lambda_tilde : 0.001, kernel : gauss, density : conditional_kernel, bandwidth : 0.3, bandwidth_mode : heuristic, epsilon : 0.1, normalized : True, random_seed : 94, 
bias_direct: 0.014820035663091017
rmse_direct: 0.019935880866144073
bias_indirect: 0.048055934441072305
rmse_indirect: 0.06060724279041972
bias_total: 0.03329438143344134
rmse_total: 0.04755303703421704
bias_mr: 0.016708886989402028
rmse_mr: 0.019583807755164113
coverage: 1.0
