Experiment: expname : baselines_experiment, data : uniform, n_samples : 5000, mediator_dimension : 1, covariate_dimension : 1, alpha : 0.5, beta : 0.25, stochasticity : 1, gamma : 0.3, noise : uniform, 
Running with estimator : ipw, regularization : True, sample_splits : 1, reg_lambda : 0.001, reg_lambda_tilde : 0.001, kernel : gauss, density : gaussian, bandwidth : 0.3, bandwidth_mode : heuristic, epsilon : 0.3, normalized : True, random_seed : 50, 
bias_direct: 0.08501273527999635
rmse_direct: 0.10774395459181886
bias_indirect: 0.06982758620689664
rmse_indirect: 0.07936276378669083
bias_total: 0.06286564290228541
rmse_total: 0.07623991915283762
bias_mr: 0.14031251589527216
rmse_mr: 0.17547526088008608
coverage: 0.0
