Experiment: expname : nonparametric_experiment, data : uniform, n_samples : 5000, mediator_dimension : 1, covariate_dimension : 1, alpha : 0.0, beta : 0.0, stochasticity : 1, gamma : 0.3, noise : uniform, 
Running with estimator : kme_dml, regularization : True, sample_splits : 1, reg_lambda : 0.001, reg_lambda_tilde : 0.001, kernel : linear, density : conditional_kernel, bandwidth : 0.3, bandwidth_mode : heuristic, epsilon : 0.1, normalized : True, random_seed : 47, 
bias_direct: 0.07283586330623401
rmse_direct: 0.09022932589010224
bias_indirect: 0.010959321549491143
rmse_indirect: 0.015206069857129339
bias_total: 0.08129848551152695
rmse_total: 0.09501647362838536
bias_mr: 0.0444868008617702
rmse_mr: 0.0579054724880989
coverage: 0.7586206896551724
