Experiment: expname : nonparametric_experiment, data : uniform, n_samples : 1000, mediator_dimension : 1, covariate_dimension : 1, alpha : 0.0, beta : 0.0, stochasticity : 1, gamma : 0.3, noise : uniform, 
Running with estimator : ipw, regularization : True, sample_splits : 1, reg_lambda : 0.001, reg_lambda_tilde : 0.001, kernel : linear, density : conditional_kernel, bandwidth : 0.3, bandwidth_mode : heuristic, epsilon : 0.1, normalized : True, random_seed : 90, 
bias_direct: 0.05726056584231201
rmse_direct: 0.07172970648143012
bias_indirect: 0.04403803685400737
rmse_indirect: 0.051004088772451404
bias_total: 0.07263276355773667
rmse_total: 0.09262662513134012
bias_mr: 0.07155440519634962
rmse_mr: 0.08702087387257554
coverage: 0.0
