Experiment: expname : baselines_experiment, data : uniform, n_samples : 1000, mediator_dimension : 1, covariate_dimension : 1, alpha : 0.5, beta : 0.25, stochasticity : 1, gamma : 0.3, noise : uniform, 
Running with estimator : linear, regularization : True, sample_splits : 1, reg_lambda : 0.001, reg_lambda_tilde : 0.001, kernel : gauss, density : gaussian, bandwidth : 0.3, bandwidth_mode : heuristic, epsilon : 0.3, normalized : True, random_seed : 19, 
bias_direct: 0.29702278790318504
rmse_direct: 0.3402752328621863
bias_indirect: 0.0036028371147462895
rmse_indirect: 0.004094815909178484
bias_total: 0.30017727195476285
rmse_total: 0.34374656297931394
bias_mr: 0.2807296452598392
rmse_mr: 0.29998954189094934
coverage: 0.0
