Experiment: expname : nonparametric_experiment, data : uniform, n_samples : 1000, mediator_dimension : 1, covariate_dimension : 1, alpha : 0.0, beta : 0.0, stochasticity : 1, gamma : 0.3, noise : uniform, 
Running with estimator : kme_dml, regularization : True, sample_splits : 1, reg_lambda : 0.001, reg_lambda_tilde : 0.001, kernel : gauss, density : conditional_kernel, bandwidth : 0.3, bandwidth_mode : heuristic, epsilon : 0.1, normalized : True, random_seed : 60, 
bias_direct: 0.07115484747224166
rmse_direct: 0.09109550598669829
bias_indirect: 0.010309912954610322
rmse_indirect: 0.014700320218470392
bias_total: 0.07728548639447451
rmse_total: 0.09841302454291362
bias_mr: 0.06247018792477538
rmse_mr: 0.06782677631313729
coverage: 1.0
