Experiment: expname : baselines_experiment, data : uniform, n_samples : 5000, mediator_dimension : 1, covariate_dimension : 1, alpha : 0.5, beta : 0.25, stochasticity : 1, gamma : 0.3, noise : uniform, 
Running with estimator : ipw, regularization : True, sample_splits : 1, reg_lambda : 0.001, reg_lambda_tilde : 0.001, kernel : gauss, density : gaussian, bandwidth : 0.3, bandwidth_mode : heuristic, epsilon : 0.3, normalized : True, random_seed : 83, 
bias_direct: 0.05483060679248858
rmse_direct: 0.06594382881769267
bias_indirect: 0.0698275862068966
rmse_indirect: 0.07936276378669078
bias_total: 0.03996849079606562
rmse_total: 0.05575710488840749
bias_mr: 0.12661282091211518
rmse_mr: 0.1785248724256146
coverage: 0.0
