Experiment: expname : nonparametric_experiment, data : uniform, n_samples : 1000, mediator_dimension : 1, covariate_dimension : 1, alpha : 0.0, beta : 0.0, stochasticity : 1, gamma : 0.3, noise : uniform, 
Running with estimator : kme_dml, regularization : True, sample_splits : 1, reg_lambda : 0.001, reg_lambda_tilde : 0.001, kernel : linear, density : conditional_kernel, bandwidth : 0.3, bandwidth_mode : heuristic, epsilon : 0.1, normalized : True, random_seed : 89, 
bias_direct: 0.025740671963080976
rmse_direct: 0.03506825285291171
bias_indirect: 0.013920863097742228
rmse_indirect: 0.022085764981427898
bias_total: 0.019812790066297617
rmse_total: 0.025591685110596025
bias_mr: 0.03130250248977092
rmse_mr: 0.040459661403241996
coverage: 1.0
