Experiment: expname : nonparametric_experiment, data : uniform, n_samples : 1000, mediator_dimension : 1, covariate_dimension : 1, alpha : 0.0, beta : 0.0, stochasticity : 1, gamma : 0.3, noise : uniform, 
Running with estimator : ipw, regularization : True, sample_splits : 1, reg_lambda : 0.001, reg_lambda_tilde : 0.001, kernel : gauss, density : conditional_kernel, bandwidth : 0.3, bandwidth_mode : heuristic, epsilon : 0.1, normalized : True, random_seed : 71, 
bias_direct: 0.0533171378505508
rmse_direct: 0.061685339798581616
bias_indirect: 0.014780980886338358
rmse_indirect: 0.017598520348463525
bias_total: 0.058525343428742056
rmse_total: 0.06854501881313234
bias_mr: 0.04490733979991321
rmse_mr: 0.0559928334209244
coverage: 0.0
