Experiment: expname : nonparametric_experiment, data : uniform, n_samples : 500, mediator_dimension : 1, covariate_dimension : 1, alpha : 0.0, beta : 0.0, stochasticity : 1, gamma : 0.3, noise : uniform, 
Running with estimator : kme_dml, regularization : True, sample_splits : 1, reg_lambda : 0.001, reg_lambda_tilde : 0.001, kernel : linear, density : gaussian, bandwidth : 0.3, bandwidth_mode : heuristic, epsilon : 0.1, normalized : True, random_seed : 59, 
bias_direct: 0.08831043882327423
rmse_direct: 0.0999046635570491
bias_indirect: 0.038066998508029866
rmse_indirect: 0.04567350538185427
bias_total: 0.052617934695392304
rmse_total: 0.06203966696986264
bias_mr: 0.07366735185261872
rmse_mr: 0.08580102431098677
coverage: 1.0
