Experiment: expname : baselines_experiment, data : uniform, n_samples : 500, mediator_dimension : 1, covariate_dimension : 1, alpha : 0.5, beta : 0.25, stochasticity : 1, gamma : 0.3, noise : uniform, 
Running with estimator : kme_g_computation, regularization : True, sample_splits : 1, reg_lambda : 0.001, reg_lambda_tilde : 0.001, kernel : gauss, density : gaussian, bandwidth : 0.3, bandwidth_mode : heuristic, epsilon : 0.3, normalized : True, random_seed : 32, 
bias_direct: 0.3523843356068057
rmse_direct: 0.4591932128465867
bias_indirect: 0.42949062484961886
rmse_indirect: 0.5334602942532359
bias_total: 0.07710628924281322
rmse_total: 0.08869491326214429
bias_mr: 0.4052865808799122
rmse_mr: 0.5291661431535881
coverage: 0.0
