Experiment: expname : nonparametric_experiment, data : uniform, n_samples : 1000, mediator_dimension : 1, covariate_dimension : 1, alpha : 0.0, beta : 0.0, stochasticity : 1, gamma : 0.3, noise : uniform, 
Running with estimator : kme_g_computation, regularization : True, sample_splits : 1, reg_lambda : 0.001, reg_lambda_tilde : 0.001, kernel : linear, density : gaussian, bandwidth : 0.3, bandwidth_mode : heuristic, epsilon : 0.1, normalized : True, random_seed : 2, 
bias_direct: 0.16972397048715734
rmse_direct: 0.19288618173117933
bias_indirect: 0.10975647344014158
rmse_indirect: 0.12474409356614492
bias_total: 0.05996749704701574
rmse_total: 0.06814256785572148
bias_mr: 0.17194140941138755
rmse_mr: 0.19992436650890508
coverage: 0.0
