Experiment: expname : nonparametric_experiment, data : uniform, n_samples : 5000, mediator_dimension : 1, covariate_dimension : 1, alpha : 0.0, beta : 0.0, stochasticity : 1, gamma : 0.3, noise : uniform, 
Running with estimator : ipw, regularization : True, sample_splits : 1, reg_lambda : 0.001, reg_lambda_tilde : 0.001, kernel : gauss, density : conditional_kernel, bandwidth : 0.3, bandwidth_mode : heuristic, epsilon : 0.1, normalized : True, random_seed : 92, 
bias_direct: 0.04829216552042205
rmse_direct: 0.06505126415951433
bias_indirect: 0.023554444410662703
rmse_indirect: 0.02993338424686885
bias_total: 0.04281360313678762
rmse_total: 0.05898198324860882
bias_mr: 0.04104547821279643
rmse_mr: 0.05990342104793932
coverage: 0.0
