Experiment: expname : nonparametric_experiment, data : uniform, n_samples : 5000, mediator_dimension : 1, covariate_dimension : 1, alpha : 0.0, beta : 0.0, stochasticity : 1, gamma : 0.3, noise : uniform, 
Running with estimator : kme_dml, regularization : True, sample_splits : 1, reg_lambda : 0.001, reg_lambda_tilde : 0.001, kernel : linear, density : conditional_kernel, bandwidth : 0.3, bandwidth_mode : heuristic, epsilon : 0.1, normalized : True, random_seed : 21, 
bias_direct: 0.02025089156955962
rmse_direct: 0.03532624611875128
bias_indirect: 0.006500529763358309
rmse_indirect: 0.008189127784999395
bias_total: 0.02355354400420581
rmse_total: 0.03494468488629531
bias_mr: 0.03141964195316569
rmse_mr: 0.03388317383477467
coverage: 1.0
