Experiment: expname : baselines_experiment, data : uniform, n_samples : 5000, mediator_dimension : 1, covariate_dimension : 1, alpha : 0.5, beta : 0.25, stochasticity : 1, gamma : 0.3, noise : uniform, 
Running with estimator : linear, regularization : True, sample_splits : 1, reg_lambda : 0.001, reg_lambda_tilde : 0.001, kernel : gauss, density : gaussian, bandwidth : 0.3, bandwidth_mode : heuristic, epsilon : 0.3, normalized : True, random_seed : 20, 
bias_direct: 0.28724686482488315
rmse_direct: 0.329608303309288
bias_indirect: 0.0004103689321763812
rmse_indirect: 0.0004664061067958555
bias_total: 0.2876061656232776
rmse_total: 0.32999781708288634
bias_mr: 0.2684845640800442
rmse_mr: 0.28738003269882656
coverage: 0.0
