Experiment: expname : nonparametric_experiment, data : uniform, n_samples : 500, mediator_dimension : 1, covariate_dimension : 1, alpha : 0.0, beta : 0.0, stochasticity : 1, gamma : 0.3, noise : uniform, 
Running with estimator : kme_g_computation, regularization : True, sample_splits : 1, reg_lambda : 0.001, reg_lambda_tilde : 0.001, kernel : gauss, density : conditional_kernel, bandwidth : 0.3, bandwidth_mode : heuristic, epsilon : 0.1, normalized : True, random_seed : 22, 
bias_direct: 0.15177647143963402
rmse_direct: 0.17631434621068912
bias_indirect: 0.1801238987124178
rmse_indirect: 0.21277938341687672
bias_total: 0.04745399107888054
rmse_total: 0.07455612752280366
bias_mr: 0.165588712760039
rmse_mr: 0.1984444494298359
coverage: 0.0
