Experiment: expname : nonparametric_experiment, data : uniform, n_samples : 500, mediator_dimension : 1, covariate_dimension : 1, alpha : 0.0, beta : 0.0, stochasticity : 1, gamma : 0.3, noise : uniform, 
Running with estimator : ipw, regularization : True, sample_splits : 1, reg_lambda : 0.001, reg_lambda_tilde : 0.001, kernel : gauss, density : conditional_kernel, bandwidth : 0.3, bandwidth_mode : heuristic, epsilon : 0.1, normalized : True, random_seed : 32, 
bias_direct: 0.123426179992504
rmse_direct: 0.1394677626693159
bias_indirect: 0.01597061319449149
rmse_indirect: 0.020388561915553736
bias_total: 0.10942238183809834
rmse_total: 0.12203633058253241
bias_mr: 0.11624847228487946
rmse_mr: 0.13079037272897315
coverage: 0.0
