Experiment: expname : nonparametric_experiment, data : uniform, n_samples : 1000, mediator_dimension : 1, covariate_dimension : 1, alpha : 0.0, beta : 0.0, stochasticity : 1, gamma : 0.3, noise : uniform, 
Running with estimator : kme_dml, regularization : True, sample_splits : 1, reg_lambda : 0.001, reg_lambda_tilde : 0.001, kernel : linear, density : conditional_kernel, bandwidth : 0.3, bandwidth_mode : heuristic, epsilon : 0.1, normalized : True, random_seed : 37, 
bias_direct: 0.056843001824900215
rmse_direct: 0.07381102818480038
bias_indirect: 0.011925200193412928
rmse_indirect: 0.013760125500792579
bias_total: 0.050076532132510364
rmse_total: 0.06791467098134475
bias_mr: 0.0498342499816249
rmse_mr: 0.06819890823382113
coverage: 0.9310344827586207
