Experiment: expname : baselines_experiment, data : uniform, n_samples : 5000, mediator_dimension : 1, covariate_dimension : 1, alpha : 0.5, beta : 0.25, stochasticity : 1, gamma : 0.3, noise : uniform, 
Running with estimator : linear, regularization : True, sample_splits : 1, reg_lambda : 0.001, reg_lambda_tilde : 0.001, kernel : gauss, density : gaussian, bandwidth : 0.3, bandwidth_mode : heuristic, epsilon : 0.3, normalized : True, random_seed : 2, 
bias_direct: 0.311116403885509
rmse_direct: 0.3558871548720101
bias_indirect: 0.004016689885830891
rmse_indirect: 0.004565181584095809
bias_total: 0.31463323902999213
rmse_total: 0.35982227518172843
bias_mr: 0.2964056656786241
rmse_mr: 0.31563878906879056
coverage: 0.0
