Experiment: expname : baselines_experiment, data : uniform, n_samples : 1000, mediator_dimension : 1, covariate_dimension : 1, alpha : 0.5, beta : 0.25, stochasticity : 1, gamma : 0.3, noise : uniform, 
Running with estimator : kme_g_computation, regularization : True, sample_splits : 1, reg_lambda : 0.001, reg_lambda_tilde : 0.001, kernel : gauss, density : gaussian, bandwidth : 0.3, bandwidth_mode : heuristic, epsilon : 0.3, normalized : True, random_seed : 64, 
bias_direct: 0.35651862963100556
rmse_direct: 0.4645005764858824
bias_indirect: 0.4063898836992237
rmse_indirect: 0.5354235953182779
bias_total: 0.05438571318656743
rmse_total: 0.07334237348291578
bias_mr: 0.38292014580417716
rmse_mr: 0.5047742768690946
coverage: 0.0
