Experiment: expname : nonparametric_experiment, data : uniform, n_samples : 500, mediator_dimension : 1, covariate_dimension : 1, alpha : 0.0, beta : 0.0, stochasticity : 1, gamma : 0.3, noise : uniform, 
Running with estimator : kme_dml, regularization : True, sample_splits : 1, reg_lambda : 0.001, reg_lambda_tilde : 0.001, kernel : gauss, density : gaussian, bandwidth : 0.3, bandwidth_mode : heuristic, epsilon : 0.1, normalized : True, random_seed : 25, 
bias_direct: 0.07442736907599777
rmse_direct: 0.09798451423910035
bias_indirect: 0.03927098103551213
rmse_indirect: 0.051394838844039795
bias_total: 0.05711210319322779
rmse_total: 0.08308301594241488
bias_mr: 0.12491198542171779
rmse_mr: 0.13375254251613652
coverage: 0.9310344827586207
