Experiment: expname : baselines_experiment, data : uniform, n_samples : 500, mediator_dimension : 1, covariate_dimension : 1, alpha : 0.5, beta : 0.25, stochasticity : 1, gamma : 0.3, noise : uniform, 
Running with estimator : ipw, regularization : True, sample_splits : 1, reg_lambda : 0.001, reg_lambda_tilde : 0.001, kernel : gauss, density : gaussian, bandwidth : 0.3, bandwidth_mode : heuristic, epsilon : 0.3, normalized : True, random_seed : 72, 
bias_direct: 0.23389810796965957
rmse_direct: 0.28783308427590343
bias_indirect: 0.06982758620689661
rmse_indirect: 0.07936276378669078
bias_total: 0.20392977607617704
rmse_total: 0.24937192188745314
bias_mr: 0.22522040346977548
rmse_mr: 0.30440135407495955
coverage: 0.0
