Experiment: expname : nonparametric_experiment, data : uniform, n_samples : 5000, mediator_dimension : 1, covariate_dimension : 1, alpha : 0.0, beta : 0.0, stochasticity : 1, gamma : 0.3, noise : uniform, 
Running with estimator : kme_dml, regularization : True, sample_splits : 1, reg_lambda : 0.001, reg_lambda_tilde : 0.001, kernel : gauss, density : gaussian, bandwidth : 0.3, bandwidth_mode : heuristic, epsilon : 0.1, normalized : True, random_seed : 80, 
bias_direct: 0.03814884187976187
rmse_direct: 0.042682415132940146
bias_indirect: 0.007572465693946384
rmse_indirect: 0.00870746009291202
bias_total: 0.03491272836496462
rmse_total: 0.03983897114447652
bias_mr: 0.021427731949225492
rmse_mr: 0.02977047801128535
coverage: 1.0
