Experiment: expname : nonparametric_experiment, data : uniform, n_samples : 5000, mediator_dimension : 1, covariate_dimension : 1, alpha : 0.0, beta : 0.0, stochasticity : 1, gamma : 0.3, noise : uniform, 
Running with estimator : kme_g_computation, regularization : True, sample_splits : 1, reg_lambda : 0.001, reg_lambda_tilde : 0.001, kernel : gauss, density : gaussian, bandwidth : 0.3, bandwidth_mode : heuristic, epsilon : 0.1, normalized : True, random_seed : 67, 
bias_direct: 0.17246918678934406
rmse_direct: 0.1946231039588344
bias_indirect: 0.19354687543380716
rmse_indirect: 0.21989597039023434
bias_total: 0.021085529258953607
rmse_total: 0.033039113225018096
bias_mr: 0.17521903219648746
rmse_mr: 0.19752577345208136
coverage: 0.0
