Experiment: expname : baselines_experiment, data : uniform, n_samples : 1000, mediator_dimension : 1, covariate_dimension : 1, alpha : 0.5, beta : 0.25, stochasticity : 1, gamma : 0.3, noise : uniform, 
Running with estimator : linear, regularization : True, sample_splits : 1, reg_lambda : 0.001, reg_lambda_tilde : 0.001, kernel : gauss, density : gaussian, bandwidth : 0.3, bandwidth_mode : heuristic, epsilon : 0.3, normalized : True, random_seed : 4, 
bias_direct: 0.3823261389776206
rmse_direct: 0.4310913273982885
bias_indirect: 0.0036005145165743197
rmse_indirect: 0.004092176152885789
bias_total: 0.37872562446104635
rmse_total: 0.427382571133387
bias_mr: 0.37029501237664314
rmse_mr: 0.3938147415032753
coverage: 0.0
