Experiment: expname : nonparametric_experiment, data : uniform, n_samples : 500, mediator_dimension : 1, covariate_dimension : 1, alpha : 0.0, beta : 0.0, stochasticity : 1, gamma : 0.3, noise : uniform, 
Running with estimator : kme_dml, regularization : True, sample_splits : 1, reg_lambda : 0.001, reg_lambda_tilde : 0.001, kernel : gauss, density : conditional_kernel, bandwidth : 0.3, bandwidth_mode : heuristic, epsilon : 0.1, normalized : True, random_seed : 81, 
bias_direct: 0.061205305835411575
rmse_direct: 0.07736497375294353
bias_indirect: 0.07126920327916862
rmse_indirect: 0.082337148484013
bias_total: 0.1297576540741274
rmse_total: 0.15333215303427908
bias_mr: 0.05659207546119838
rmse_mr: 0.07720951846502483
coverage: 0.9655172413793104
