Experiment: expname : baselines_experiment, data : uniform, n_samples : 1000, mediator_dimension : 1, covariate_dimension : 1, alpha : 0.5, beta : 0.25, stochasticity : 1, gamma : 0.3, noise : uniform, 
Running with estimator : kme_g_computation, regularization : True, sample_splits : 1, reg_lambda : 0.001, reg_lambda_tilde : 0.001, kernel : gauss, density : gaussian, bandwidth : 0.3, bandwidth_mode : heuristic, epsilon : 0.3, normalized : True, random_seed : 96, 
bias_direct: 0.38994673742231173
rmse_direct: 0.5042209586987529
bias_indirect: 0.480740814322297
rmse_indirect: 0.6140364408657359
bias_total: 0.10491857588141308
rmse_total: 0.15789623782707674
bias_mr: 0.4316734972657764
rmse_mr: 0.5575356985989582
coverage: 0.0
