Experiment: expname : baselines_experiment, data : uniform, n_samples : 500, mediator_dimension : 1, covariate_dimension : 1, alpha : 0.5, beta : 0.25, stochasticity : 1, gamma : 0.3, noise : uniform, 
Running with estimator : kme_g_computation, regularization : True, sample_splits : 1, reg_lambda : 0.001, reg_lambda_tilde : 0.001, kernel : gauss, density : gaussian, bandwidth : 0.3, bandwidth_mode : heuristic, epsilon : 0.3, normalized : True, random_seed : 40, 
bias_direct: 0.32583416772249457
rmse_direct: 0.4301683262574097
bias_indirect: 0.4881855269044123
rmse_indirect: 0.6129298715874939
bias_total: 0.16235135918191765
rmse_total: 0.18983058241461095
bias_mr: 0.40247745074784896
rmse_mr: 0.5312378879810142
coverage: 0.0
