Experiment: expname : nonparametric_experiment, data : uniform, n_samples : 5000, mediator_dimension : 1, covariate_dimension : 1, alpha : 0.0, beta : 0.0, stochasticity : 1, gamma : 0.3, noise : uniform, 
Running with estimator : ipw, regularization : True, sample_splits : 1, reg_lambda : 0.001, reg_lambda_tilde : 0.001, kernel : linear, density : gaussian, bandwidth : 0.3, bandwidth_mode : heuristic, epsilon : 0.1, normalized : True, random_seed : 24, 
bias_direct: 0.0454605838461384
rmse_direct: 0.05725357463291352
bias_indirect: 0.06982758620689661
rmse_indirect: 0.0793627637866908
bias_total: 0.041098894899336214
rmse_total: 0.051345650323036424
bias_mr: 0.04953163837998829
rmse_mr: 0.05495578896085556
coverage: 0.0
