Experiment: expname : baselines_experiment, data : uniform, n_samples : 5000, mediator_dimension : 1, covariate_dimension : 1, alpha : 0.5, beta : 0.25, stochasticity : 1, gamma : 0.3, noise : uniform, 
Running with estimator : kme_g_computation, regularization : True, sample_splits : 1, reg_lambda : 0.001, reg_lambda_tilde : 0.001, kernel : gauss, density : gaussian, bandwidth : 0.3, bandwidth_mode : heuristic, epsilon : 0.3, normalized : True, random_seed : 48, 
bias_direct: 0.37139835763741336
rmse_direct: 0.4848924894297524
bias_indirect: 0.43927384605712066
rmse_indirect: 0.5621393912339879
bias_total: 0.06787548841970725
rmse_total: 0.08571352681633367
bias_mr: 0.3931281880710704
rmse_mr: 0.5157017426879044
coverage: 0.0
