Experiment: expname : nonparametric_experiment, data : uniform, n_samples : 5000, mediator_dimension : 1, covariate_dimension : 1, alpha : 0.0, beta : 0.0, stochasticity : 1, gamma : 0.3, noise : uniform, 
Running with estimator : kme_g_computation, regularization : True, sample_splits : 1, reg_lambda : 0.001, reg_lambda_tilde : 0.001, kernel : linear, density : gaussian, bandwidth : 0.3, bandwidth_mode : heuristic, epsilon : 0.1, normalized : True, random_seed : 48, 
bias_direct: 0.15787251743324288
rmse_direct: 0.17945248716841045
bias_indirect: 0.1636477521918262
rmse_indirect: 0.18599436486990445
bias_total: 0.005775234758583291
rmse_total: 0.006561135345274215
bias_mr: 0.15871725891084906
rmse_mr: 0.1820247047808722
coverage: 0.0
