Experiment: expname : nonparametric_experiment, data : uniform, n_samples : 5000, mediator_dimension : 1, covariate_dimension : 1, alpha : 0.0, beta : 0.0, stochasticity : 1, gamma : 0.3, noise : uniform, 
Running with estimator : kme_dml, regularization : True, sample_splits : 1, reg_lambda : 0.001, reg_lambda_tilde : 0.001, kernel : gauss, density : conditional_kernel, bandwidth : 0.3, bandwidth_mode : heuristic, epsilon : 0.1, normalized : True, random_seed : 71, 
bias_direct: 0.024230333855488676
rmse_direct: 0.04279817772086864
bias_indirect: 0.016343918824792292
rmse_indirect: 0.01911888718290802
bias_total: 0.03828969287280761
rmse_total: 0.05138949261924905
bias_mr: 0.028556566371680654
rmse_mr: 0.04412993774264549
coverage: 0.8620689655172413
