Experiment: expname : nonparametric_experiment, data : uniform, n_samples : 500, mediator_dimension : 1, covariate_dimension : 1, alpha : 0.0, beta : 0.0, stochasticity : 1, gamma : 0.3, noise : uniform, 
Running with estimator : kme_g_computation, regularization : True, sample_splits : 1, reg_lambda : 0.001, reg_lambda_tilde : 0.001, kernel : linear, density : conditional_kernel, bandwidth : 0.3, bandwidth_mode : heuristic, epsilon : 0.1, normalized : True, random_seed : 97, 
bias_direct: 0.17838492693939012
rmse_direct: 0.2036394284422485
bias_indirect: 0.15444468578910223
rmse_indirect: 0.17553462141322793
bias_total: 0.02394024115028792
rmse_total: 0.030309146639584915
bias_mr: 0.18113747967589794
rmse_mr: 0.2102794866635488
coverage: 0.0
