Experiment: expname : nonparametric_experiment, data : uniform, n_samples : 5000, mediator_dimension : 1, covariate_dimension : 1, alpha : 0.0, beta : 0.0, stochasticity : 1, gamma : 0.3, noise : uniform, 
Running with estimator : kme_dml, regularization : True, sample_splits : 1, reg_lambda : 0.001, reg_lambda_tilde : 0.001, kernel : gauss, density : gaussian, bandwidth : 0.3, bandwidth_mode : heuristic, epsilon : 0.1, normalized : True, random_seed : 79, 
bias_direct: 0.03709586933153021
rmse_direct: 0.04228208416761092
bias_indirect: 0.011627730975273138
rmse_indirect: 0.015138471986769698
bias_total: 0.03920448885784186
rmse_total: 0.04913084209944725
bias_mr: 0.04386024923236466
rmse_mr: 0.05276393276397335
coverage: 0.7931034482758621
