Experiment: expname : baselines_experiment, data : uniform, n_samples : 500, mediator_dimension : 1, covariate_dimension : 1, alpha : 0.5, beta : 0.25, stochasticity : 1, gamma : 0.3, noise : uniform, 
Running with estimator : linear, regularization : True, sample_splits : 1, reg_lambda : 0.001, reg_lambda_tilde : 0.001, kernel : gauss, density : gaussian, bandwidth : 0.3, bandwidth_mode : heuristic, epsilon : 0.3, normalized : True, random_seed : 80, 
bias_direct: 0.3724489108795387
rmse_direct: 0.4209341528159826
bias_indirect: 0.0017342946412123516
rmse_indirect: 0.0019711180555381357
bias_total: 0.37071461623832636
rmse_total: 0.41915633122778356
bias_mr: 0.3599088186365884
rmse_mr: 0.38362389243922357
coverage: 0.0
