Experiment: expname : nonparametric_experiment, data : uniform, n_samples : 5000, mediator_dimension : 1, covariate_dimension : 1, alpha : 0.0, beta : 0.0, stochasticity : 1, gamma : 0.3, noise : uniform, 
Running with estimator : kme_dml, regularization : True, sample_splits : 1, reg_lambda : 0.001, reg_lambda_tilde : 0.001, kernel : gauss, density : conditional_kernel, bandwidth : 0.3, bandwidth_mode : heuristic, epsilon : 0.1, normalized : True, random_seed : 74, 
bias_direct: 0.038812216362361165
rmse_direct: 0.0433302453372945
bias_indirect: 0.013187092427357102
rmse_indirect: 0.0192382944383337
bias_total: 0.03922245785145203
rmse_total: 0.047726592319458826
bias_mr: 0.06063910373272193
rmse_mr: 0.07025727729180505
coverage: 0.7931034482758621
