Experiment: expname : baselines_experiment, data : uniform, n_samples : 5000, mediator_dimension : 1, covariate_dimension : 1, alpha : 0.5, beta : 0.25, stochasticity : 1, gamma : 0.3, noise : uniform, 
Running with estimator : linear, regularization : True, sample_splits : 1, reg_lambda : 0.001, reg_lambda_tilde : 0.001, kernel : gauss, density : gaussian, bandwidth : 0.3, bandwidth_mode : heuristic, epsilon : 0.3, normalized : True, random_seed : 29, 
bias_direct: 0.31658488285866326
rmse_direct: 0.3620124266122841
bias_indirect: 0.0012873436243813349
rmse_indirect: 0.0014631344648139595
bias_total: 0.3177120237208994
rmse_total: 0.36327934697902753
bias_mr: 0.30212746871600077
rmse_mr: 0.32164991760443473
coverage: 0.0
