Experiment: expname : baselines_experiment, data : uniform, n_samples : 500, mediator_dimension : 1, covariate_dimension : 1, alpha : 0.5, beta : 0.25, stochasticity : 1, gamma : 0.3, noise : uniform, 
Running with estimator : linear, regularization : True, sample_splits : 1, reg_lambda : 0.001, reg_lambda_tilde : 0.001, kernel : gauss, density : gaussian, bandwidth : 0.3, bandwidth_mode : heuristic, epsilon : 0.3, normalized : True, random_seed : 63, 
bias_direct: 0.24968658218793652
rmse_direct: 0.28557230866259803
bias_indirect: 0.002350998150534394
rmse_indirect: 0.0026720343780891
bias_total: 0.2514733407823426
rmse_total: 0.28764098613951883
bias_mr: 0.22086536118073882
rmse_mr: 0.24085761673517897
coverage: 0.0
