Experiment: expname : nonparametric_experiment, data : uniform, n_samples : 5000, mediator_dimension : 1, covariate_dimension : 1, alpha : 0.0, beta : 0.0, stochasticity : 1, gamma : 0.3, noise : uniform, 
Running with estimator : kme_dml, regularization : True, sample_splits : 1, reg_lambda : 0.001, reg_lambda_tilde : 0.001, kernel : linear, density : conditional_kernel, bandwidth : 0.3, bandwidth_mode : heuristic, epsilon : 0.1, normalized : True, random_seed : 72, 
bias_direct: 0.02905461198502957
rmse_direct: 0.03562669193075034
bias_indirect: 0.010105590678605688
rmse_indirect: 0.013179830416022689
bias_total: 0.019185188455105716
rmse_total: 0.025024043768159424
bias_mr: 0.018010337773551623
rmse_mr: 0.02298876816820784
coverage: 1.0
