Experiment: expname : nonparametric_experiment, data : uniform, n_samples : 1000, mediator_dimension : 1, covariate_dimension : 1, alpha : 0.0, beta : 0.0, stochasticity : 1, gamma : 0.3, noise : uniform, 
Running with estimator : kme_dml, regularization : True, sample_splits : 1, reg_lambda : 0.001, reg_lambda_tilde : 0.001, kernel : linear, density : gaussian, bandwidth : 0.3, bandwidth_mode : heuristic, epsilon : 0.1, normalized : True, random_seed : 43, 
bias_direct: 0.09679538843129035
rmse_direct: 0.1203643184321348
bias_indirect: 0.025419373181129152
rmse_indirect: 0.02863744324358399
bias_total: 0.08466074092003092
rmse_total: 0.10064596886529026
bias_mr: 0.10897327901366546
rmse_mr: 0.12980403603676152
coverage: 0.6896551724137931
