Experiment: expname : baselines_experiment, data : uniform, n_samples : 5000, mediator_dimension : 1, covariate_dimension : 1, alpha : 0.5, beta : 0.25, stochasticity : 1, gamma : 0.3, noise : uniform, 
Running with estimator : kme_dml, regularization : True, sample_splits : 1, reg_lambda : 0.001, reg_lambda_tilde : 0.001, kernel : gauss, density : gaussian, bandwidth : 0.3, bandwidth_mode : heuristic, epsilon : 0.3, normalized : True, random_seed : 31, 
bias_direct: 0.05750053564805559
rmse_direct: 0.0769327632938307
bias_indirect: 0.013981638697881145
rmse_indirect: 0.01661163784782686
bias_total: 0.05799243041442171
rmse_total: 0.07633857359332642
bias_mr: 0.056155602009681095
rmse_mr: 0.06597559261734805
coverage: 0.8620689655172413
