Experiment: expname : baselines_experiment, data : uniform, n_samples : 1000, mediator_dimension : 1, covariate_dimension : 1, alpha : 0.5, beta : 0.25, stochasticity : 1, gamma : 0.3, noise : uniform, 
Running with estimator : ipw, regularization : True, sample_splits : 1, reg_lambda : 0.001, reg_lambda_tilde : 0.001, kernel : gauss, density : gaussian, bandwidth : 0.3, bandwidth_mode : heuristic, epsilon : 0.3, normalized : True, random_seed : 30, 
bias_direct: 0.20484075231846366
rmse_direct: 0.25262457025668067
bias_indirect: 0.06982758620689661
rmse_indirect: 0.07936276378669078
bias_total: 0.17662187778293992
rmse_total: 0.20938310786424416
bias_mr: 0.2495922737890534
rmse_mr: 0.2859026919570085
coverage: 0.0
