Experiment: expname : nonparametric_experiment, data : uniform, n_samples : 5000, mediator_dimension : 1, covariate_dimension : 1, alpha : 0.0, beta : 0.0, stochasticity : 1, gamma : 0.3, noise : uniform, 
Running with estimator : ipw, regularization : True, sample_splits : 1, reg_lambda : 0.001, reg_lambda_tilde : 0.001, kernel : gauss, density : gaussian, bandwidth : 0.3, bandwidth_mode : heuristic, epsilon : 0.1, normalized : True, random_seed : 86, 
bias_direct: 0.09362356005438721
rmse_direct: 0.10399142982767089
bias_indirect: 0.06982758620689661
rmse_indirect: 0.07936276378669078
bias_total: 0.05418827875092868
rmse_total: 0.06869876416995062
bias_mr: 0.09556670376018657
rmse_mr: 0.10602946070391055
coverage: 0.0
