Experiment: expname : nonparametric_experiment, data : uniform, n_samples : 1000, mediator_dimension : 1, covariate_dimension : 1, alpha : 0.0, beta : 0.0, stochasticity : 1, gamma : 0.3, noise : uniform, 
Running with estimator : kme_g_computation, regularization : True, sample_splits : 1, reg_lambda : 0.001, reg_lambda_tilde : 0.001, kernel : linear, density : conditional_kernel, bandwidth : 0.3, bandwidth_mode : heuristic, epsilon : 0.1, normalized : True, random_seed : 0, 
bias_direct: 0.14664255458622308
rmse_direct: 0.1665436670793124
bias_indirect: 0.13510259400601043
rmse_indirect: 0.1535513123994982
bias_total: 0.011539960580212599
rmse_total: 0.01632912150253142
bias_mr: 0.1536964147339254
rmse_mr: 0.18070906376449022
coverage: 0.0
