Experiment: expname : baselines_experiment, data : uniform, n_samples : 5000, mediator_dimension : 1, covariate_dimension : 1, alpha : 0.5, beta : 0.25, stochasticity : 1, gamma : 0.3, noise : uniform, 
Running with estimator : kme_dml, regularization : True, sample_splits : 1, reg_lambda : 0.001, reg_lambda_tilde : 0.001, kernel : gauss, density : gaussian, bandwidth : 0.3, bandwidth_mode : heuristic, epsilon : 0.3, normalized : True, random_seed : 38, 
bias_direct: 0.03466507926451848
rmse_direct: 0.04603661300525365
bias_indirect: 0.00840268995924087
rmse_indirect: 0.010000457872654672
bias_total: 0.034348743672530026
rmse_total: 0.042977864199077384
bias_mr: 0.031763835661280146
rmse_mr: 0.04018741483942908
coverage: 1.0
