Experiment: expname : nonparametric_experiment, data : uniform, n_samples : 500, mediator_dimension : 1, covariate_dimension : 1, alpha : 0.0, beta : 0.0, stochasticity : 1, gamma : 0.3, noise : uniform, 
Running with estimator : kme_g_computation, regularization : True, sample_splits : 1, reg_lambda : 0.001, reg_lambda_tilde : 0.001, kernel : linear, density : gaussian, bandwidth : 0.3, bandwidth_mode : heuristic, epsilon : 0.1, normalized : True, random_seed : 66, 
bias_direct: 0.14435929877236767
rmse_direct: 0.16651517233123295
bias_indirect: 0.1216928251652602
rmse_indirect: 0.13831043280621225
bias_total: 0.023114552200924607
rmse_total: 0.034741526373288964
bias_mr: 0.15240270160886232
rmse_mr: 0.18197269521843212
coverage: 0.0
