Experiment: expname : nonparametric_experiment, data : uniform, n_samples : 5000, mediator_dimension : 1, covariate_dimension : 1, alpha : 0.0, beta : 0.0, stochasticity : 1, gamma : 0.3, noise : uniform, 
Running with estimator : kme_dml, regularization : True, sample_splits : 1, reg_lambda : 0.001, reg_lambda_tilde : 0.001, kernel : linear, density : conditional_kernel, bandwidth : 0.3, bandwidth_mode : heuristic, epsilon : 0.1, normalized : True, random_seed : 20, 
bias_direct: 0.02289505718951975
rmse_direct: 0.02836238864887812
bias_indirect: 0.015611086650391846
rmse_indirect: 0.020125153464080288
bias_total: 0.023137337086694534
rmse_total: 0.029756758991521932
bias_mr: 0.031036839634160516
rmse_mr: 0.035989488445905625
coverage: 1.0
