Experiment: expname : nonparametric_experiment, data : uniform, n_samples : 5000, mediator_dimension : 1, covariate_dimension : 1, alpha : 0.0, beta : 0.0, stochasticity : 1, gamma : 0.3, noise : uniform, 
Running with estimator : ipw, regularization : True, sample_splits : 1, reg_lambda : 0.001, reg_lambda_tilde : 0.001, kernel : linear, density : conditional_kernel, bandwidth : 0.3, bandwidth_mode : heuristic, epsilon : 0.1, normalized : True, random_seed : 88, 
bias_direct: 0.04831502653627154
rmse_direct: 0.06260072846111174
bias_indirect: 0.03203368997845707
rmse_indirect: 0.03521851128021277
bias_total: 0.039347295391289255
rmse_total: 0.05203106079369478
bias_mr: 0.039468723656435105
rmse_mr: 0.050197687094926745
coverage: 0.0
