Experiment: expname : baselines_experiment, data : uniform, n_samples : 1000, mediator_dimension : 1, covariate_dimension : 1, alpha : 0.5, beta : 0.25, stochasticity : 1, gamma : 0.3, noise : uniform, 
Running with estimator : ipw, regularization : True, sample_splits : 1, reg_lambda : 0.001, reg_lambda_tilde : 0.001, kernel : gauss, density : gaussian, bandwidth : 0.3, bandwidth_mode : heuristic, epsilon : 0.3, normalized : True, random_seed : 58, 
bias_direct: 0.1525490421998548
rmse_direct: 0.1782950958226027
bias_indirect: 0.06982758620689661
rmse_indirect: 0.07936276378669078
bias_total: 0.11927918548898508
rmse_total: 0.14289948760950114
bias_mr: 0.17935993334236797
rmse_mr: 0.209932332606554
coverage: 0.0
