Experiment: expname : baselines_experiment, data : uniform, n_samples : 1000, mediator_dimension : 1, covariate_dimension : 1, alpha : 0.5, beta : 0.25, stochasticity : 1, gamma : 0.3, noise : uniform, 
Running with estimator : kme_g_computation, regularization : True, sample_splits : 1, reg_lambda : 0.001, reg_lambda_tilde : 0.001, kernel : gauss, density : gaussian, bandwidth : 0.3, bandwidth_mode : heuristic, epsilon : 0.3, normalized : True, random_seed : 13, 
bias_direct: 0.38600505409851715
rmse_direct: 0.5042727626374751
bias_indirect: 0.3921289599573309
rmse_indirect: 0.5225555567472354
bias_total: 0.04521742340872151
rmse_total: 0.058803118347680136
bias_mr: 0.38858650877397904
rmse_mr: 0.508315366382465
coverage: 0.0
