Experiment: expname : nonparametric_experiment, data : uniform, n_samples : 5000, mediator_dimension : 1, covariate_dimension : 1, alpha : 0.0, beta : 0.0, stochasticity : 1, gamma : 0.3, noise : uniform, 
Running with estimator : kme_dml, regularization : True, sample_splits : 1, reg_lambda : 0.001, reg_lambda_tilde : 0.001, kernel : gauss, density : conditional_kernel, bandwidth : 0.3, bandwidth_mode : heuristic, epsilon : 0.1, normalized : True, random_seed : 19, 
bias_direct: 0.029119062058030158
rmse_direct: 0.03277856852755914
bias_indirect: 0.026606441914964668
rmse_indirect: 0.032126461148403535
bias_total: 0.041976990141642925
rmse_total: 0.05060055534703671
bias_mr: 0.03431766375213844
rmse_mr: 0.04320324777800111
coverage: 0.9310344827586207
