Experiment: expname : nonparametric_experiment, data : uniform, n_samples : 1000, mediator_dimension : 1, covariate_dimension : 1, alpha : 0.0, beta : 0.0, stochasticity : 1, gamma : 0.3, noise : uniform, 
Running with estimator : kme_g_computation, regularization : True, sample_splits : 1, reg_lambda : 0.001, reg_lambda_tilde : 0.001, kernel : gauss, density : gaussian, bandwidth : 0.3, bandwidth_mode : heuristic, epsilon : 0.1, normalized : True, random_seed : 64, 
bias_direct: 0.16083250330643953
rmse_direct: 0.18368356363143146
bias_indirect: 0.1678637760907663
rmse_indirect: 0.19853622894273062
bias_total: 0.018413334066809128
rmse_total: 0.026081679665374113
bias_mr: 0.16050660698938418
rmse_mr: 0.18658098434889964
coverage: 0.0
