Experiment: expname : baselines_experiment, data : uniform, n_samples : 1000, mediator_dimension : 1, covariate_dimension : 1, alpha : 0.5, beta : 0.25, stochasticity : 1, gamma : 0.3, noise : uniform, 
Running with estimator : ipw, regularization : True, sample_splits : 1, reg_lambda : 0.001, reg_lambda_tilde : 0.001, kernel : gauss, density : gaussian, bandwidth : 0.3, bandwidth_mode : heuristic, epsilon : 0.3, normalized : True, random_seed : 45, 
bias_direct: 0.14855011108237293
rmse_direct: 0.17331502577877037
bias_indirect: 0.06982758620689661
rmse_indirect: 0.0793627637866908
bias_total: 0.10518203445419569
rmse_total: 0.12996757899613526
bias_mr: 0.15435145839210843
rmse_mr: 0.2002893396055071
coverage: 0.0
