Experiment: expname : baselines_experiment, data : uniform, n_samples : 500, mediator_dimension : 1, covariate_dimension : 1, alpha : 0.5, beta : 0.25, stochasticity : 1, gamma : 0.3, noise : uniform, 
Running with estimator : ipw, regularization : True, sample_splits : 1, reg_lambda : 0.001, reg_lambda_tilde : 0.001, kernel : gauss, density : gaussian, bandwidth : 0.3, bandwidth_mode : heuristic, epsilon : 0.3, normalized : True, random_seed : 48, 
bias_direct: 0.21334484566646955
rmse_direct: 0.270478956457998
bias_indirect: 0.0698275862068966
rmse_indirect: 0.07936276378669078
bias_total: 0.19029728603194737
rmse_total: 0.22313450972046084
bias_mr: 0.17193955046192358
rmse_mr: 0.23409830748716465
coverage: 0.0
