Experiment: expname : nonparametric_experiment, data : uniform, n_samples : 1000, mediator_dimension : 1, covariate_dimension : 1, alpha : 0.0, beta : 0.0, stochasticity : 1, gamma : 0.3, noise : uniform, 
Running with estimator : kme_dml, regularization : True, sample_splits : 1, reg_lambda : 0.001, reg_lambda_tilde : 0.001, kernel : linear, density : conditional_kernel, bandwidth : 0.3, bandwidth_mode : heuristic, epsilon : 0.1, normalized : True, random_seed : 92, 
bias_direct: 0.0467524950723873
rmse_direct: 0.05403619380553878
bias_indirect: 0.01608650327329459
rmse_indirect: 0.01964052614548983
bias_total: 0.05867342142795558
rmse_total: 0.0675702366410774
bias_mr: 0.03991440490163677
rmse_mr: 0.0486409624578967
coverage: 1.0
