Experiment: expname : baselines_experiment, data : uniform, n_samples : 1000, mediator_dimension : 1, covariate_dimension : 1, alpha : 0.5, beta : 0.25, stochasticity : 1, gamma : 0.3, noise : uniform, 
Running with estimator : kme_g_computation, regularization : True, sample_splits : 1, reg_lambda : 0.001, reg_lambda_tilde : 0.001, kernel : gauss, density : gaussian, bandwidth : 0.3, bandwidth_mode : heuristic, epsilon : 0.3, normalized : True, random_seed : 23, 
bias_direct: 0.38761620843194045
rmse_direct: 0.5037751913723042
bias_indirect: 0.44503023286332827
rmse_indirect: 0.5683351114901483
bias_total: 0.06669083289188099
rmse_total: 0.10784167257197469
bias_mr: 0.4026054732246249
rmse_mr: 0.5198893095241398
coverage: 0.0
