Experiment: expname : nonparametric_experiment, data : uniform, n_samples : 5000, mediator_dimension : 1, covariate_dimension : 1, alpha : 0.0, beta : 0.0, stochasticity : 1, gamma : 0.3, noise : uniform, 
Running with estimator : kme_g_computation, regularization : True, sample_splits : 1, reg_lambda : 0.001, reg_lambda_tilde : 0.001, kernel : gauss, density : gaussian, bandwidth : 0.3, bandwidth_mode : heuristic, epsilon : 0.1, normalized : True, random_seed : 32, 
bias_direct: 0.1647968585088159
rmse_direct: 0.18784180852324098
bias_indirect: 0.17054611658968225
rmse_indirect: 0.19250626133824578
bias_total: 0.029703339498576595
rmse_total: 0.03668929118367489
bias_mr: 0.16481265573166615
rmse_mr: 0.18693024730147884
coverage: 0.0
