Experiment: expname : nonparametric_experiment, data : uniform, n_samples : 5000, mediator_dimension : 1, covariate_dimension : 1, alpha : 0.0, beta : 0.0, stochasticity : 1, gamma : 0.3, noise : uniform, 
Running with estimator : kme_dml, regularization : True, sample_splits : 1, reg_lambda : 0.001, reg_lambda_tilde : 0.001, kernel : gauss, density : conditional_kernel, bandwidth : 0.3, bandwidth_mode : heuristic, epsilon : 0.1, normalized : True, random_seed : 52, 
bias_direct: 0.02203132939633563
rmse_direct: 0.024577841830672312
bias_indirect: 0.016876655845808816
rmse_indirect: 0.0208017253851112
bias_total: 0.027071796876013153
rmse_total: 0.03454357458526767
bias_mr: 0.023750089095441785
rmse_mr: 0.027268843501547964
coverage: 1.0
