Experiment: expname : nonparametric_experiment, data : uniform, n_samples : 500, mediator_dimension : 1, covariate_dimension : 1, alpha : 0.0, beta : 0.0, stochasticity : 1, gamma : 0.3, noise : uniform, 
Running with estimator : kme_dml, regularization : True, sample_splits : 1, reg_lambda : 0.001, reg_lambda_tilde : 0.001, kernel : gauss, density : gaussian, bandwidth : 0.3, bandwidth_mode : heuristic, epsilon : 0.1, normalized : True, random_seed : 80, 
bias_direct: 0.05088863706940618
rmse_direct: 0.06657998515544829
bias_indirect: 0.02136494082321937
rmse_indirect: 0.02402496178545776
bias_total: 0.051800582170327736
rmse_total: 0.06708432605247854
bias_mr: 0.15035379857940986
rmse_mr: 0.15952763591282304
coverage: 0.7931034482758621
