Experiment: expname : baselines_experiment, data : uniform, n_samples : 500, mediator_dimension : 1, covariate_dimension : 1, alpha : 0.5, beta : 0.25, stochasticity : 1, gamma : 0.3, noise : uniform, 
Running with estimator : kme_g_computation, regularization : True, sample_splits : 1, reg_lambda : 0.001, reg_lambda_tilde : 0.001, kernel : gauss, density : gaussian, bandwidth : 0.3, bandwidth_mode : heuristic, epsilon : 0.3, normalized : True, random_seed : 6, 
bias_direct: 0.4344662370216299
rmse_direct: 0.5758210496984872
bias_indirect: 0.496890194580918
rmse_indirect: 0.6354809433153785
bias_total: 0.10554104252221835
rmse_total: 0.13865134256873815
bias_mr: 0.3860156574172587
rmse_mr: 0.4971337801284067
coverage: 0.0
