Experiment: expname : baselines_experiment, data : uniform, n_samples : 500, mediator_dimension : 1, covariate_dimension : 1, alpha : 0.5, beta : 0.25, stochasticity : 1, gamma : 0.3, noise : uniform, 
Running with estimator : linear, regularization : True, sample_splits : 1, reg_lambda : 0.001, reg_lambda_tilde : 0.001, kernel : gauss, density : gaussian, bandwidth : 0.3, bandwidth_mode : heuristic, epsilon : 0.3, normalized : True, random_seed : 11, 
bias_direct: 0.3140792386095668
rmse_direct: 0.3592013937090799
bias_indirect: 0.023608510714017664
rmse_indirect: 0.026832327464401035
bias_total: 0.29340867589551595
rmse_total: 0.3363153500128161
bias_mr: 0.29918490592413
rmse_mr: 0.3186815300781112
coverage: 0.0
