Experiment: expname : baselines_experiment, data : uniform, n_samples : 500, mediator_dimension : 1, covariate_dimension : 1, alpha : 0.5, beta : 0.25, stochasticity : 1, gamma : 0.3, noise : uniform, 
Running with estimator : linear, regularization : True, sample_splits : 1, reg_lambda : 0.001, reg_lambda_tilde : 0.001, kernel : gauss, density : gaussian, bandwidth : 0.3, bandwidth_mode : heuristic, epsilon : 0.3, normalized : True, random_seed : 38, 
bias_direct: 0.2492787713996279
rmse_direct: 0.28510155880960597
bias_indirect: 0.01354312104800207
rmse_indirect: 0.01539247702881347
bias_total: 0.2595715433961095
rmse_total: 0.2971376537368844
bias_mr: 0.22025721005335444
rmse_mr: 0.2396406467648284
coverage: 0.0
