Experiment: expname : baselines_experiment, data : uniform, n_samples : 500, mediator_dimension : 1, covariate_dimension : 1, alpha : 0.5, beta : 0.25, stochasticity : 1, gamma : 0.3, noise : uniform, 
Running with estimator : kme_dml, regularization : True, sample_splits : 1, reg_lambda : 0.001, reg_lambda_tilde : 0.001, kernel : gauss, density : gaussian, bandwidth : 0.3, bandwidth_mode : heuristic, epsilon : 0.3, normalized : True, random_seed : 47, 
bias_direct: 0.08262529673332332
rmse_direct: 0.1030150867866773
bias_indirect: 0.0275365350319658
rmse_indirect: 0.039178461704512044
bias_total: 0.06334205915585245
rmse_total: 0.07520392238651549
bias_mr: 0.07958510726228903
rmse_mr: 0.09147064610051218
coverage: 1.0
