Experiment: expname : nonparametric_experiment, data : uniform, n_samples : 1000, mediator_dimension : 1, covariate_dimension : 1, alpha : 0.0, beta : 0.0, stochasticity : 1, gamma : 0.3, noise : uniform, 
Running with estimator : ipw, regularization : True, sample_splits : 1, reg_lambda : 0.001, reg_lambda_tilde : 0.001, kernel : gauss, density : conditional_kernel, bandwidth : 0.3, bandwidth_mode : heuristic, epsilon : 0.1, normalized : True, random_seed : 94, 
bias_direct: 0.1698400107484051
rmse_direct: 0.1933463598671429
bias_indirect: 0.009756128235471444
rmse_indirect: 0.012768460268911336
bias_total: 0.16608436296257628
rmse_total: 0.19220174203150173
bias_mr: 0.08456271996597202
rmse_mr: 0.10666605526763712
coverage: 0.0
