Experiment: expname : nonparametric_experiment, data : uniform, n_samples : 1000, mediator_dimension : 1, covariate_dimension : 1, alpha : 0.0, beta : 0.0, stochasticity : 1, gamma : 0.3, noise : uniform, 
Running with estimator : kme_dml, regularization : True, sample_splits : 1, reg_lambda : 0.001, reg_lambda_tilde : 0.001, kernel : linear, density : conditional_kernel, bandwidth : 0.3, bandwidth_mode : heuristic, epsilon : 0.1, normalized : True, random_seed : 8, 
bias_direct: 0.061787053224040926
rmse_direct: 0.07424689879628193
bias_indirect: 0.02033277898301887
rmse_indirect: 0.022013987302907764
bias_total: 0.05484457504279441
rmse_total: 0.06476177871240978
bias_mr: 0.04896149100630847
rmse_mr: 0.05932034792839197
coverage: 1.0
