Experiment: expname : nonparametric_experiment, data : uniform, n_samples : 5000, mediator_dimension : 1, covariate_dimension : 1, alpha : 0.0, beta : 0.0, stochasticity : 1, gamma : 0.3, noise : uniform, 
Running with estimator : kme_g_computation, regularization : True, sample_splits : 1, reg_lambda : 0.001, reg_lambda_tilde : 0.001, kernel : linear, density : gaussian, bandwidth : 0.3, bandwidth_mode : heuristic, epsilon : 0.1, normalized : True, random_seed : 11, 
bias_direct: 0.1654076972014726
rmse_direct: 0.1880193327095074
bias_indirect: 0.15947506278248674
rmse_indirect: 0.18125188128435066
bias_total: 0.00593263441898583
rmse_total: 0.006789074393703913
bias_mr: 0.16476518217979635
rmse_mr: 0.18815922470064383
coverage: 0.0
