Experiment: expname : nonparametric_experiment, data : uniform, n_samples : 500, mediator_dimension : 1, covariate_dimension : 1, alpha : 0.0, beta : 0.0, stochasticity : 1, gamma : 0.3, noise : uniform, 
Running with estimator : kme_dml, regularization : True, sample_splits : 1, reg_lambda : 0.001, reg_lambda_tilde : 0.001, kernel : gauss, density : gaussian, bandwidth : 0.3, bandwidth_mode : heuristic, epsilon : 0.1, normalized : True, random_seed : 12, 
bias_direct: 0.07662084946108556
rmse_direct: 0.10095196305237197
bias_indirect: 0.041734688123685394
rmse_indirect: 0.04948803967289821
bias_total: 0.05981347520313602
rmse_total: 0.0725490631528913
bias_mr: 0.1494918180246631
rmse_mr: 0.16352848222720923
coverage: 0.6896551724137931
