Experiment: expname : nonparametric_experiment, data : uniform, n_samples : 1000, mediator_dimension : 1, covariate_dimension : 1, alpha : 0.0, beta : 0.0, stochasticity : 1, gamma : 0.3, noise : uniform, 
Running with estimator : kme_dml, regularization : True, sample_splits : 1, reg_lambda : 0.001, reg_lambda_tilde : 0.001, kernel : linear, density : conditional_kernel, bandwidth : 0.3, bandwidth_mode : heuristic, epsilon : 0.1, normalized : True, random_seed : 91, 
bias_direct: 0.06698702054441698
rmse_direct: 0.07880720563777628
bias_indirect: 0.011956814195703675
rmse_indirect: 0.013966021777733557
bias_total: 0.06487309483343717
rmse_total: 0.07663275895384801
bias_mr: 0.03783875589379741
rmse_mr: 0.0443507939111261
coverage: 1.0
