Experiment: expname : nonparametric_experiment, data : uniform, n_samples : 5000, mediator_dimension : 1, covariate_dimension : 1, alpha : 0.0, beta : 0.0, stochasticity : 1, gamma : 0.3, noise : uniform, 
Running with estimator : kme_g_computation, regularization : True, sample_splits : 1, reg_lambda : 0.001, reg_lambda_tilde : 0.001, kernel : linear, density : gaussian, bandwidth : 0.3, bandwidth_mode : heuristic, epsilon : 0.1, normalized : True, random_seed : 37, 
bias_direct: 0.16309167437953037
rmse_direct: 0.185215133030683
bias_indirect: 0.17451708048770054
rmse_indirect: 0.19834794368301023
bias_total: 0.011425406108170147
rmse_total: 0.01411329378723072
bias_mr: 0.1636194310756803
rmse_mr: 0.1860943242372105
coverage: 0.0
