Experiment: expname : nonparametric_experiment, data : uniform, n_samples : 1000, mediator_dimension : 1, covariate_dimension : 1, alpha : 0.0, beta : 0.0, stochasticity : 1, gamma : 0.3, noise : uniform, 
Running with estimator : kme_dml, regularization : True, sample_splits : 1, reg_lambda : 0.001, reg_lambda_tilde : 0.001, kernel : gauss, density : gaussian, bandwidth : 0.3, bandwidth_mode : heuristic, epsilon : 0.1, normalized : True, random_seed : 50, 
bias_direct: 0.0975383049299428
rmse_direct: 0.12445041537383919
bias_indirect: 0.014116021229675367
rmse_indirect: 0.017978010268050144
bias_total: 0.08962820861511168
rmse_total: 0.1216352893860976
bias_mr: 0.08369929530830947
rmse_mr: 0.10920539649691112
coverage: 0.8620689655172413
