Experiment: expname : nonparametric_experiment, data : uniform, n_samples : 1000, mediator_dimension : 1, covariate_dimension : 1, alpha : 0.0, beta : 0.0, stochasticity : 1, gamma : 0.3, noise : uniform, 
Running with estimator : kme_g_computation, regularization : True, sample_splits : 1, reg_lambda : 0.001, reg_lambda_tilde : 0.001, kernel : linear, density : gaussian, bandwidth : 0.3, bandwidth_mode : heuristic, epsilon : 0.1, normalized : True, random_seed : 35, 
bias_direct: 0.16702873605172486
rmse_direct: 0.189754895311425
bias_indirect: 0.19689049178442702
rmse_indirect: 0.22377653387461707
bias_total: 0.02986175573270218
rmse_total: 0.037302617448697374
bias_mr: 0.16967588461262986
rmse_mr: 0.1950544897892828
coverage: 0.0
