Experiment: expname : baselines_experiment, data : uniform, n_samples : 5000, mediator_dimension : 1, covariate_dimension : 1, alpha : 0.5, beta : 0.25, stochasticity : 1, gamma : 0.3, noise : uniform, 
Running with estimator : linear, regularization : True, sample_splits : 1, reg_lambda : 0.001, reg_lambda_tilde : 0.001, kernel : gauss, density : gaussian, bandwidth : 0.3, bandwidth_mode : heuristic, epsilon : 0.3, normalized : True, random_seed : 0, 
bias_direct: 0.30064125892813987
rmse_direct: 0.344258310239745
bias_indirect: 0.0008323012726746315
rmse_indirect: 0.0009459546418649517
bias_total: 0.2999125329249537
rmse_total: 0.34345470476246104
bias_mr: 0.28420526293383874
rmse_mr: 0.3030380798494247
coverage: 0.0
