Experiment: expname : baselines_experiment, data : uniform, n_samples : 500, mediator_dimension : 1, covariate_dimension : 1, alpha : 0.5, beta : 0.25, stochasticity : 1, gamma : 0.3, noise : uniform, 
Running with estimator : kme_g_computation, regularization : True, sample_splits : 1, reg_lambda : 0.001, reg_lambda_tilde : 0.001, kernel : gauss, density : gaussian, bandwidth : 0.3, bandwidth_mode : heuristic, epsilon : 0.3, normalized : True, random_seed : 31, 
bias_direct: 0.3131479531092356
rmse_direct: 0.4308554672507265
bias_indirect: 0.3813910727192146
rmse_indirect: 0.4910272476745586
bias_total: 0.07234652201588218
rmse_total: 0.11046312067243125
bias_mr: 0.3615961830157288
rmse_mr: 0.4958895211215677
coverage: 0.0
