Experiment: expname : nonparametric_experiment, data : uniform, n_samples : 1000, mediator_dimension : 1, covariate_dimension : 1, alpha : 0.0, beta : 0.0, stochasticity : 1, gamma : 0.3, noise : uniform, 
Running with estimator : kme_g_computation, regularization : True, sample_splits : 1, reg_lambda : 0.001, reg_lambda_tilde : 0.001, kernel : linear, density : conditional_kernel, bandwidth : 0.3, bandwidth_mode : heuristic, epsilon : 0.1, normalized : True, random_seed : 74, 
bias_direct: 0.16924809411042652
rmse_direct: 0.19254888211401816
bias_indirect: 0.15369342318692356
rmse_indirect: 0.1746807300977618
bias_total: 0.015554670923502968
rmse_total: 0.018196464115238856
bias_mr: 0.1692439263268365
rmse_mr: 0.19266192085783782
coverage: 0.0
