Experiment: expname : nonparametric_experiment, data : uniform, n_samples : 1000, mediator_dimension : 1, covariate_dimension : 1, alpha : 0.0, beta : 0.0, stochasticity : 1, gamma : 0.3, noise : uniform, 
Running with estimator : kme_g_computation, regularization : True, sample_splits : 1, reg_lambda : 0.001, reg_lambda_tilde : 0.001, kernel : linear, density : conditional_kernel, bandwidth : 0.3, bandwidth_mode : heuristic, epsilon : 0.1, normalized : True, random_seed : 98, 
bias_direct: 0.162124707716365
rmse_direct: 0.18473030471580573
bias_indirect: 0.13884590780227907
rmse_indirect: 0.15780576699999715
bias_total: 0.02327879991408595
rmse_total: 0.027780643433246485
bias_mr: 0.16113389611194232
rmse_mr: 0.18424103090290905
coverage: 0.0
