Experiment: expname : nonparametric_experiment, data : uniform, n_samples : 1000, mediator_dimension : 1, covariate_dimension : 1, alpha : 0.0, beta : 0.0, stochasticity : 1, gamma : 0.3, noise : uniform, 
Running with estimator : ipw, regularization : True, sample_splits : 1, reg_lambda : 0.001, reg_lambda_tilde : 0.001, kernel : linear, density : gaussian, bandwidth : 0.3, bandwidth_mode : heuristic, epsilon : 0.1, normalized : True, random_seed : 72, 
bias_direct: 0.18562369265851994
rmse_direct: 0.23036753195219192
bias_indirect: 0.06982758620689662
rmse_indirect: 0.07936276378669081
bias_total: 0.18546321817998204
rmse_total: 0.20887670345924658
bias_mr: 0.12794622365918926
rmse_mr: 0.1468273996076299
coverage: 0.0
