Experiment: expname : nonparametric_experiment, data : uniform, n_samples : 1000, mediator_dimension : 1, covariate_dimension : 1, alpha : 0.0, beta : 0.0, stochasticity : 1, gamma : 0.3, noise : uniform, 
Running with estimator : kme_g_computation, regularization : True, sample_splits : 1, reg_lambda : 0.001, reg_lambda_tilde : 0.001, kernel : linear, density : conditional_kernel, bandwidth : 0.3, bandwidth_mode : heuristic, epsilon : 0.1, normalized : True, random_seed : 39, 
bias_direct: 0.1697176444520653
rmse_direct: 0.19340263916062142
bias_indirect: 0.21398245729701865
rmse_indirect: 0.24320246029732176
bias_total: 0.04426481284495336
rmse_total: 0.05060280320831755
bias_mr: 0.16848846124518252
rmse_mr: 0.19197235302046303
coverage: 0.0
