Experiment: expname : nonparametric_experiment, data : uniform, n_samples : 1000, mediator_dimension : 1, covariate_dimension : 1, alpha : 0.0, beta : 0.0, stochasticity : 1, gamma : 0.3, noise : uniform, 
Running with estimator : kme_dml, regularization : True, sample_splits : 1, reg_lambda : 0.001, reg_lambda_tilde : 0.001, kernel : gauss, density : gaussian, bandwidth : 0.3, bandwidth_mode : heuristic, epsilon : 0.1, normalized : True, random_seed : 11, 
bias_direct: 0.08887710235079221
rmse_direct: 0.10697469475259073
bias_indirect: 0.01025710221881484
rmse_indirect: 0.013681867770128229
bias_total: 0.08899214394252135
rmse_total: 0.10562013611498822
bias_mr: 0.06576244653213066
rmse_mr: 0.08088933826299007
coverage: 1.0
