Experiment: expname : nonparametric_experiment, data : uniform, n_samples : 5000, mediator_dimension : 1, covariate_dimension : 1, alpha : 0.0, beta : 0.0, stochasticity : 1, gamma : 0.3, noise : uniform, 
Running with estimator : kme_dml, regularization : True, sample_splits : 1, reg_lambda : 0.001, reg_lambda_tilde : 0.001, kernel : gauss, density : conditional_kernel, bandwidth : 0.3, bandwidth_mode : heuristic, epsilon : 0.1, normalized : True, random_seed : 78, 
bias_direct: 0.022827953699311454
rmse_direct: 0.032840849087623705
bias_indirect: 0.013465750264192684
rmse_indirect: 0.015624226743320414
bias_total: 0.02627743885072769
rmse_total: 0.04258684345235255
bias_mr: 0.018222149647189895
rmse_mr: 0.026353224293385324
coverage: 1.0
