Experiment: expname : nonparametric_experiment, data : uniform, n_samples : 500, mediator_dimension : 1, covariate_dimension : 1, alpha : 0.0, beta : 0.0, stochasticity : 1, gamma : 0.3, noise : uniform, 
Running with estimator : kme_dml, regularization : True, sample_splits : 1, reg_lambda : 0.001, reg_lambda_tilde : 0.001, kernel : gauss, density : gaussian, bandwidth : 0.3, bandwidth_mode : heuristic, epsilon : 0.1, normalized : True, random_seed : 13, 
bias_direct: 0.07087343637855216
rmse_direct: 0.08347781462788313
bias_indirect: 0.0707480660537644
rmse_indirect: 0.09252966853587172
bias_total: 0.10811161978698863
rmse_total: 0.12605246040687718
bias_mr: 0.05837565691871297
rmse_mr: 0.06868200234461701
coverage: 1.0
