Experiment: expname : baselines_experiment, data : uniform, n_samples : 500, mediator_dimension : 1, covariate_dimension : 1, alpha : 0.5, beta : 0.25, stochasticity : 1, gamma : 0.3, noise : uniform, 
Running with estimator : linear, regularization : True, sample_splits : 1, reg_lambda : 0.001, reg_lambda_tilde : 0.001, kernel : gauss, density : gaussian, bandwidth : 0.3, bandwidth_mode : heuristic, epsilon : 0.3, normalized : True, random_seed : 61, 
bias_direct: 0.25188501323567436
rmse_direct: 0.2881190204005516
bias_indirect: 0.013260539905676902
rmse_indirect: 0.015071308538433798
bias_total: 0.2418070029073599
rmse_total: 0.27657286931346575
bias_mr: 0.22445573036990238
rmse_mr: 0.24431642429424408
coverage: 0.0
