Experiment: expname : nonparametric_experiment, data : uniform, n_samples : 5000, mediator_dimension : 1, covariate_dimension : 1, alpha : 0.0, beta : 0.0, stochasticity : 1, gamma : 0.3, noise : uniform, 
Running with estimator : kme_g_computation, regularization : True, sample_splits : 1, reg_lambda : 0.001, reg_lambda_tilde : 0.001, kernel : gauss, density : conditional_kernel, bandwidth : 0.3, bandwidth_mode : heuristic, epsilon : 0.1, normalized : True, random_seed : 22, 
bias_direct: 0.15833575255111587
rmse_direct: 0.17938355222988314
bias_indirect: 0.14447218222442723
rmse_indirect: 0.1659653941708679
bias_total: 0.014156989220695134
rmse_total: 0.017227532367040676
bias_mr: 0.16615723306031632
rmse_mr: 0.18996877446027297
coverage: 0.0
