Experiment: expname : nonparametric_experiment, data : uniform, n_samples : 1000, mediator_dimension : 1, covariate_dimension : 1, alpha : 0.0, beta : 0.0, stochasticity : 1, gamma : 0.3, noise : uniform, 
Running with estimator : ipw, regularization : True, sample_splits : 1, reg_lambda : 0.001, reg_lambda_tilde : 0.001, kernel : gauss, density : gaussian, bandwidth : 0.3, bandwidth_mode : heuristic, epsilon : 0.1, normalized : True, random_seed : 3, 
bias_direct: 0.1455660728099401
rmse_direct: 0.17140925668356533
bias_indirect: 0.06982758620689661
rmse_indirect: 0.0793627637866908
bias_total: 0.09406909760233008
rmse_total: 0.12246411709471108
bias_mr: 0.13492506897287462
rmse_mr: 0.15863937082587368
coverage: 0.0
