Experiment: expname : nonparametric_experiment, data : uniform, n_samples : 1000, mediator_dimension : 1, covariate_dimension : 1, alpha : 0.0, beta : 0.0, stochasticity : 1, gamma : 0.3, noise : uniform, 
Running with estimator : ipw, regularization : True, sample_splits : 1, reg_lambda : 0.001, reg_lambda_tilde : 0.001, kernel : gauss, density : conditional_kernel, bandwidth : 0.3, bandwidth_mode : heuristic, epsilon : 0.1, normalized : True, random_seed : 76, 
bias_direct: 0.08844204806115943
rmse_direct: 0.10794286101905473
bias_indirect: 0.05001925516599441
rmse_indirect: 0.06049440572076108
bias_total: 0.08607797678887917
rmse_total: 0.10770522446249418
bias_mr: 0.12125271478507908
rmse_mr: 0.15092516025313513
coverage: 0.0
