Experiment: expname : nonparametric_experiment, data : uniform, n_samples : 500, mediator_dimension : 1, covariate_dimension : 1, alpha : 0.0, beta : 0.0, stochasticity : 1, gamma : 0.3, noise : uniform, 
Running with estimator : kme_g_computation, regularization : True, sample_splits : 1, reg_lambda : 0.001, reg_lambda_tilde : 0.001, kernel : gauss, density : gaussian, bandwidth : 0.3, bandwidth_mode : heuristic, epsilon : 0.1, normalized : True, random_seed : 40, 
bias_direct: 0.1567016435555688
rmse_direct: 0.1814049801189099
bias_indirect: 0.25506615518419495
rmse_indirect: 0.29266060083862844
bias_total: 0.0983645116286262
rmse_total: 0.11846020158227466
bias_mr: 0.2222396881756468
rmse_mr: 0.2677167931937941
coverage: 0.0
