Experiment: expname : nonparametric_experiment, data : uniform, n_samples : 1000, mediator_dimension : 1, covariate_dimension : 1, alpha : 0.0, beta : 0.0, stochasticity : 1, gamma : 0.3, noise : uniform, 
Running with estimator : kme_dml, regularization : True, sample_splits : 1, reg_lambda : 0.001, reg_lambda_tilde : 0.001, kernel : linear, density : gaussian, bandwidth : 0.3, bandwidth_mode : heuristic, epsilon : 0.1, normalized : True, random_seed : 93, 
bias_direct: 0.0919635864777825
rmse_direct: 0.1048835197417862
bias_indirect: 0.008627545572938787
rmse_indirect: 0.01235062820559361
bias_total: 0.09979809838081695
rmse_total: 0.11418533109819143
bias_mr: 0.09303213935296571
rmse_mr: 0.11153943180233086
coverage: 0.7241379310344828
