Experiment: expname : nonparametric_experiment, data : uniform, n_samples : 500, mediator_dimension : 1, covariate_dimension : 1, alpha : 0.0, beta : 0.0, stochasticity : 1, gamma : 0.3, noise : uniform, 
Running with estimator : kme_dml, regularization : True, sample_splits : 1, reg_lambda : 0.001, reg_lambda_tilde : 0.001, kernel : gauss, density : conditional_kernel, bandwidth : 0.3, bandwidth_mode : heuristic, epsilon : 0.1, normalized : True, random_seed : 45, 
bias_direct: 0.08087061680938407
rmse_direct: 0.11534189579909075
bias_indirect: 0.05301539095472842
rmse_indirect: 0.06569671860184413
bias_total: 0.05776568181894924
rmse_total: 0.06844201906747746
bias_mr: 0.12098577232036217
rmse_mr: 0.14911957400032244
coverage: 0.7241379310344828
