Experiment: expname : baselines_experiment, data : uniform, n_samples : 500, mediator_dimension : 1, covariate_dimension : 1, alpha : 0.5, beta : 0.25, stochasticity : 1, gamma : 0.3, noise : uniform, 
Running with estimator : kme_g_computation, regularization : True, sample_splits : 1, reg_lambda : 0.001, reg_lambda_tilde : 0.001, kernel : gauss, density : gaussian, bandwidth : 0.3, bandwidth_mode : heuristic, epsilon : 0.3, normalized : True, random_seed : 41, 
bias_direct: 0.454251851154476
rmse_direct: 0.5982998742972835
bias_indirect: 0.4759195831288903
rmse_indirect: 0.5926732780041939
bias_total: 0.09872453604924417
rmse_total: 0.12693629326746922
bias_mr: 0.42467633480842426
rmse_mr: 0.5475029920270017
coverage: 0.0
