Experiment: expname : nonparametric_experiment, data : uniform, n_samples : 500, mediator_dimension : 1, covariate_dimension : 1, alpha : 0.0, beta : 0.0, stochasticity : 1, gamma : 0.3, noise : uniform, 
Running with estimator : kme_dml, regularization : True, sample_splits : 1, reg_lambda : 0.001, reg_lambda_tilde : 0.001, kernel : gauss, density : gaussian, bandwidth : 0.3, bandwidth_mode : heuristic, epsilon : 0.1, normalized : True, random_seed : 74, 
bias_direct: 0.04318154154336844
rmse_direct: 0.05874931158098276
bias_indirect: 0.02257826242883818
rmse_indirect: 0.032944407298941485
bias_total: 0.025268566767921816
rmse_total: 0.0342447675328693
bias_mr: 0.044673705126988886
rmse_mr: 0.05822824213745793
coverage: 1.0
