Experiment: expname : baselines_experiment, data : uniform, n_samples : 5000, mediator_dimension : 1, covariate_dimension : 1, alpha : 0.5, beta : 0.25, stochasticity : 1, gamma : 0.3, noise : uniform, 
Running with estimator : linear, regularization : True, sample_splits : 1, reg_lambda : 0.001, reg_lambda_tilde : 0.001, kernel : gauss, density : gaussian, bandwidth : 0.3, bandwidth_mode : heuristic, epsilon : 0.3, normalized : True, random_seed : 72, 
bias_direct: 0.2943099034223459
rmse_direct: 0.3373010440353945
bias_indirect: 0.00872139444275617
rmse_indirect: 0.009912328417026882
bias_total: 0.30194596877889246
rmse_total: 0.34569888376607366
bias_mr: 0.27668688690987936
rmse_mr: 0.2955242234813772
coverage: 0.0
