Experiment: expname : baselines_experiment, data : uniform, n_samples : 500, mediator_dimension : 1, covariate_dimension : 1, alpha : 0.5, beta : 0.25, stochasticity : 1, gamma : 0.3, noise : uniform, 
Running with estimator : linear, regularization : True, sample_splits : 1, reg_lambda : 0.001, reg_lambda_tilde : 0.001, kernel : gauss, density : gaussian, bandwidth : 0.3, bandwidth_mode : heuristic, epsilon : 0.3, normalized : True, random_seed : 6, 
bias_direct: 0.3344697858101627
rmse_direct: 0.3822806018174068
bias_indirect: 0.012195767157915144
rmse_indirect: 0.013861137706855257
bias_total: 0.32379171412078805
rmse_total: 0.37013795168618274
bias_mr: 0.322168003538851
rmse_mr: 0.3430202157734088
coverage: 0.0
