Experiment: expname : nonparametric_experiment, data : uniform, n_samples : 500, mediator_dimension : 1, covariate_dimension : 1, alpha : 0.0, beta : 0.0, stochasticity : 1, gamma : 0.3, noise : uniform, 
Running with estimator : kme_dml, regularization : True, sample_splits : 1, reg_lambda : 0.001, reg_lambda_tilde : 0.001, kernel : gauss, density : conditional_kernel, bandwidth : 0.3, bandwidth_mode : heuristic, epsilon : 0.1, normalized : True, random_seed : 55, 
bias_direct: 0.05081885263874418
rmse_direct: 0.07094422483974816
bias_indirect: 0.029318432101475334
rmse_indirect: 0.04074484945404284
bias_total: 0.07308372507844858
rmse_total: 0.09854338360521969
bias_mr: 0.0787719669350881
rmse_mr: 0.08784000373607437
coverage: 1.0
