Experiment: expname : baselines_experiment, data : uniform, n_samples : 500, mediator_dimension : 1, covariate_dimension : 1, alpha : 0.5, beta : 0.25, stochasticity : 1, gamma : 0.3, noise : uniform, 
Running with estimator : linear, regularization : True, sample_splits : 1, reg_lambda : 0.001, reg_lambda_tilde : 0.001, kernel : gauss, density : gaussian, bandwidth : 0.3, bandwidth_mode : heuristic, epsilon : 0.3, normalized : True, random_seed : 30, 
bias_direct: 0.283795304546803
rmse_direct: 0.3258767960996288
bias_indirect: 0.015520501637365033
rmse_indirect: 0.017639875186971493
bias_total: 0.2973843659804071
rmse_total: 0.34067242630749345
bias_mr: 0.2652344570992194
rmse_mr: 0.2838185543375941
coverage: 0.0
