Experiment: expname : nonparametric_experiment, data : uniform, n_samples : 5000, mediator_dimension : 1, covariate_dimension : 1, alpha : 0.0, beta : 0.0, stochasticity : 1, gamma : 0.3, noise : uniform, 
Running with estimator : kme_g_computation, regularization : True, sample_splits : 1, reg_lambda : 0.001, reg_lambda_tilde : 0.001, kernel : gauss, density : conditional_kernel, bandwidth : 0.3, bandwidth_mode : heuristic, epsilon : 0.1, normalized : True, random_seed : 10, 
bias_direct: 0.16298184180881334
rmse_direct: 0.1849047885706702
bias_indirect: 0.18975693749771347
rmse_indirect: 0.21913060496286882
bias_total: 0.02677509568890013
rmse_total: 0.03696329149097086
bias_mr: 0.16644853998012898
rmse_mr: 0.1891201929686101
coverage: 0.0
