Experiment: expname : baselines_experiment, data : uniform, n_samples : 5000, mediator_dimension : 1, covariate_dimension : 1, alpha : 0.5, beta : 0.25, stochasticity : 1, gamma : 0.3, noise : uniform, 
Running with estimator : linear, regularization : True, sample_splits : 1, reg_lambda : 0.001, reg_lambda_tilde : 0.001, kernel : gauss, density : gaussian, bandwidth : 0.3, bandwidth_mode : heuristic, epsilon : 0.3, normalized : True, random_seed : 43, 
bias_direct: 0.3045298221559449
rmse_direct: 0.3485585177580791
bias_indirect: 0.001569683244405854
rmse_indirect: 0.0017840284522595239
bias_total: 0.30315547727084285
rmse_total: 0.3470363837412281
bias_mr: 0.2880841937524469
rmse_mr: 0.3075211063800936
coverage: 0.0
