Experiment: expname : baselines_experiment, data : uniform, n_samples : 5000, mediator_dimension : 1, covariate_dimension : 1, alpha : 0.5, beta : 0.25, stochasticity : 1, gamma : 0.3, noise : uniform, 
Running with estimator : linear, regularization : True, sample_splits : 1, reg_lambda : 0.001, reg_lambda_tilde : 0.001, kernel : gauss, density : gaussian, bandwidth : 0.3, bandwidth_mode : heuristic, epsilon : 0.3, normalized : True, random_seed : 87, 
bias_direct: 0.29613002247135173
rmse_direct: 0.33929531959809234
bias_indirect: 0.004525921178904909
rmse_indirect: 0.005143950019614676
bias_total: 0.30009271790354847
rmse_total: 0.3436533370167443
bias_mr: 0.27888915634034533
rmse_mr: 0.29766802538676174
coverage: 0.0
