Experiment: expname : nonparametric_experiment, data : uniform, n_samples : 1000, mediator_dimension : 1, covariate_dimension : 1, alpha : 0.0, beta : 0.0, stochasticity : 1, gamma : 0.3, noise : uniform, 
Running with estimator : kme_dml, regularization : True, sample_splits : 1, reg_lambda : 0.001, reg_lambda_tilde : 0.001, kernel : gauss, density : conditional_kernel, bandwidth : 0.3, bandwidth_mode : heuristic, epsilon : 0.1, normalized : True, random_seed : 50, 
bias_direct: 0.09561934292766913
rmse_direct: 0.12054793146740343
bias_indirect: 0.01327917532861439
rmse_indirect: 0.01623595293737625
bias_total: 0.09084037936762769
rmse_total: 0.1233305838946672
bias_mr: 0.08343754672032
rmse_mr: 0.10612104005829674
coverage: 0.8620689655172413
