Experiment: expname : nonparametric_experiment, data : uniform, n_samples : 500, mediator_dimension : 1, covariate_dimension : 1, alpha : 0.0, beta : 0.0, stochasticity : 1, gamma : 0.3, noise : uniform, 
Running with estimator : kme_dml, regularization : True, sample_splits : 1, reg_lambda : 0.001, reg_lambda_tilde : 0.001, kernel : linear, density : gaussian, bandwidth : 0.3, bandwidth_mode : heuristic, epsilon : 0.1, normalized : True, random_seed : 11, 
bias_direct: 0.02762472075359852
rmse_direct: 0.033930502562467185
bias_indirect: 0.028869126667212378
rmse_indirect: 0.036082865422255216
bias_total: 0.04156306219328825
rmse_total: 0.051100028325313206
bias_mr: 0.05812228311692028
rmse_mr: 0.06954785791143527
coverage: 1.0
