Experiment: expname : nonparametric_experiment, data : uniform, n_samples : 5000, mediator_dimension : 1, covariate_dimension : 1, alpha : 0.0, beta : 0.0, stochasticity : 1, gamma : 0.3, noise : uniform, 
Running with estimator : kme_dml, regularization : True, sample_splits : 1, reg_lambda : 0.001, reg_lambda_tilde : 0.001, kernel : gauss, density : gaussian, bandwidth : 0.3, bandwidth_mode : heuristic, epsilon : 0.1, normalized : True, random_seed : 69, 
bias_direct: 0.04723031672553
rmse_direct: 0.06757542934254536
bias_indirect: 0.020701709688459937
rmse_indirect: 0.02524146473181829
bias_total: 0.05205071640563355
rmse_total: 0.06118184341592947
bias_mr: 0.04633979544588414
rmse_mr: 0.04906703324953632
coverage: 1.0
