Experiment: expname : nonparametric_experiment, data : uniform, n_samples : 1000, mediator_dimension : 1, covariate_dimension : 1, alpha : 0.0, beta : 0.0, stochasticity : 1, gamma : 0.3, noise : uniform, 
Running with estimator : kme_dml, regularization : True, sample_splits : 1, reg_lambda : 0.001, reg_lambda_tilde : 0.001, kernel : linear, density : gaussian, bandwidth : 0.3, bandwidth_mode : heuristic, epsilon : 0.1, normalized : True, random_seed : 29, 
bias_direct: 0.04543322943631871
rmse_direct: 0.055818724671790505
bias_indirect: 0.016001989113206664
rmse_indirect: 0.0211443261858517
bias_total: 0.04613481488349909
rmse_total: 0.05391484674561224
bias_mr: 0.04862084214741644
rmse_mr: 0.06258873827529962
coverage: 1.0
