Experiment: expname : baselines_experiment, data : uniform, n_samples : 1000, mediator_dimension : 1, covariate_dimension : 1, alpha : 0.5, beta : 0.25, stochasticity : 1, gamma : 0.3, noise : uniform, 
Running with estimator : kme_dml, regularization : True, sample_splits : 1, reg_lambda : 0.001, reg_lambda_tilde : 0.001, kernel : gauss, density : gaussian, bandwidth : 0.3, bandwidth_mode : heuristic, epsilon : 0.3, normalized : True, random_seed : 4, 
bias_direct: 0.10429935374702516
rmse_direct: 0.11461643793901474
bias_indirect: 0.01692231537233232
rmse_indirect: 0.021499381838675793
bias_total: 0.1159909748307336
rmse_total: 0.12683900662205072
bias_mr: 0.052171480034683825
rmse_mr: 0.06148738957991706
coverage: 1.0
