Experiment: expname : baselines_experiment, data : uniform, n_samples : 5000, mediator_dimension : 1, covariate_dimension : 1, alpha : 0.5, beta : 0.25, stochasticity : 1, gamma : 0.3, noise : uniform, 
Running with estimator : kme_g_computation, regularization : True, sample_splits : 1, reg_lambda : 0.001, reg_lambda_tilde : 0.001, kernel : gauss, density : gaussian, bandwidth : 0.3, bandwidth_mode : heuristic, epsilon : 0.3, normalized : True, random_seed : 91, 
bias_direct: 0.37780661027792284
rmse_direct: 0.49137174003893447
bias_indirect: 0.4377464255496673
rmse_indirect: 0.5541405329443264
bias_total: 0.060433757026212294
rmse_total: 0.07615300196522323
bias_mr: 0.393885697550989
rmse_mr: 0.5159839781036772
coverage: 0.0
