Experiment: expname : nonparametric_experiment, data : uniform, n_samples : 1000, mediator_dimension : 1, covariate_dimension : 1, alpha : 0.0, beta : 0.0, stochasticity : 1, gamma : 0.3, noise : uniform, 
Running with estimator : kme_dml, regularization : True, sample_splits : 1, reg_lambda : 0.001, reg_lambda_tilde : 0.001, kernel : gauss, density : gaussian, bandwidth : 0.3, bandwidth_mode : heuristic, epsilon : 0.1, normalized : True, random_seed : 40, 
bias_direct: 0.06997756688953888
rmse_direct: 0.08344902220189006
bias_indirect: 0.014445198218946787
rmse_indirect: 0.01650800809366836
bias_total: 0.07959863070265077
rmse_total: 0.08949782259976938
bias_mr: 0.07452589310662125
rmse_mr: 0.08251832682377314
coverage: 1.0
