Experiment: expname : baselines_experiment, data : uniform, n_samples : 500, mediator_dimension : 1, covariate_dimension : 1, alpha : 0.5, beta : 0.25, stochasticity : 1, gamma : 0.3, noise : uniform, 
Running with estimator : kme_g_computation, regularization : True, sample_splits : 1, reg_lambda : 0.001, reg_lambda_tilde : 0.001, kernel : gauss, density : gaussian, bandwidth : 0.3, bandwidth_mode : heuristic, epsilon : 0.3, normalized : True, random_seed : 98, 
bias_direct: 0.4429429383688296
rmse_direct: 0.5665524446207806
bias_indirect: 0.4948603168089004
rmse_indirect: 0.6068284793372072
bias_total: 0.057866734647304005
rmse_total: 0.06921060414110625
bias_mr: 0.42462353087311355
rmse_mr: 0.5401273577418046
coverage: 0.0
