Experiment: expname : nonparametric_experiment, data : uniform, n_samples : 5000, mediator_dimension : 1, covariate_dimension : 1, alpha : 0.0, beta : 0.0, stochasticity : 1, gamma : 0.3, noise : uniform, 
Running with estimator : kme_dml, regularization : True, sample_splits : 1, reg_lambda : 0.001, reg_lambda_tilde : 0.001, kernel : gauss, density : gaussian, bandwidth : 0.3, bandwidth_mode : heuristic, epsilon : 0.1, normalized : True, random_seed : 7, 
bias_direct: 0.03725813745767178
rmse_direct: 0.05266953159970456
bias_indirect: 0.018255448103280163
rmse_indirect: 0.024133243283645425
bias_total: 0.04907339180069827
rmse_total: 0.0712744343496476
bias_mr: 0.04453949983666517
rmse_mr: 0.04928510441401324
coverage: 0.9655172413793104
