Experiment: expname : baselines_experiment, data : uniform, n_samples : 1000, mediator_dimension : 1, covariate_dimension : 1, alpha : 0.5, beta : 0.25, stochasticity : 1, gamma : 0.3, noise : uniform, 
Running with estimator : kme_g_computation, regularization : True, sample_splits : 1, reg_lambda : 0.001, reg_lambda_tilde : 0.001, kernel : gauss, density : gaussian, bandwidth : 0.3, bandwidth_mode : heuristic, epsilon : 0.3, normalized : True, random_seed : 73, 
bias_direct: 0.36853872084644024
rmse_direct: 0.4762091585961894
bias_indirect: 0.4185284307456532
rmse_indirect: 0.5358807761415069
bias_total: 0.056955260356500205
rmse_total: 0.08879333604351247
bias_mr: 0.40779748845430297
rmse_mr: 0.5318484327580367
coverage: 0.0
