Experiment: expname : nonparametric_experiment, data : uniform, n_samples : 1000, mediator_dimension : 1, covariate_dimension : 1, alpha : 0.0, beta : 0.0, stochasticity : 1, gamma : 0.3, noise : uniform, 
Running with estimator : kme_dml, regularization : True, sample_splits : 1, reg_lambda : 0.001, reg_lambda_tilde : 0.001, kernel : linear, density : gaussian, bandwidth : 0.3, bandwidth_mode : heuristic, epsilon : 0.1, normalized : True, random_seed : 49, 
bias_direct: 0.053767474163140525
rmse_direct: 0.065562645556462
bias_indirect: 0.01568958172895675
rmse_indirect: 0.022320420860551218
bias_total: 0.04369337961984744
rmse_total: 0.05137206535167713
bias_mr: 0.04224248490274801
rmse_mr: 0.047718934601905745
coverage: 1.0
