Experiment: expname : nonparametric_experiment, data : uniform, n_samples : 1000, mediator_dimension : 1, covariate_dimension : 1, alpha : 0.0, beta : 0.0, stochasticity : 1, gamma : 0.3, noise : uniform, 
Running with estimator : kme_dml, regularization : True, sample_splits : 1, reg_lambda : 0.001, reg_lambda_tilde : 0.001, kernel : gauss, density : gaussian, bandwidth : 0.3, bandwidth_mode : heuristic, epsilon : 0.1, normalized : True, random_seed : 62, 
bias_direct: 0.13884688831724692
rmse_direct: 0.1590230135160586
bias_indirect: 0.006787064786857041
rmse_indirect: 0.008251237402213916
bias_total: 0.13402431323052474
rmse_total: 0.15419852044539495
bias_mr: 0.05322234701632734
rmse_mr: 0.06877733312757778
coverage: 1.0
