Experiment: expname : baselines_experiment, data : uniform, n_samples : 1000, mediator_dimension : 1, covariate_dimension : 1, alpha : 0.5, beta : 0.25, stochasticity : 1, gamma : 0.3, noise : uniform, 
Running with estimator : linear, regularization : True, sample_splits : 1, reg_lambda : 0.001, reg_lambda_tilde : 0.001, kernel : gauss, density : gaussian, bandwidth : 0.3, bandwidth_mode : heuristic, epsilon : 0.3, normalized : True, random_seed : 10, 
bias_direct: 0.28444738853320173
rmse_direct: 0.3265803260389035
bias_indirect: 0.0016840346286241437
rmse_indirect: 0.0019139948793891624
bias_total: 0.28592185440804163
rmse_total: 0.32817360852626526
bias_mr: 0.2659425954767838
rmse_mr: 0.2845122974626495
coverage: 0.0
