Experiment: expname : nonparametric_experiment, data : uniform, n_samples : 5000, mediator_dimension : 1, covariate_dimension : 1, alpha : 0.0, beta : 0.0, stochasticity : 1, gamma : 0.3, noise : uniform, 
Running with estimator : kme_g_computation, regularization : True, sample_splits : 1, reg_lambda : 0.001, reg_lambda_tilde : 0.001, kernel : linear, density : gaussian, bandwidth : 0.3, bandwidth_mode : heuristic, epsilon : 0.1, normalized : True, random_seed : 46, 
bias_direct: 0.16128023852035447
rmse_direct: 0.18323944956374058
bias_indirect: 0.1516005833850925
rmse_indirect: 0.1723021276209038
bias_total: 0.009679655135261951
rmse_total: 0.011056896918894662
bias_mr: 0.16091075636912275
rmse_mr: 0.18316854227263574
coverage: 0.0
