Experiment: expname : nonparametric_experiment, data : uniform, n_samples : 5000, mediator_dimension : 1, covariate_dimension : 1, alpha : 0.0, beta : 0.0, stochasticity : 1, gamma : 0.3, noise : uniform, 
Running with estimator : kme_dml, regularization : True, sample_splits : 1, reg_lambda : 0.001, reg_lambda_tilde : 0.001, kernel : linear, density : conditional_kernel, bandwidth : 0.3, bandwidth_mode : heuristic, epsilon : 0.1, normalized : True, random_seed : 49, 
bias_direct: 0.060599277527247336
rmse_direct: 0.06913630361268648
bias_indirect: 0.016886003902004357
rmse_indirect: 0.025229912233355405
bias_total: 0.07333388761627505
rmse_total: 0.08108551713764349
bias_mr: 0.0461233896645806
rmse_mr: 0.05827057274699034
coverage: 0.8275862068965517
