Experiment: expname : nonparametric_experiment, data : uniform, n_samples : 1000, mediator_dimension : 1, covariate_dimension : 1, alpha : 0.0, beta : 0.0, stochasticity : 1, gamma : 0.3, noise : uniform, 
Running with estimator : kme_dml, regularization : True, sample_splits : 1, reg_lambda : 0.001, reg_lambda_tilde : 0.001, kernel : gauss, density : gaussian, bandwidth : 0.3, bandwidth_mode : heuristic, epsilon : 0.1, normalized : True, random_seed : 64, 
bias_direct: 0.024190225953961152
rmse_direct: 0.03461052398343839
bias_indirect: 0.011170979866318768
rmse_indirect: 0.014879364289063233
bias_total: 0.0217304325505938
rmse_total: 0.028594023897143016
bias_mr: 0.02258973777990931
rmse_mr: 0.025343883415479322
coverage: 1.0
