Experiment: expname : nonparametric_experiment, data : uniform, n_samples : 1000, mediator_dimension : 1, covariate_dimension : 1, alpha : 0.0, beta : 0.0, stochasticity : 1, gamma : 0.3, noise : uniform, 
Running with estimator : ipw, regularization : True, sample_splits : 1, reg_lambda : 0.001, reg_lambda_tilde : 0.001, kernel : gauss, density : conditional_kernel, bandwidth : 0.3, bandwidth_mode : heuristic, epsilon : 0.1, normalized : True, random_seed : 11, 
bias_direct: 0.17271618040566428
rmse_direct: 0.20229602323661686
bias_indirect: 0.035436570400189944
rmse_indirect: 0.04375308392190551
bias_total: 0.16423195804851162
rmse_total: 0.19080660157765406
bias_mr: 0.09409685941135645
rmse_mr: 0.11622661864970017
coverage: 0.0
