Experiment: expname : baselines_experiment, data : uniform, n_samples : 5000, mediator_dimension : 1, covariate_dimension : 1, alpha : 0.5, beta : 0.25, stochasticity : 1, gamma : 0.3, noise : uniform, 
Running with estimator : kme_g_computation, regularization : True, sample_splits : 1, reg_lambda : 0.001, reg_lambda_tilde : 0.001, kernel : gauss, density : gaussian, bandwidth : 0.3, bandwidth_mode : heuristic, epsilon : 0.3, normalized : True, random_seed : 88, 
bias_direct: 0.3770761162164785
rmse_direct: 0.49032118205933123
bias_indirect: 0.413476642338591
rmse_indirect: 0.5345495431134752
bias_total: 0.043920573069902276
rmse_total: 0.06951448689556843
bias_mr: 0.3923264095597984
rmse_mr: 0.5109812363092785
coverage: 0.0
