Experiment: expname : nonparametric_experiment, data : uniform, n_samples : 1000, mediator_dimension : 1, covariate_dimension : 1, alpha : 0.0, beta : 0.0, stochasticity : 1, gamma : 0.3, noise : uniform, 
Running with estimator : kme_g_computation, regularization : True, sample_splits : 1, reg_lambda : 0.001, reg_lambda_tilde : 0.001, kernel : linear, density : conditional_kernel, bandwidth : 0.3, bandwidth_mode : heuristic, epsilon : 0.1, normalized : True, random_seed : 38, 
bias_direct: 0.1613123657684474
rmse_direct: 0.18525828350523382
bias_indirect: 0.13017279420383948
rmse_indirect: 0.14794824449190858
bias_total: 0.031139571564607865
rmse_total: 0.041318122079367796
bias_mr: 0.16250009476238778
rmse_mr: 0.18930131345014645
coverage: 0.0
