Experiment: expname : nonparametric_experiment, data : uniform, n_samples : 1000, mediator_dimension : 1, covariate_dimension : 1, alpha : 0.0, beta : 0.0, stochasticity : 1, gamma : 0.3, noise : uniform, 
Running with estimator : kme_dml, regularization : True, sample_splits : 1, reg_lambda : 0.001, reg_lambda_tilde : 0.001, kernel : linear, density : conditional_kernel, bandwidth : 0.3, bandwidth_mode : heuristic, epsilon : 0.1, normalized : True, random_seed : 67, 
bias_direct: 0.04030605471686583
rmse_direct: 0.05155086175067187
bias_indirect: 0.01973047841551655
rmse_indirect: 0.022589146866192573
bias_total: 0.054288335491107335
rmse_total: 0.0696393222854337
bias_mr: 0.045274471301102855
rmse_mr: 0.05934372576395088
coverage: 1.0
