Experiment: expname : nonparametric_experiment, data : uniform, n_samples : 5000, mediator_dimension : 1, covariate_dimension : 1, alpha : 0.0, beta : 0.0, stochasticity : 1, gamma : 0.3, noise : uniform, 
Running with estimator : kme_dml, regularization : True, sample_splits : 1, reg_lambda : 0.001, reg_lambda_tilde : 0.001, kernel : linear, density : conditional_kernel, bandwidth : 0.3, bandwidth_mode : heuristic, epsilon : 0.1, normalized : True, random_seed : 39, 
bias_direct: 0.04999387179270626
rmse_direct: 0.05613147968203035
bias_indirect: 0.007440755572758284
rmse_indirect: 0.009492051949629918
bias_total: 0.04600587222267398
rmse_total: 0.05264368007935717
bias_mr: 0.022096719161166987
rmse_mr: 0.029061294237682025
coverage: 1.0
