Experiment: expname : nonparametric_experiment, data : uniform, n_samples : 1000, mediator_dimension : 1, covariate_dimension : 1, alpha : 0.0, beta : 0.0, stochasticity : 1, gamma : 0.3, noise : uniform, 
Running with estimator : kme_g_computation, regularization : True, sample_splits : 1, reg_lambda : 0.001, reg_lambda_tilde : 0.001, kernel : linear, density : gaussian, bandwidth : 0.3, bandwidth_mode : heuristic, epsilon : 0.1, normalized : True, random_seed : 69, 
bias_direct: 0.15820914988954748
rmse_direct: 0.18051133223595497
bias_indirect: 0.19465826626035893
rmse_indirect: 0.22123947686765003
bias_total: 0.03644911637081146
rmse_total: 0.04218000522152819
bias_mr: 0.15719037092799415
rmse_mr: 0.18005948958216186
coverage: 0.0
