Experiment: expname : nonparametric_experiment, data : uniform, n_samples : 1000, mediator_dimension : 1, covariate_dimension : 1, alpha : 0.0, beta : 0.0, stochasticity : 1, gamma : 0.3, noise : uniform, 
Running with estimator : kme_dml, regularization : True, sample_splits : 1, reg_lambda : 0.001, reg_lambda_tilde : 0.001, kernel : gauss, density : conditional_kernel, bandwidth : 0.3, bandwidth_mode : heuristic, epsilon : 0.1, normalized : True, random_seed : 21, 
bias_direct: 0.01751618149842281
rmse_direct: 0.021838716867231843
bias_indirect: 0.0329870964367308
rmse_indirect: 0.03754846637798447
bias_total: 0.03129682755416673
rmse_total: 0.03536628345933237
bias_mr: 0.02562235030724768
rmse_mr: 0.03204923902709664
coverage: 1.0
