Experiment: expname : nonparametric_experiment, data : uniform, n_samples : 500, mediator_dimension : 1, covariate_dimension : 1, alpha : 0.0, beta : 0.0, stochasticity : 1, gamma : 0.3, noise : uniform, 
Running with estimator : kme_dml, regularization : True, sample_splits : 1, reg_lambda : 0.001, reg_lambda_tilde : 0.001, kernel : linear, density : conditional_kernel, bandwidth : 0.3, bandwidth_mode : heuristic, epsilon : 0.1, normalized : True, random_seed : 10, 
bias_direct: 0.0950062963254645
rmse_direct: 0.1152688999752497
bias_indirect: 0.010305193517399735
rmse_indirect: 0.012660756324169428
bias_total: 0.09512974944655894
rmse_total: 0.11478748212695404
bias_mr: 0.0752064632352625
rmse_mr: 0.09464322801027064
coverage: 1.0
