Experiment: expname : nonparametric_experiment, data : uniform, n_samples : 500, mediator_dimension : 1, covariate_dimension : 1, alpha : 0.0, beta : 0.0, stochasticity : 1, gamma : 0.3, noise : uniform, 
Running with estimator : kme_dml, regularization : True, sample_splits : 1, reg_lambda : 0.001, reg_lambda_tilde : 0.001, kernel : linear, density : conditional_kernel, bandwidth : 0.3, bandwidth_mode : heuristic, epsilon : 0.1, normalized : True, random_seed : 44, 
bias_direct: 0.055897094414021714
rmse_direct: 0.0721943373501801
bias_indirect: 0.07131758948473381
rmse_indirect: 0.08575955775145228
bias_total: 0.06971889200384057
rmse_total: 0.09827562501594317
bias_mr: 0.08607829038518737
rmse_mr: 0.1058849517200025
coverage: 0.8620689655172413
