Experiment: expname : nonparametric_experiment, data : uniform, n_samples : 1000, mediator_dimension : 1, covariate_dimension : 1, alpha : 0.0, beta : 0.0, stochasticity : 1, gamma : 0.3, noise : uniform, 
Running with estimator : kme_dml, regularization : True, sample_splits : 1, reg_lambda : 0.001, reg_lambda_tilde : 0.001, kernel : gauss, density : gaussian, bandwidth : 0.3, bandwidth_mode : heuristic, epsilon : 0.1, normalized : True, random_seed : 55, 
bias_direct: 0.08191822072128017
rmse_direct: 0.10267727500964065
bias_indirect: 0.01794500734127482
rmse_indirect: 0.022563123034556654
bias_total: 0.07727298266181905
rmse_total: 0.09308815548039362
bias_mr: 0.06636500502131583
rmse_mr: 0.0731427035749695
coverage: 1.0
