Experiment: expname : nonparametric_experiment, data : uniform, n_samples : 1000, mediator_dimension : 1, covariate_dimension : 1, alpha : 0.0, beta : 0.0, stochasticity : 1, gamma : 0.3, noise : uniform, 
Running with estimator : kme_dml, regularization : True, sample_splits : 1, reg_lambda : 0.001, reg_lambda_tilde : 0.001, kernel : gauss, density : gaussian, bandwidth : 0.3, bandwidth_mode : heuristic, epsilon : 0.1, normalized : True, random_seed : 79, 
bias_direct: 0.05716633414876314
rmse_direct: 0.06541393272468224
bias_indirect: 0.016757147961648792
rmse_indirect: 0.019858213524851065
bias_total: 0.07219127896890601
rmse_total: 0.08239734975846305
bias_mr: 0.0446855304234032
rmse_mr: 0.0587322998082367
coverage: 1.0
