Experiment: expname : baselines_experiment, data : uniform, n_samples : 5000, mediator_dimension : 1, covariate_dimension : 1, alpha : 0.5, beta : 0.25, stochasticity : 1, gamma : 0.3, noise : uniform, 
Running with estimator : kme_g_computation, regularization : True, sample_splits : 1, reg_lambda : 0.001, reg_lambda_tilde : 0.001, kernel : gauss, density : gaussian, bandwidth : 0.3, bandwidth_mode : heuristic, epsilon : 0.3, normalized : True, random_seed : 20, 
bias_direct: 0.3886890496072111
rmse_direct: 0.5018791621770337
bias_indirect: 0.43657107093634295
rmse_indirect: 0.5556280489535372
bias_total: 0.047917933435161764
rmse_total: 0.06111348164498776
bias_mr: 0.4020850328698515
rmse_mr: 0.5220666161323244
coverage: 0.0
