Experiment: expname : nonparametric_experiment, data : uniform, n_samples : 1000, mediator_dimension : 1, covariate_dimension : 1, alpha : 0.0, beta : 0.0, stochasticity : 1, gamma : 0.3, noise : uniform, 
Running with estimator : kme_dml, regularization : True, sample_splits : 1, reg_lambda : 0.001, reg_lambda_tilde : 0.001, kernel : linear, density : gaussian, bandwidth : 0.3, bandwidth_mode : heuristic, epsilon : 0.1, normalized : True, random_seed : 77, 
bias_direct: 0.04369063276658007
rmse_direct: 0.053457561675461125
bias_indirect: 0.01888996604048168
rmse_indirect: 0.02363802519770861
bias_total: 0.045266096927128845
rmse_total: 0.054145480638452675
bias_mr: 0.04278648300296797
rmse_mr: 0.056913599392258186
coverage: 1.0
