Experiment: expname : nonparametric_experiment, data : uniform, n_samples : 1000, mediator_dimension : 1, covariate_dimension : 1, alpha : 0.0, beta : 0.0, stochasticity : 1, gamma : 0.3, noise : uniform, 
Running with estimator : kme_g_computation, regularization : True, sample_splits : 1, reg_lambda : 0.001, reg_lambda_tilde : 0.001, kernel : gauss, density : conditional_kernel, bandwidth : 0.3, bandwidth_mode : heuristic, epsilon : 0.1, normalized : True, random_seed : 80, 
bias_direct: 0.18132322078571958
rmse_direct: 0.20043752902155793
bias_indirect: 0.15863966257630344
rmse_indirect: 0.1840056147166868
bias_total: 0.029886677238124618
rmse_total: 0.03196884623446424
bias_mr: 0.1983055155923807
rmse_mr: 0.22292112099993766
coverage: 0.0
