Experiment: expname : nonparametric_experiment, data : uniform, n_samples : 5000, mediator_dimension : 1, covariate_dimension : 1, alpha : 0.0, beta : 0.0, stochasticity : 1, gamma : 0.3, noise : uniform, 
Running with estimator : kme_dml, regularization : True, sample_splits : 1, reg_lambda : 0.001, reg_lambda_tilde : 0.001, kernel : gauss, density : conditional_kernel, bandwidth : 0.3, bandwidth_mode : heuristic, epsilon : 0.1, normalized : True, random_seed : 68, 
bias_direct: 0.05485099892170511
rmse_direct: 0.06219125553372468
bias_indirect: 0.012045770912729938
rmse_indirect: 0.015417852922058233
bias_total: 0.06637741704798115
rmse_total: 0.07468626862574039
bias_mr: 0.030082143724281033
rmse_mr: 0.03573287932561606
coverage: 1.0
