Experiment: expname : nonparametric_experiment, data : uniform, n_samples : 1000, mediator_dimension : 1, covariate_dimension : 1, alpha : 0.0, beta : 0.0, stochasticity : 1, gamma : 0.3, noise : uniform, 
Running with estimator : kme_dml, regularization : True, sample_splits : 1, reg_lambda : 0.001, reg_lambda_tilde : 0.001, kernel : gauss, density : gaussian, bandwidth : 0.3, bandwidth_mode : heuristic, epsilon : 0.1, normalized : True, random_seed : 95, 
bias_direct: 0.0431920498099704
rmse_direct: 0.05337671262065168
bias_indirect: 0.012974076001963666
rmse_indirect: 0.016306730102257857
bias_total: 0.042186485721209
rmse_total: 0.05577849289114375
bias_mr: 0.04661938397917499
rmse_mr: 0.05735725117794777
coverage: 1.0
