Experiment: expname : nonparametric_experiment, data : uniform, n_samples : 500, mediator_dimension : 1, covariate_dimension : 1, alpha : 0.0, beta : 0.0, stochasticity : 1, gamma : 0.3, noise : uniform, 
Running with estimator : kme_g_computation, regularization : True, sample_splits : 1, reg_lambda : 0.001, reg_lambda_tilde : 0.001, kernel : gauss, density : conditional_kernel, bandwidth : 0.3, bandwidth_mode : heuristic, epsilon : 0.1, normalized : True, random_seed : 70, 
bias_direct: 0.16545543458631223
rmse_direct: 0.18503157926500086
bias_indirect: 0.24577402997236722
rmse_indirect: 0.26610125301490634
bias_total: 0.08161102379711584
rmse_total: 0.0891793533677335
bias_mr: 0.18981487314658937
rmse_mr: 0.22536263665581305
coverage: 0.0
