Experiment: expname : nonparametric_experiment, data : uniform, n_samples : 500, mediator_dimension : 1, covariate_dimension : 1, alpha : 0.0, beta : 0.0, stochasticity : 1, gamma : 0.3, noise : uniform, 
Running with estimator : kme_dml, regularization : True, sample_splits : 1, reg_lambda : 0.001, reg_lambda_tilde : 0.001, kernel : gauss, density : gaussian, bandwidth : 0.3, bandwidth_mode : heuristic, epsilon : 0.1, normalized : True, random_seed : 33, 
bias_direct: 0.14501389331758252
rmse_direct: 0.18488176073293766
bias_indirect: 0.018331154115754863
rmse_indirect: 0.021887764053001805
bias_total: 0.12733994967793152
rmse_total: 0.17010211092458735
bias_mr: 0.10965804809854789
rmse_mr: 0.13502951161435156
coverage: 0.9310344827586207
