Experiment: expname : nonparametric_experiment, data : uniform, n_samples : 5000, mediator_dimension : 1, covariate_dimension : 1, alpha : 0.0, beta : 0.0, stochasticity : 1, gamma : 0.3, noise : uniform, 
Running with estimator : ipw, regularization : True, sample_splits : 1, reg_lambda : 0.001, reg_lambda_tilde : 0.001, kernel : gauss, density : conditional_kernel, bandwidth : 0.3, bandwidth_mode : heuristic, epsilon : 0.1, normalized : True, random_seed : 94, 
bias_direct: 0.04434121767602666
rmse_direct: 0.05356706928879752
bias_indirect: 0.02554606526661414
rmse_indirect: 0.02959922849151933
bias_total: 0.043551964423197795
rmse_total: 0.053218142134470355
bias_mr: 0.0585796528851847
rmse_mr: 0.06990037338549762
coverage: 0.0
