Experiment: expname : baselines_experiment, data : uniform, n_samples : 1000, mediator_dimension : 1, covariate_dimension : 1, alpha : 0.5, beta : 0.25, stochasticity : 1, gamma : 0.3, noise : uniform, 
Running with estimator : kme_g_computation, regularization : True, sample_splits : 1, reg_lambda : 0.001, reg_lambda_tilde : 0.001, kernel : gauss, density : gaussian, bandwidth : 0.3, bandwidth_mode : heuristic, epsilon : 0.3, normalized : True, random_seed : 60, 
bias_direct: 0.39480827288311443
rmse_direct: 0.5174856482108351
bias_indirect: 0.5053588805284958
rmse_indirect: 0.6200374360340332
bias_total: 0.11055060764538117
rmse_total: 0.12448819640587484
bias_mr: 0.3941745673210436
rmse_mr: 0.5134731557453815
coverage: 0.0
