Experiment: expname : baselines_experiment, data : uniform, n_samples : 500, mediator_dimension : 1, covariate_dimension : 1, alpha : 0.5, beta : 0.25, stochasticity : 1, gamma : 0.3, noise : uniform, 
Running with estimator : kme_g_computation, regularization : True, sample_splits : 1, reg_lambda : 0.001, reg_lambda_tilde : 0.001, kernel : gauss, density : gaussian, bandwidth : 0.3, bandwidth_mode : heuristic, epsilon : 0.3, normalized : True, random_seed : 83, 
bias_direct: 0.4102601462481797
rmse_direct: 0.5131145982209058
bias_indirect: 0.4151130001115499
rmse_indirect: 0.5343107233501252
bias_total: 0.08179496257650203
rmse_total: 0.09648319723509387
bias_mr: 0.462192442010682
rmse_mr: 0.5878408795312738
coverage: 0.0
