Experiment: expname : baselines_experiment, data : uniform, n_samples : 500, mediator_dimension : 1, covariate_dimension : 1, alpha : 0.5, beta : 0.25, stochasticity : 1, gamma : 0.3, noise : uniform, 
Running with estimator : kme_g_computation, regularization : True, sample_splits : 1, reg_lambda : 0.001, reg_lambda_tilde : 0.001, kernel : gauss, density : gaussian, bandwidth : 0.3, bandwidth_mode : heuristic, epsilon : 0.3, normalized : True, random_seed : 13, 
bias_direct: 0.36472704436318143
rmse_direct: 0.49166369105869945
bias_indirect: 0.4381622469995041
rmse_indirect: 0.5491553905238524
bias_total: 0.08351353048228291
rmse_total: 0.09137145897883048
bias_mr: 0.3322354732790534
rmse_mr: 0.4528678933493519
coverage: 0.0
