Experiment: expname : nonparametric_experiment, data : uniform, n_samples : 500, mediator_dimension : 1, covariate_dimension : 1, alpha : 0.0, beta : 0.0, stochasticity : 1, gamma : 0.3, noise : uniform, 
Running with estimator : kme_dml, regularization : True, sample_splits : 1, reg_lambda : 0.001, reg_lambda_tilde : 0.001, kernel : gauss, density : gaussian, bandwidth : 0.3, bandwidth_mode : heuristic, epsilon : 0.1, normalized : True, random_seed : 54, 
bias_direct: 0.07439686524054867
rmse_direct: 0.09582668948537486
bias_indirect: 0.032705877120364775
rmse_indirect: 0.04596163012823521
bias_total: 0.09348581290810334
rmse_total: 0.11419014533062578
bias_mr: 0.0761144428372568
rmse_mr: 0.08962354810968863
coverage: 1.0
