Experiment: expname : nonparametric_experiment, data : uniform, n_samples : 5000, mediator_dimension : 1, covariate_dimension : 1, alpha : 0.0, beta : 0.0, stochasticity : 1, gamma : 0.3, noise : uniform, 
Running with estimator : ipw, regularization : True, sample_splits : 1, reg_lambda : 0.001, reg_lambda_tilde : 0.001, kernel : linear, density : gaussian, bandwidth : 0.3, bandwidth_mode : heuristic, epsilon : 0.1, normalized : True, random_seed : 93, 
bias_direct: 0.08520649504047736
rmse_direct: 0.11668073192798245
bias_indirect: 0.06982758620689664
rmse_indirect: 0.0793627637866908
bias_total: 0.05662935752659436
rmse_total: 0.07265564701439613
bias_mr: 0.09514758147684015
rmse_mr: 0.11152171700418975
coverage: 0.0
