Experiment: expname : nonparametric_experiment, data : uniform, n_samples : 500, mediator_dimension : 1, covariate_dimension : 1, alpha : 0.0, beta : 0.0, stochasticity : 1, gamma : 0.3, noise : uniform, 
Running with estimator : kme_g_computation, regularization : True, sample_splits : 1, reg_lambda : 0.001, reg_lambda_tilde : 0.001, kernel : gauss, density : conditional_kernel, bandwidth : 0.3, bandwidth_mode : heuristic, epsilon : 0.1, normalized : True, random_seed : 16, 
bias_direct: 0.15981804235672775
rmse_direct: 0.18243633707849724
bias_indirect: 0.14878119905019807
rmse_indirect: 0.1850260864193806
bias_total: 0.05901172271326049
rmse_total: 0.07258142664748542
bias_mr: 0.1733592593557279
rmse_mr: 0.1982981702573498
coverage: 0.0
