Experiment: expname : nonparametric_experiment, data : uniform, n_samples : 500, mediator_dimension : 1, covariate_dimension : 1, alpha : 0.0, beta : 0.0, stochasticity : 1, gamma : 0.3, noise : uniform, 
Running with estimator : kme_dml, regularization : True, sample_splits : 1, reg_lambda : 0.001, reg_lambda_tilde : 0.001, kernel : gauss, density : gaussian, bandwidth : 0.3, bandwidth_mode : heuristic, epsilon : 0.1, normalized : True, random_seed : 76, 
bias_direct: 0.14577721389607626
rmse_direct: 0.164366051214566
bias_indirect: 0.01343474990412415
rmse_indirect: 0.01723507363455747
bias_total: 0.15336552836618225
rmse_total: 0.17516472467769043
bias_mr: 0.16995123153162528
rmse_mr: 0.1936867988208297
coverage: 0.5172413793103449
