Experiment: expname : nonparametric_experiment, data : uniform, n_samples : 1000, mediator_dimension : 1, covariate_dimension : 1, alpha : 0.0, beta : 0.0, stochasticity : 1, gamma : 0.3, noise : uniform, 
Running with estimator : kme_dml, regularization : True, sample_splits : 1, reg_lambda : 0.001, reg_lambda_tilde : 0.001, kernel : gauss, density : gaussian, bandwidth : 0.3, bandwidth_mode : heuristic, epsilon : 0.1, normalized : True, random_seed : 77, 
bias_direct: 0.051157381808967436
rmse_direct: 0.0687404234883512
bias_indirect: 0.024803986506296855
rmse_indirect: 0.03192983970119166
bias_total: 0.044130806045538803
rmse_total: 0.05280694726724353
bias_mr: 0.048651916830217315
rmse_mr: 0.06425280106001538
coverage: 1.0
