Experiment: expname : nonparametric_experiment, data : uniform, n_samples : 5000, mediator_dimension : 1, covariate_dimension : 1, alpha : 0.0, beta : 0.0, stochasticity : 1, gamma : 0.3, noise : uniform, 
Running with estimator : kme_dml, regularization : True, sample_splits : 1, reg_lambda : 0.001, reg_lambda_tilde : 0.001, kernel : linear, density : conditional_kernel, bandwidth : 0.3, bandwidth_mode : heuristic, epsilon : 0.1, normalized : True, random_seed : 97, 
bias_direct: 0.026744254882717217
rmse_direct: 0.03477178987663908
bias_indirect: 0.018017094145760065
rmse_indirect: 0.02104806918886541
bias_total: 0.042532151880448
rmse_total: 0.05268918516389501
bias_mr: 0.034518428049667885
rmse_mr: 0.04165863251545161
coverage: 1.0
