Experiment: expname : nonparametric_experiment, data : uniform, n_samples : 1000, mediator_dimension : 1, covariate_dimension : 1, alpha : 0.0, beta : 0.0, stochasticity : 1, gamma : 0.3, noise : uniform, 
Running with estimator : ipw, regularization : True, sample_splits : 1, reg_lambda : 0.001, reg_lambda_tilde : 0.001, kernel : linear, density : gaussian, bandwidth : 0.3, bandwidth_mode : heuristic, epsilon : 0.1, normalized : True, random_seed : 80, 
bias_direct: 0.0508714299232133
rmse_direct: 0.066106141878252
bias_indirect: 0.06982758620689661
rmse_indirect: 0.07936276378669078
bias_total: 0.06716495412000183
rmse_total: 0.07858874264456918
bias_mr: 0.0646558798428711
rmse_mr: 0.07455972827735917
coverage: 0.0
