Experiment: expname : nonparametric_experiment, data : uniform, n_samples : 5000, mediator_dimension : 1, covariate_dimension : 1, alpha : 0.0, beta : 0.0, stochasticity : 1, gamma : 0.3, noise : uniform, 
Running with estimator : kme_dml, regularization : True, sample_splits : 1, reg_lambda : 0.001, reg_lambda_tilde : 0.001, kernel : linear, density : gaussian, bandwidth : 0.3, bandwidth_mode : heuristic, epsilon : 0.1, normalized : True, random_seed : 82, 
bias_direct: 0.017451579352220588
rmse_direct: 0.02413368057779881
bias_indirect: 0.007456368689803797
rmse_indirect: 0.008648235116230708
bias_total: 0.019630169789211734
rmse_total: 0.024302253918157556
bias_mr: 0.018046616624773127
rmse_mr: 0.02587591239304324
coverage: 1.0
