Experiment: expname : nonparametric_experiment, data : uniform, n_samples : 500, mediator_dimension : 1, covariate_dimension : 1, alpha : 0.0, beta : 0.0, stochasticity : 1, gamma : 0.3, noise : uniform, 
Running with estimator : kme_dml, regularization : True, sample_splits : 1, reg_lambda : 0.001, reg_lambda_tilde : 0.001, kernel : gauss, density : conditional_kernel, bandwidth : 0.3, bandwidth_mode : heuristic, epsilon : 0.1, normalized : True, random_seed : 28, 
bias_direct: 0.09751807351796662
rmse_direct: 0.12763364599553417
bias_indirect: 0.01619846275802459
rmse_indirect: 0.02004481784799896
bias_total: 0.10658648155466159
rmse_total: 0.1426576710113581
bias_mr: 0.09016036481647807
rmse_mr: 0.11721066546456615
coverage: 0.896551724137931
