Experiment: expname : baselines_experiment, data : uniform, n_samples : 5000, mediator_dimension : 1, covariate_dimension : 1, alpha : 0.5, beta : 0.25, stochasticity : 1, gamma : 0.3, noise : uniform, 
Running with estimator : kme_g_computation, regularization : True, sample_splits : 1, reg_lambda : 0.001, reg_lambda_tilde : 0.001, kernel : gauss, density : gaussian, bandwidth : 0.3, bandwidth_mode : heuristic, epsilon : 0.3, normalized : True, random_seed : 38, 
bias_direct: 0.3739050113730837
rmse_direct: 0.49058298254517
bias_indirect: 0.42067607235601456
rmse_indirect: 0.5502889821466675
bias_total: 0.04827979493680941
rmse_total: 0.06322102979463975
bias_mr: 0.3825409603292927
rmse_mr: 0.5042003696836138
coverage: 0.0
