Experiment: expname : baselines_experiment, data : uniform, n_samples : 1000, mediator_dimension : 1, covariate_dimension : 1, alpha : 0.5, beta : 0.25, stochasticity : 1, gamma : 0.3, noise : uniform, 
Running with estimator : kme_g_computation, regularization : True, sample_splits : 1, reg_lambda : 0.001, reg_lambda_tilde : 0.001, kernel : gauss, density : gaussian, bandwidth : 0.3, bandwidth_mode : heuristic, epsilon : 0.3, normalized : True, random_seed : 76, 
bias_direct: 0.3638105136715295
rmse_direct: 0.47357175918364636
bias_indirect: 0.3713971483642426
rmse_indirect: 0.5056027688891991
bias_total: 0.03873325415061561
rmse_total: 0.04772511138728753
bias_mr: 0.4096463511628202
rmse_mr: 0.5261187650725722
coverage: 0.0
