Experiment: expname : nonparametric_experiment, data : uniform, n_samples : 500, mediator_dimension : 1, covariate_dimension : 1, alpha : 0.0, beta : 0.0, stochasticity : 1, gamma : 0.3, noise : uniform, 
Running with estimator : kme_dml, regularization : True, sample_splits : 1, reg_lambda : 0.001, reg_lambda_tilde : 0.001, kernel : gauss, density : gaussian, bandwidth : 0.3, bandwidth_mode : heuristic, epsilon : 0.1, normalized : True, random_seed : 14, 
bias_direct: 0.07283424774581947
rmse_direct: 0.08560018807276405
bias_indirect: 0.036981786019874535
rmse_indirect: 0.043982754106766074
bias_total: 0.08779988430181983
rmse_total: 0.10740985271098114
bias_mr: 0.07367803217074599
rmse_mr: 0.08131924418778368
coverage: 1.0
