Experiment: expname : baselines_experiment, data : uniform, n_samples : 1000, mediator_dimension : 1, covariate_dimension : 1, alpha : 0.5, beta : 0.25, stochasticity : 1, gamma : 0.3, noise : uniform, 
Running with estimator : linear, regularization : True, sample_splits : 1, reg_lambda : 0.001, reg_lambda_tilde : 0.001, kernel : gauss, density : gaussian, bandwidth : 0.3, bandwidth_mode : heuristic, epsilon : 0.3, normalized : True, random_seed : 35, 
bias_direct: 0.3187749970825031
rmse_direct: 0.364475488870343
bias_indirect: 0.001368438746172727
rmse_indirect: 0.0015553033817791502
bias_total: 0.3175768529358541
rmse_total: 0.3631273354869636
bias_mr: 0.30436471888796357
rmse_mr: 0.32428076916908344
coverage: 0.0
