Experiment: expname : baselines_experiment, data : uniform, n_samples : 500, mediator_dimension : 1, covariate_dimension : 1, alpha : 0.5, beta : 0.25, stochasticity : 1, gamma : 0.3, noise : uniform, 
Running with estimator : kme_g_computation, regularization : True, sample_splits : 1, reg_lambda : 0.001, reg_lambda_tilde : 0.001, kernel : gauss, density : gaussian, bandwidth : 0.3, bandwidth_mode : heuristic, epsilon : 0.3, normalized : True, random_seed : 64, 
bias_direct: 0.3783533875903165
rmse_direct: 0.4966141442306757
bias_indirect: 0.5205172143779916
rmse_indirect: 0.6400965039241244
bias_total: 0.14381572873845308
rmse_total: 0.18488758008236994
bias_mr: 0.4131069317149093
rmse_mr: 0.5206456541114851
coverage: 0.0
