Experiment: expname : baselines_experiment, data : uniform, n_samples : 1000, mediator_dimension : 1, covariate_dimension : 1, alpha : 0.5, beta : 0.25, stochasticity : 1, gamma : 0.3, noise : uniform, 
Running with estimator : ipw, regularization : True, sample_splits : 1, reg_lambda : 0.001, reg_lambda_tilde : 0.001, kernel : gauss, density : gaussian, bandwidth : 0.3, bandwidth_mode : heuristic, epsilon : 0.3, normalized : True, random_seed : 55, 
bias_direct: 0.12981885723944978
rmse_direct: 0.18733194436122974
bias_indirect: 0.06982758620689662
rmse_indirect: 0.07936276378669081
bias_total: 0.10998942524073664
rmse_total: 0.1536723606342443
bias_mr: 0.19995229299711068
rmse_mr: 0.22733566533102667
coverage: 0.0
