Experiment: expname : nonparametric_experiment, data : uniform, n_samples : 500, mediator_dimension : 1, covariate_dimension : 1, alpha : 0.0, beta : 0.0, stochasticity : 1, gamma : 0.3, noise : uniform, 
Running with estimator : ipw, regularization : True, sample_splits : 1, reg_lambda : 0.001, reg_lambda_tilde : 0.001, kernel : gauss, density : conditional_kernel, bandwidth : 0.3, bandwidth_mode : heuristic, epsilon : 0.1, normalized : True, random_seed : 42, 
bias_direct: 0.29728723574139276
rmse_direct: 0.3367030872096107
bias_indirect: 0.07333491577999698
rmse_indirect: 0.08113803446874875
bias_total: 0.31260471555203456
rmse_total: 0.35232492966762047
bias_mr: 0.14923965598220887
rmse_mr: 0.18140476551564558
coverage: 0.0
