Experiment: expname : nonparametric_experiment, data : uniform, n_samples : 1000, mediator_dimension : 1, covariate_dimension : 1, alpha : 0.0, beta : 0.0, stochasticity : 1, gamma : 0.3, noise : uniform, 
Running with estimator : kme_dml, regularization : True, sample_splits : 1, reg_lambda : 0.001, reg_lambda_tilde : 0.001, kernel : gauss, density : gaussian, bandwidth : 0.3, bandwidth_mode : heuristic, epsilon : 0.1, normalized : True, random_seed : 16, 
bias_direct: 0.07156039049188992
rmse_direct: 0.08349560994376536
bias_indirect: 0.014740984152546047
rmse_indirect: 0.020253074942004883
bias_total: 0.06557603483697184
rmse_total: 0.08092882535572772
bias_mr: 0.05862440828961752
rmse_mr: 0.06594428052358987
coverage: 1.0
