Experiment: expname : baselines_experiment, data : uniform, n_samples : 500, mediator_dimension : 1, covariate_dimension : 1, alpha : 0.5, beta : 0.25, stochasticity : 1, gamma : 0.3, noise : uniform, 
Running with estimator : linear, regularization : True, sample_splits : 1, reg_lambda : 0.001, reg_lambda_tilde : 0.001, kernel : gauss, density : gaussian, bandwidth : 0.3, bandwidth_mode : heuristic, epsilon : 0.3, normalized : True, random_seed : 69, 
bias_direct: 0.2867859759015563
rmse_direct: 0.32910895182280303
bias_indirect: 0.0025797235615786125
rmse_indirect: 0.0029319929668756516
bias_total: 0.2845272846054186
rmse_total: 0.3266665721253093
bias_mr: 0.2690073880179961
rmse_mr: 0.28802915587307987
coverage: 0.0
