Experiment: expname : nonparametric_experiment, data : uniform, n_samples : 1000, mediator_dimension : 1, covariate_dimension : 1, alpha : 0.0, beta : 0.0, stochasticity : 1, gamma : 0.3, noise : uniform, 
Running with estimator : kme_g_computation, regularization : True, sample_splits : 1, reg_lambda : 0.001, reg_lambda_tilde : 0.001, kernel : linear, density : gaussian, bandwidth : 0.3, bandwidth_mode : heuristic, epsilon : 0.1, normalized : True, random_seed : 8, 
bias_direct: 0.15094146764921915
rmse_direct: 0.1714633458074673
bias_indirect: 0.13045825664820354
rmse_indirect: 0.1482727576757956
bias_total: 0.020483211001015612
rmse_total: 0.023314571686733846
bias_mr: 0.1508872709833206
rmse_mr: 0.17149870171728526
coverage: 0.0
