Experiment: expname : nonparametric_experiment, data : uniform, n_samples : 5000, mediator_dimension : 1, covariate_dimension : 1, alpha : 0.0, beta : 0.0, stochasticity : 1, gamma : 0.3, noise : uniform, 
Running with estimator : kme_dml, regularization : True, sample_splits : 1, reg_lambda : 0.001, reg_lambda_tilde : 0.001, kernel : gauss, density : gaussian, bandwidth : 0.3, bandwidth_mode : heuristic, epsilon : 0.1, normalized : True, random_seed : 22, 
bias_direct: 0.04284923142585721
rmse_direct: 0.0496159723082887
bias_indirect: 0.007616680725613
rmse_indirect: 0.009908873067730072
bias_total: 0.04728135944450553
rmse_total: 0.05338938622143738
bias_mr: 0.027717912224824618
rmse_mr: 0.036217355840216826
coverage: 1.0
