Experiment: expname : nonparametric_experiment, data : uniform, n_samples : 500, mediator_dimension : 1, covariate_dimension : 1, alpha : 0.0, beta : 0.0, stochasticity : 1, gamma : 0.3, noise : uniform, 
Running with estimator : kme_dml, regularization : True, sample_splits : 1, reg_lambda : 0.001, reg_lambda_tilde : 0.001, kernel : linear, density : gaussian, bandwidth : 0.3, bandwidth_mode : heuristic, epsilon : 0.1, normalized : True, random_seed : 69, 
bias_direct: 0.03654004730379949
rmse_direct: 0.04593616906210551
bias_indirect: 0.010955913693638457
rmse_indirect: 0.01680155884609122
bias_total: 0.038204041597271046
rmse_total: 0.04746970357819544
bias_mr: 0.03397750438422626
rmse_mr: 0.04190802242453981
coverage: 1.0
