Experiment: expname : baselines_experiment, data : uniform, n_samples : 500, mediator_dimension : 1, covariate_dimension : 1, alpha : 0.5, beta : 0.25, stochasticity : 1, gamma : 0.3, noise : uniform, 
Running with estimator : linear, regularization : True, sample_splits : 1, reg_lambda : 0.001, reg_lambda_tilde : 0.001, kernel : gauss, density : gaussian, bandwidth : 0.3, bandwidth_mode : heuristic, epsilon : 0.3, normalized : True, random_seed : 82, 
bias_direct: 0.3727809667732437
rmse_direct: 0.42127473877914406
bias_indirect: 0.03062277370710542
rmse_indirect: 0.034804410237085644
bias_total: 0.3421581930661382
rmse_total: 0.3901503745785461
bias_mr: 0.36183331820504994
rmse_mr: 0.38476011234406204
coverage: 0.0
