Experiment: expname : baselines_experiment, data : uniform, n_samples : 1000, mediator_dimension : 1, covariate_dimension : 1, alpha : 0.5, beta : 0.25, stochasticity : 1, gamma : 0.3, noise : uniform, 
Running with estimator : kme_dml, regularization : True, sample_splits : 1, reg_lambda : 0.001, reg_lambda_tilde : 0.001, kernel : gauss, density : gaussian, bandwidth : 0.3, bandwidth_mode : heuristic, epsilon : 0.3, normalized : True, random_seed : 36, 
bias_direct: 0.046640989662695365
rmse_direct: 0.06504671077202268
bias_indirect: 0.053386711419298655
rmse_indirect: 0.06240985407545277
bias_total: 0.06489603735884633
rmse_total: 0.07700164838465935
bias_mr: 0.13595239159385725
rmse_mr: 0.18242030692554947
coverage: 0.7241379310344828
