Experiment: expname : nonparametric_experiment, data : uniform, n_samples : 5000, mediator_dimension : 1, covariate_dimension : 1, alpha : 0.0, beta : 0.0, stochasticity : 1, gamma : 0.3, noise : uniform, 
Running with estimator : kme_g_computation, regularization : True, sample_splits : 1, reg_lambda : 0.001, reg_lambda_tilde : 0.001, kernel : linear, density : gaussian, bandwidth : 0.3, bandwidth_mode : heuristic, epsilon : 0.1, normalized : True, random_seed : 0, 
bias_direct: 0.16258325692033074
rmse_direct: 0.1848275824146866
bias_indirect: 0.16350096685941182
rmse_indirect: 0.18582755582888827
bias_total: 0.0009325540623364936
rmse_total: 0.0013792973381948725
bias_mr: 0.16231812351342517
rmse_mr: 0.1861334012193687
coverage: 0.0
