Experiment: expname : nonparametric_experiment, data : uniform, n_samples : 5000, mediator_dimension : 1, covariate_dimension : 1, alpha : 0.0, beta : 0.0, stochasticity : 1, gamma : 0.3, noise : uniform, 
Running with estimator : kme_dml, regularization : True, sample_splits : 1, reg_lambda : 0.001, reg_lambda_tilde : 0.001, kernel : linear, density : conditional_kernel, bandwidth : 0.3, bandwidth_mode : heuristic, epsilon : 0.1, normalized : True, random_seed : 41, 
bias_direct: 0.05506046027862635
rmse_direct: 0.06511891159559101
bias_indirect: 0.006655368909628221
rmse_indirect: 0.0074653181442838334
bias_total: 0.05624704602320238
rmse_total: 0.06698574900040452
bias_mr: 0.03242870826085835
rmse_mr: 0.03818939237129924
coverage: 0.9655172413793104
