Experiment: expname : baselines_experiment, data : uniform, n_samples : 5000, mediator_dimension : 1, covariate_dimension : 1, alpha : 0.5, beta : 0.25, stochasticity : 1, gamma : 0.3, noise : uniform, 
Running with estimator : kme_g_computation, regularization : True, sample_splits : 1, reg_lambda : 0.001, reg_lambda_tilde : 0.001, kernel : gauss, density : gaussian, bandwidth : 0.3, bandwidth_mode : heuristic, epsilon : 0.3, normalized : True, random_seed : 34, 
bias_direct: 0.37973114213631726
rmse_direct: 0.4919450905122684
bias_indirect: 0.40884448904588655
rmse_indirect: 0.5327245867551968
bias_total: 0.04559244260273509
rmse_total: 0.07457154785266726
bias_mr: 0.39794746720620294
rmse_mr: 0.5143234684239745
coverage: 0.0
