Experiment: expname : baselines_experiment, data : uniform, n_samples : 1000, mediator_dimension : 1, covariate_dimension : 1, alpha : 0.5, beta : 0.25, stochasticity : 1, gamma : 0.3, noise : uniform, 
Running with estimator : ipw, regularization : True, sample_splits : 1, reg_lambda : 0.001, reg_lambda_tilde : 0.001, kernel : gauss, density : gaussian, bandwidth : 0.3, bandwidth_mode : heuristic, epsilon : 0.3, normalized : True, random_seed : 20, 
bias_direct: 0.18301724794824695
rmse_direct: 0.2157160541635395
bias_indirect: 0.0698275862068966
rmse_indirect: 0.07936276378669077
bias_total: 0.15564511239312562
rmse_total: 0.177949856522192
bias_mr: 0.14963818886907976
rmse_mr: 0.18837418198357023
coverage: 0.0
