Experiment: expname : nonparametric_experiment, data : uniform, n_samples : 5000, mediator_dimension : 1, covariate_dimension : 1, alpha : 0.0, beta : 0.0, stochasticity : 1, gamma : 0.3, noise : uniform, 
Running with estimator : kme_g_computation, regularization : True, sample_splits : 1, reg_lambda : 0.001, reg_lambda_tilde : 0.001, kernel : gauss, density : conditional_kernel, bandwidth : 0.3, bandwidth_mode : heuristic, epsilon : 0.1, normalized : True, random_seed : 16, 
bias_direct: 0.1659612493438298
rmse_direct: 0.18847479766089045
bias_indirect: 0.1662689014214349
rmse_indirect: 0.19446350834167703
bias_total: 0.02184297371902147
rmse_total: 0.027344064850284188
bias_mr: 0.17232698644183872
rmse_mr: 0.19973485978912692
coverage: 0.0
