Experiment: expname : nonparametric_experiment, data : uniform, n_samples : 1000, mediator_dimension : 1, covariate_dimension : 1, alpha : 0.0, beta : 0.0, stochasticity : 1, gamma : 0.3, noise : uniform, 
Running with estimator : kme_dml, regularization : True, sample_splits : 1, reg_lambda : 0.001, reg_lambda_tilde : 0.001, kernel : gauss, density : gaussian, bandwidth : 0.3, bandwidth_mode : heuristic, epsilon : 0.1, normalized : True, random_seed : 59, 
bias_direct: 0.04141497946699136
rmse_direct: 0.05025888162874885
bias_indirect: 0.015748650470627262
rmse_indirect: 0.02360033268300431
bias_total: 0.02908163466203881
rmse_total: 0.04284103256559719
bias_mr: 0.03614896309784648
rmse_mr: 0.041999790150926586
coverage: 1.0
