Experiment: expname : nonparametric_experiment, data : uniform, n_samples : 5000, mediator_dimension : 1, covariate_dimension : 1, alpha : 0.0, beta : 0.0, stochasticity : 1, gamma : 0.3, noise : uniform, 
Running with estimator : kme_dml, regularization : True, sample_splits : 1, reg_lambda : 0.001, reg_lambda_tilde : 0.001, kernel : linear, density : gaussian, bandwidth : 0.3, bandwidth_mode : heuristic, epsilon : 0.1, normalized : True, random_seed : 29, 
bias_direct: 0.023332081324769847
rmse_direct: 0.03157451685696273
bias_indirect: 0.011549701353181195
rmse_indirect: 0.012619793388295084
bias_total: 0.024518058274220354
rmse_total: 0.028094280138335478
bias_mr: 0.020489808546700638
rmse_mr: 0.0244182981293174
coverage: 1.0
