Experiment: expname : nonparametric_experiment, data : uniform, n_samples : 5000, mediator_dimension : 1, covariate_dimension : 1, alpha : 0.0, beta : 0.0, stochasticity : 1, gamma : 0.3, noise : uniform, 
Running with estimator : ipw, regularization : True, sample_splits : 1, reg_lambda : 0.001, reg_lambda_tilde : 0.001, kernel : linear, density : conditional_kernel, bandwidth : 0.3, bandwidth_mode : heuristic, epsilon : 0.1, normalized : True, random_seed : 59, 
bias_direct: 0.05634896513261461
rmse_direct: 0.06646828884628876
bias_indirect: 0.021377884693976338
rmse_indirect: 0.026125883920154996
bias_total: 0.05041439816474905
rmse_total: 0.06245708641611988
bias_mr: 0.061216829872842216
rmse_mr: 0.06929234113578223
coverage: 0.0
