Experiment: expname : nonparametric_experiment, data : uniform, n_samples : 500, mediator_dimension : 1, covariate_dimension : 1, alpha : 0.0, beta : 0.0, stochasticity : 1, gamma : 0.3, noise : uniform, 
Running with estimator : kme_dml, regularization : True, sample_splits : 1, reg_lambda : 0.001, reg_lambda_tilde : 0.001, kernel : linear, density : conditional_kernel, bandwidth : 0.3, bandwidth_mode : heuristic, epsilon : 0.1, normalized : True, random_seed : 4, 
bias_direct: 0.05863162531835463
rmse_direct: 0.06837311715632545
bias_indirect: 0.02107123998424412
rmse_indirect: 0.028779644503214463
bias_total: 0.07686190718665487
rmse_total: 0.09032448113184131
bias_mr: 0.05221440964224364
rmse_mr: 0.0601348301821555
coverage: 1.0
