Experiment: expname : nonparametric_experiment, data : uniform, n_samples : 5000, mediator_dimension : 1, covariate_dimension : 1, alpha : 0.0, beta : 0.0, stochasticity : 1, gamma : 0.3, noise : uniform, 
Running with estimator : kme_dml, regularization : True, sample_splits : 1, reg_lambda : 0.001, reg_lambda_tilde : 0.001, kernel : linear, density : gaussian, bandwidth : 0.3, bandwidth_mode : heuristic, epsilon : 0.1, normalized : True, random_seed : 43, 
bias_direct: 0.055818629826575324
rmse_direct: 0.06258304548337942
bias_indirect: 0.007135322490321042
rmse_indirect: 0.008013563641675384
bias_total: 0.059345280222397115
rmse_total: 0.06812024227127382
bias_mr: 0.04515434086788366
rmse_mr: 0.05438772509111202
coverage: 0.8275862068965517
