Experiment: expname : nonparametric_experiment, data : uniform, n_samples : 5000, mediator_dimension : 1, covariate_dimension : 1, alpha : 0.0, beta : 0.0, stochasticity : 1, gamma : 0.3, noise : uniform, 
Running with estimator : kme_dml, regularization : True, sample_splits : 1, reg_lambda : 0.001, reg_lambda_tilde : 0.001, kernel : linear, density : gaussian, bandwidth : 0.3, bandwidth_mode : heuristic, epsilon : 0.1, normalized : True, random_seed : 91, 
bias_direct: 0.02896027300612213
rmse_direct: 0.04032144033106486
bias_indirect: 0.006629165178216224
rmse_indirect: 0.0075037241100235404
bias_total: 0.02951924935570068
rmse_total: 0.03927558783359849
bias_mr: 0.042374162397380614
rmse_mr: 0.046801335505979716
coverage: 1.0
