Experiment: expname : nonparametric_experiment, data : uniform, n_samples : 5000, mediator_dimension : 1, covariate_dimension : 1, alpha : 0.0, beta : 0.0, stochasticity : 1, gamma : 0.3, noise : uniform, 
Running with estimator : kme_dml, regularization : True, sample_splits : 1, reg_lambda : 0.001, reg_lambda_tilde : 0.001, kernel : gauss, density : gaussian, bandwidth : 0.3, bandwidth_mode : heuristic, epsilon : 0.1, normalized : True, random_seed : 48, 
bias_direct: 0.038645144844511044
rmse_direct: 0.05193548393827026
bias_indirect: 0.007518112891375942
rmse_indirect: 0.010793358944528167
bias_total: 0.04237834405397958
rmse_total: 0.05574338418251007
bias_mr: 0.03479340502875579
rmse_mr: 0.04792752421886983
coverage: 0.8275862068965517
