Experiment: expname : baselines_experiment, data : uniform, n_samples : 1000, mediator_dimension : 1, covariate_dimension : 1, alpha : 0.5, beta : 0.25, stochasticity : 1, gamma : 0.3, noise : uniform, 
Running with estimator : kme_g_computation, regularization : True, sample_splits : 1, reg_lambda : 0.001, reg_lambda_tilde : 0.001, kernel : gauss, density : gaussian, bandwidth : 0.3, bandwidth_mode : heuristic, epsilon : 0.3, normalized : True, random_seed : 20, 
bias_direct: 0.36528287354514766
rmse_direct: 0.475373935774984
bias_indirect: 0.45634648273967515
rmse_indirect: 0.5694918485065874
bias_total: 0.0910636091945275
rmse_total: 0.10367159506386066
bias_mr: 0.3838543478278955
rmse_mr: 0.5028899067494909
coverage: 0.0
