Experiment: expname : nonparametric_experiment, data : uniform, n_samples : 1000, mediator_dimension : 1, covariate_dimension : 1, alpha : 0.0, beta : 0.0, stochasticity : 1, gamma : 0.3, noise : uniform, 
Running with estimator : ipw, regularization : True, sample_splits : 1, reg_lambda : 0.001, reg_lambda_tilde : 0.001, kernel : gauss, density : gaussian, bandwidth : 0.3, bandwidth_mode : heuristic, epsilon : 0.1, normalized : True, random_seed : 69, 
bias_direct: 0.14013918214543766
rmse_direct: 0.1691963172100857
bias_indirect: 0.06982758620689661
rmse_indirect: 0.0793627637866908
bias_total: 0.1039445859231105
rmse_total: 0.11688177854806621
bias_mr: 0.12442103409752131
rmse_mr: 0.15487257798797568
coverage: 0.0
