Experiment: expname : baselines_experiment, data : uniform, n_samples : 500, mediator_dimension : 1, covariate_dimension : 1, alpha : 0.5, beta : 0.25, stochasticity : 1, gamma : 0.3, noise : uniform, 
Running with estimator : kme_g_computation, regularization : True, sample_splits : 1, reg_lambda : 0.001, reg_lambda_tilde : 0.001, kernel : gauss, density : gaussian, bandwidth : 0.3, bandwidth_mode : heuristic, epsilon : 0.3, normalized : True, random_seed : 33, 
bias_direct: 0.4047447713954735
rmse_direct: 0.525069562824383
bias_indirect: 0.4720783719925999
rmse_indirect: 0.6496914553547426
bias_total: 0.13762186642383506
rmse_total: 0.18475878137092439
bias_mr: 0.429824272653257
rmse_mr: 0.5514853826378783
coverage: 0.0
