Experiment: expname : baselines_experiment, data : uniform, n_samples : 5000, mediator_dimension : 1, covariate_dimension : 1, alpha : 0.5, beta : 0.25, stochasticity : 1, gamma : 0.3, noise : uniform, 
Running with estimator : kme_g_computation, regularization : True, sample_splits : 1, reg_lambda : 0.001, reg_lambda_tilde : 0.001, kernel : gauss, density : gaussian, bandwidth : 0.3, bandwidth_mode : heuristic, epsilon : 0.3, normalized : True, random_seed : 76, 
bias_direct: 0.3719467624963518
rmse_direct: 0.48613234211294226
bias_indirect: 0.4383638863985222
rmse_indirect: 0.5628252618167295
bias_total: 0.06641712390217039
rmse_total: 0.09120755954235243
bias_mr: 0.38961472183607576
rmse_mr: 0.5103343227247484
coverage: 0.0
