Experiment: expname : baselines_experiment, data : uniform, n_samples : 5000, mediator_dimension : 1, covariate_dimension : 1, alpha : 0.5, beta : 0.25, stochasticity : 1, gamma : 0.3, noise : uniform, 
Running with estimator : kme_dml, regularization : True, sample_splits : 1, reg_lambda : 0.001, reg_lambda_tilde : 0.001, kernel : gauss, density : gaussian, bandwidth : 0.3, bandwidth_mode : heuristic, epsilon : 0.3, normalized : True, random_seed : 77, 
bias_direct: 0.04892522644762929
rmse_direct: 0.05786903130913972
bias_indirect: 0.02226271556314014
rmse_indirect: 0.026440913699717343
bias_total: 0.035562507295888994
rmse_total: 0.04618244825182889
bias_mr: 0.035717277258894266
rmse_mr: 0.041528706407900455
coverage: 1.0
