Experiment: expname : nonparametric_experiment, data : uniform, n_samples : 500, mediator_dimension : 1, covariate_dimension : 1, alpha : 0.0, beta : 0.0, stochasticity : 1, gamma : 0.3, noise : uniform, 
Running with estimator : kme_dml, regularization : True, sample_splits : 1, reg_lambda : 0.001, reg_lambda_tilde : 0.001, kernel : linear, density : conditional_kernel, bandwidth : 0.3, bandwidth_mode : heuristic, epsilon : 0.1, normalized : True, random_seed : 77, 
bias_direct: 0.06904859099878899
rmse_direct: 0.08397050654493012
bias_indirect: 0.038965695578383044
rmse_indirect: 0.04746832949300726
bias_total: 0.041935673654194025
rmse_total: 0.061786830733519184
bias_mr: 0.047463736176835476
rmse_mr: 0.061167330032624014
coverage: 1.0
