Experiment: expname : nonparametric_experiment, data : uniform, n_samples : 5000, mediator_dimension : 1, covariate_dimension : 1, alpha : 0.0, beta : 0.0, stochasticity : 1, gamma : 0.3, noise : uniform, 
Running with estimator : ipw, regularization : True, sample_splits : 1, reg_lambda : 0.001, reg_lambda_tilde : 0.001, kernel : linear, density : gaussian, bandwidth : 0.3, bandwidth_mode : heuristic, epsilon : 0.1, normalized : True, random_seed : 61, 
bias_direct: 0.09259930415226304
rmse_direct: 0.10345196498679807
bias_indirect: 0.06982758620689662
rmse_indirect: 0.07936276378669081
bias_total: 0.035665952878946375
rmse_total: 0.04579680506055806
bias_mr: 0.09384590471121128
rmse_mr: 0.11053485663263511
coverage: 0.0
