Experiment: expname : nonparametric_experiment, data : uniform, n_samples : 500, mediator_dimension : 1, covariate_dimension : 1, alpha : 0.0, beta : 0.0, stochasticity : 1, gamma : 0.3, noise : uniform, 
Running with estimator : kme_dml, regularization : True, sample_splits : 1, reg_lambda : 0.001, reg_lambda_tilde : 0.001, kernel : gauss, density : gaussian, bandwidth : 0.3, bandwidth_mode : heuristic, epsilon : 0.1, normalized : True, random_seed : 28, 
bias_direct: 0.09484129064305243
rmse_direct: 0.12232523748730303
bias_indirect: 0.02328961179771174
rmse_indirect: 0.029252323391761658
bias_total: 0.10826875344628294
rmse_total: 0.14573650170802124
bias_mr: 0.08877008211849571
rmse_mr: 0.1131649816697662
coverage: 0.9310344827586207
