Experiment: expname : nonparametric_experiment, data : uniform, n_samples : 500, mediator_dimension : 1, covariate_dimension : 1, alpha : 0.0, beta : 0.0, stochasticity : 1, gamma : 0.3, noise : uniform, 
Running with estimator : kme_dml, regularization : True, sample_splits : 1, reg_lambda : 0.001, reg_lambda_tilde : 0.001, kernel : gauss, density : gaussian, bandwidth : 0.3, bandwidth_mode : heuristic, epsilon : 0.1, normalized : True, random_seed : 81, 
bias_direct: 0.06178789294335008
rmse_direct: 0.07599247960514771
bias_indirect: 0.07433949377787841
rmse_indirect: 0.08725977432910709
bias_total: 0.13320228887465269
rmse_total: 0.1565495370709426
bias_mr: 0.061387463856549196
rmse_mr: 0.07986515411162447
coverage: 1.0
