Experiment: expname : nonparametric_experiment, data : uniform, n_samples : 500, mediator_dimension : 1, covariate_dimension : 1, alpha : 0.0, beta : 0.0, stochasticity : 1, gamma : 0.3, noise : uniform, 
Running with estimator : kme_dml, regularization : True, sample_splits : 1, reg_lambda : 0.001, reg_lambda_tilde : 0.001, kernel : gauss, density : conditional_kernel, bandwidth : 0.3, bandwidth_mode : heuristic, epsilon : 0.1, normalized : True, random_seed : 97, 
bias_direct: 0.04838216053387583
rmse_direct: 0.0733287437071319
bias_indirect: 0.012912688792820893
rmse_indirect: 0.020065341503477677
bias_total: 0.0599363128026751
rmse_total: 0.09099829687114276
bias_mr: 0.0652335991913455
rmse_mr: 0.09997066044518864
coverage: 0.9310344827586207
