Experiment: expname : nonparametric_experiment, data : uniform, n_samples : 5000, mediator_dimension : 1, covariate_dimension : 1, alpha : 0.0, beta : 0.0, stochasticity : 1, gamma : 0.3, noise : uniform, 
Running with estimator : kme_g_computation, regularization : True, sample_splits : 1, reg_lambda : 0.001, reg_lambda_tilde : 0.001, kernel : linear, density : gaussian, bandwidth : 0.3, bandwidth_mode : heuristic, epsilon : 0.1, normalized : True, random_seed : 71, 
bias_direct: 0.16376975797834573
rmse_direct: 0.18625892559945212
bias_indirect: 0.14314038740393845
rmse_indirect: 0.162686655318989
bias_total: 0.02062937057440724
rmse_total: 0.02369073869338404
bias_mr: 0.16333396440044978
rmse_mr: 0.1856338315774789
coverage: 0.0
