Experiment: expname : nonparametric_experiment, data : uniform, n_samples : 1000, mediator_dimension : 1, covariate_dimension : 1, alpha : 0.0, beta : 0.0, stochasticity : 1, gamma : 0.3, noise : uniform, 
Running with estimator : kme_dml, regularization : True, sample_splits : 1, reg_lambda : 0.001, reg_lambda_tilde : 0.001, kernel : gauss, density : gaussian, bandwidth : 0.3, bandwidth_mode : heuristic, epsilon : 0.1, normalized : True, random_seed : 20, 
bias_direct: 0.08528723992804298
rmse_direct: 0.09601663766576295
bias_indirect: 0.017165234388301413
rmse_indirect: 0.01960511616662652
bias_total: 0.0983361675390198
rmse_total: 0.11186286464125585
bias_mr: 0.058288930073449687
rmse_mr: 0.0664891381022882
coverage: 1.0
