Experiment: expname : nonparametric_experiment, data : uniform, n_samples : 500, mediator_dimension : 1, covariate_dimension : 1, alpha : 0.0, beta : 0.0, stochasticity : 1, gamma : 0.3, noise : uniform, 
Running with estimator : ipw, regularization : True, sample_splits : 1, reg_lambda : 0.001, reg_lambda_tilde : 0.001, kernel : gauss, density : gaussian, bandwidth : 0.3, bandwidth_mode : heuristic, epsilon : 0.1, normalized : True, random_seed : 51, 
bias_direct: 0.14093082125669534
rmse_direct: 0.15976031476278799
bias_indirect: 0.06982758620689661
rmse_indirect: 0.07936276378669078
bias_total: 0.10670762066254516
rmse_total: 0.12304519447919106
bias_mr: 0.13378511370538232
rmse_mr: 0.16706477538193282
coverage: 0.0
