Experiment: expname : nonparametric_experiment, data : uniform, n_samples : 500, mediator_dimension : 1, covariate_dimension : 1, alpha : 0.0, beta : 0.0, stochasticity : 1, gamma : 0.3, noise : uniform, 
Running with estimator : kme_g_computation, regularization : True, sample_splits : 1, reg_lambda : 0.001, reg_lambda_tilde : 0.001, kernel : gauss, density : gaussian, bandwidth : 0.3, bandwidth_mode : heuristic, epsilon : 0.1, normalized : True, random_seed : 44, 
bias_direct: 0.14171450626597676
rmse_direct: 0.17766312328815076
bias_indirect: 0.23513620058102172
rmse_indirect: 0.2655138995347446
bias_total: 0.10382806070603404
rmse_total: 0.11209759541386835
bias_mr: 0.20584481817331335
rmse_mr: 0.25574267826474256
coverage: 0.0
