Experiment: expname : nonparametric_experiment, data : uniform, n_samples : 500, mediator_dimension : 1, covariate_dimension : 1, alpha : 0.0, beta : 0.0, stochasticity : 1, gamma : 0.3, noise : uniform, 
Running with estimator : ipw, regularization : True, sample_splits : 1, reg_lambda : 0.001, reg_lambda_tilde : 0.001, kernel : linear, density : conditional_kernel, bandwidth : 0.3, bandwidth_mode : heuristic, epsilon : 0.1, normalized : True, random_seed : 97, 
bias_direct: 0.08183554467440488
rmse_direct: 0.11095248910089575
bias_indirect: 0.041251301268653964
rmse_indirect: 0.04975219112254354
bias_total: 0.10800601597016352
rmse_total: 0.14380258665461434
bias_mr: 0.08848340549872455
rmse_mr: 0.1357440341486351
coverage: 0.0
