Experiment: expname : nonparametric_experiment, data : uniform, n_samples : 500, mediator_dimension : 1, covariate_dimension : 1, alpha : 0.0, beta : 0.0, stochasticity : 1, gamma : 0.3, noise : uniform, 
Running with estimator : kme_g_computation, regularization : True, sample_splits : 1, reg_lambda : 0.001, reg_lambda_tilde : 0.001, kernel : linear, density : conditional_kernel, bandwidth : 0.3, bandwidth_mode : heuristic, epsilon : 0.1, normalized : True, random_seed : 81, 
bias_direct: 0.15803980336655285
rmse_direct: 0.17945853185698138
bias_indirect: 0.126402807547173
rmse_indirect: 0.1436635421955692
bias_total: 0.031636995819379884
rmse_total: 0.036298047841692264
bias_mr: 0.16378763832179674
rmse_mr: 0.1926230108374477
coverage: 0.0
