Experiment: expname : baselines_experiment, data : uniform, n_samples : 500, mediator_dimension : 1, covariate_dimension : 1, alpha : 0.5, beta : 0.25, stochasticity : 1, gamma : 0.3, noise : uniform, 
Running with estimator : kme_g_computation, regularization : True, sample_splits : 1, reg_lambda : 0.001, reg_lambda_tilde : 0.001, kernel : gauss, density : gaussian, bandwidth : 0.3, bandwidth_mode : heuristic, epsilon : 0.3, normalized : True, random_seed : 71, 
bias_direct: 0.372077554873537
rmse_direct: 0.49029844374909026
bias_indirect: 0.4141651506702846
rmse_indirect: 0.5558279757949911
bias_total: 0.05912798339728326
rmse_total: 0.0860902268966804
bias_mr: 0.3926376300956002
rmse_mr: 0.5153963595858633
coverage: 0.0
