Experiment: expname : baselines_experiment, data : uniform, n_samples : 1000, mediator_dimension : 1, covariate_dimension : 1, alpha : 0.5, beta : 0.25, stochasticity : 1, gamma : 0.3, noise : uniform, 
Running with estimator : kme_g_computation, regularization : True, sample_splits : 1, reg_lambda : 0.001, reg_lambda_tilde : 0.001, kernel : gauss, density : gaussian, bandwidth : 0.3, bandwidth_mode : heuristic, epsilon : 0.3, normalized : True, random_seed : 95, 
bias_direct: 0.36058135352207976
rmse_direct: 0.4769474539357562
bias_indirect: 0.4119908293756284
rmse_indirect: 0.5325559064591141
bias_total: 0.05140947585354856
rmse_total: 0.06330680731355047
bias_mr: 0.37137299872783247
rmse_mr: 0.492380923669269
coverage: 0.0
