Experiment: expname : nonparametric_experiment, data : uniform, n_samples : 5000, mediator_dimension : 1, covariate_dimension : 1, alpha : 0.0, beta : 0.0, stochasticity : 1, gamma : 0.3, noise : uniform, 
Running with estimator : ipw, regularization : True, sample_splits : 1, reg_lambda : 0.001, reg_lambda_tilde : 0.001, kernel : gauss, density : conditional_kernel, bandwidth : 0.3, bandwidth_mode : heuristic, epsilon : 0.1, normalized : True, random_seed : 24, 
bias_direct: 0.0342026586542055
rmse_direct: 0.04584094314571462
bias_indirect: 0.02294881777072393
rmse_indirect: 0.029969178308272792
bias_total: 0.03442889305291114
rmse_total: 0.047164324815328215
bias_mr: 0.027415992618186204
rmse_mr: 0.03516825160352699
coverage: 0.0
