Experiment: expname : baselines_experiment, data : uniform, n_samples : 1000, mediator_dimension : 1, covariate_dimension : 1, alpha : 0.5, beta : 0.25, stochasticity : 1, gamma : 0.3, noise : uniform, 
Running with estimator : kme_g_computation, regularization : True, sample_splits : 1, reg_lambda : 0.001, reg_lambda_tilde : 0.001, kernel : gauss, density : gaussian, bandwidth : 0.3, bandwidth_mode : heuristic, epsilon : 0.3, normalized : True, random_seed : 46, 
bias_direct: 0.3344043169042871
rmse_direct: 0.4489663856271023
bias_indirect: 0.4844868468704975
rmse_indirect: 0.6137255705421663
bias_total: 0.15008252996621027
rmse_total: 0.1756330549049624
bias_mr: 0.37475644427562166
rmse_mr: 0.5023745997272011
coverage: 0.0
