Experiment: expname : nonparametric_experiment, data : uniform, n_samples : 5000, mediator_dimension : 1, covariate_dimension : 1, alpha : 0.0, beta : 0.0, stochasticity : 1, gamma : 0.3, noise : uniform, 
Running with estimator : kme_dml, regularization : True, sample_splits : 1, reg_lambda : 0.001, reg_lambda_tilde : 0.001, kernel : gauss, density : conditional_kernel, bandwidth : 0.3, bandwidth_mode : heuristic, epsilon : 0.1, normalized : True, random_seed : 27, 
bias_direct: 0.020121938999496894
rmse_direct: 0.02245038927984805
bias_indirect: 0.008572915719555584
rmse_indirect: 0.009886302610222237
bias_total: 0.019289103240391785
rmse_total: 0.02271460661016632
bias_mr: 0.02152434496786634
rmse_mr: 0.025211297223431014
coverage: 1.0
