Experiment: expname : nonparametric_experiment, data : uniform, n_samples : 1000, mediator_dimension : 1, covariate_dimension : 1, alpha : 0.0, beta : 0.0, stochasticity : 1, gamma : 0.3, noise : uniform, 
Running with estimator : kme_dml, regularization : True, sample_splits : 1, reg_lambda : 0.001, reg_lambda_tilde : 0.001, kernel : linear, density : conditional_kernel, bandwidth : 0.3, bandwidth_mode : heuristic, epsilon : 0.1, normalized : True, random_seed : 73, 
bias_direct: 0.06944390271086091
rmse_direct: 0.09135538166894658
bias_indirect: 0.03634520742856387
rmse_indirect: 0.0420558801388091
bias_total: 0.0406008666764657
rmse_total: 0.060907718855276884
bias_mr: 0.04879064776946395
rmse_mr: 0.05715210833230837
coverage: 1.0
