Experiment: expname : nonparametric_experiment, data : uniform, n_samples : 500, mediator_dimension : 1, covariate_dimension : 1, alpha : 0.0, beta : 0.0, stochasticity : 1, gamma : 0.3, noise : uniform, 
Running with estimator : kme_dml, regularization : True, sample_splits : 1, reg_lambda : 0.001, reg_lambda_tilde : 0.001, kernel : gauss, density : conditional_kernel, bandwidth : 0.3, bandwidth_mode : heuristic, epsilon : 0.1, normalized : True, random_seed : 73, 
bias_direct: 0.10733466253962284
rmse_direct: 0.1319372714920158
bias_indirect: 0.022675603244564607
rmse_indirect: 0.029139487299444617
bias_total: 0.12830222981764566
rmse_total: 0.15412239012621837
bias_mr: 0.0873475114642279
rmse_mr: 0.09995793950139772
coverage: 1.0
