Experiment: expname : nonparametric_experiment, data : uniform, n_samples : 1000, mediator_dimension : 1, covariate_dimension : 1, alpha : 0.0, beta : 0.0, stochasticity : 1, gamma : 0.3, noise : uniform, 
Running with estimator : kme_dml, regularization : True, sample_splits : 1, reg_lambda : 0.001, reg_lambda_tilde : 0.001, kernel : gauss, density : gaussian, bandwidth : 0.3, bandwidth_mode : heuristic, epsilon : 0.1, normalized : True, random_seed : 56, 
bias_direct: 0.11524865308272013
rmse_direct: 0.1372479122262579
bias_indirect: 0.03908402321379211
rmse_indirect: 0.04624129089603076
bias_total: 0.09016237269564074
rmse_total: 0.10133992890479075
bias_mr: 0.10047688973459114
rmse_mr: 0.11567170431337369
coverage: 0.7931034482758621
