Experiment: expname : baselines_experiment, data : uniform, n_samples : 500, mediator_dimension : 1, covariate_dimension : 1, alpha : 0.5, beta : 0.25, stochasticity : 1, gamma : 0.3, noise : uniform, 
Running with estimator : ipw, regularization : True, sample_splits : 1, reg_lambda : 0.001, reg_lambda_tilde : 0.001, kernel : gauss, density : gaussian, bandwidth : 0.3, bandwidth_mode : heuristic, epsilon : 0.3, normalized : True, random_seed : 30, 
bias_direct: 0.21129072825729386
rmse_direct: 0.2534462787249902
bias_indirect: 0.06982758620689661
rmse_indirect: 0.0793627637866908
bias_total: 0.2159459006710869
rmse_total: 0.23387549468373986
bias_mr: 0.22466717068385764
rmse_mr: 0.2767963800651444
coverage: 0.0
