Experiment: expname : nonparametric_experiment, data : uniform, n_samples : 5000, mediator_dimension : 1, covariate_dimension : 1, alpha : 0.0, beta : 0.0, stochasticity : 1, gamma : 0.3, noise : uniform, 
Running with estimator : kme_dml, regularization : True, sample_splits : 1, reg_lambda : 0.001, reg_lambda_tilde : 0.001, kernel : linear, density : conditional_kernel, bandwidth : 0.3, bandwidth_mode : heuristic, epsilon : 0.1, normalized : True, random_seed : 44, 
bias_direct: 0.04283509942980435
rmse_direct: 0.04908212926117063
bias_indirect: 0.007268557710198026
rmse_indirect: 0.00924720513915982
bias_total: 0.044669629644028826
rmse_total: 0.04988048576224519
bias_mr: 0.03918287682548423
rmse_mr: 0.043312227809040746
coverage: 1.0
