Experiment: expname : nonparametric_experiment, data : uniform, n_samples : 5000, mediator_dimension : 1, covariate_dimension : 1, alpha : 0.0, beta : 0.0, stochasticity : 1, gamma : 0.3, noise : uniform, 
Running with estimator : kme_dml, regularization : True, sample_splits : 1, reg_lambda : 0.001, reg_lambda_tilde : 0.001, kernel : gauss, density : conditional_kernel, bandwidth : 0.3, bandwidth_mode : heuristic, epsilon : 0.1, normalized : True, random_seed : 65, 
bias_direct: 0.03689923382002358
rmse_direct: 0.04562809688216701
bias_indirect: 0.009621257254280688
rmse_indirect: 0.01140041574782921
bias_total: 0.04185201003148781
rmse_total: 0.04889700512483737
bias_mr: 0.04109320297074073
rmse_mr: 0.04628668344881696
coverage: 1.0
