Experiment: expname : nonparametric_experiment, data : uniform, n_samples : 1000, mediator_dimension : 1, covariate_dimension : 1, alpha : 0.0, beta : 0.0, stochasticity : 1, gamma : 0.3, noise : uniform, 
Running with estimator : kme_g_computation, regularization : True, sample_splits : 1, reg_lambda : 0.001, reg_lambda_tilde : 0.001, kernel : linear, density : conditional_kernel, bandwidth : 0.3, bandwidth_mode : heuristic, epsilon : 0.1, normalized : True, random_seed : 5, 
bias_direct: 0.1687993743749262
rmse_direct: 0.1926243415791121
bias_indirect: 0.12080298618586094
rmse_indirect: 0.13729905337287915
bias_total: 0.04799638818906527
rmse_total: 0.05608321454235166
bias_mr: 0.1701886584959241
rmse_mr: 0.19630055414976552
coverage: 0.0
