Experiment: expname : nonparametric_experiment, data : uniform, n_samples : 1000, mediator_dimension : 1, covariate_dimension : 1, alpha : 0.0, beta : 0.0, stochasticity : 1, gamma : 0.3, noise : uniform, 
Running with estimator : ipw, regularization : True, sample_splits : 1, reg_lambda : 0.001, reg_lambda_tilde : 0.001, kernel : gauss, density : gaussian, bandwidth : 0.3, bandwidth_mode : heuristic, epsilon : 0.1, normalized : True, random_seed : 20, 
bias_direct: 0.17413142652017688
rmse_direct: 0.20832867211612863
bias_indirect: 0.0698275862068966
rmse_indirect: 0.07936276378669077
bias_total: 0.1610696124981668
rmse_total: 0.18022465239936933
bias_mr: 0.1366906411146725
rmse_mr: 0.1498812321985297
coverage: 0.0
