Experiment: expname : nonparametric_experiment, data : uniform, n_samples : 500, mediator_dimension : 1, covariate_dimension : 1, alpha : 0.0, beta : 0.0, stochasticity : 1, gamma : 0.3, noise : uniform, 
Running with estimator : kme_dml, regularization : True, sample_splits : 1, reg_lambda : 0.001, reg_lambda_tilde : 0.001, kernel : gauss, density : conditional_kernel, bandwidth : 0.3, bandwidth_mode : heuristic, epsilon : 0.1, normalized : True, random_seed : 68, 
bias_direct: 0.13962240409880902
rmse_direct: 0.1962677951930455
bias_indirect: 0.015348710532374112
rmse_indirect: 0.017994893993608853
bias_total: 0.1326980007570297
rmse_total: 0.19434009609497638
bias_mr: 0.12829901798740656
rmse_mr: 0.13679441540409162
coverage: 0.9310344827586207
