Experiment: expname : nonparametric_experiment, data : uniform, n_samples : 500, mediator_dimension : 1, covariate_dimension : 1, alpha : 0.0, beta : 0.0, stochasticity : 1, gamma : 0.3, noise : uniform, 
Running with estimator : kme_dml, regularization : True, sample_splits : 1, reg_lambda : 0.001, reg_lambda_tilde : 0.001, kernel : gauss, density : conditional_kernel, bandwidth : 0.3, bandwidth_mode : heuristic, epsilon : 0.1, normalized : True, random_seed : 49, 
bias_direct: 0.11384012163598198
rmse_direct: 0.12588897537971308
bias_indirect: 0.03457536704963099
rmse_indirect: 0.04564503503407712
bias_total: 0.09285279114252652
rmse_total: 0.11089866951314481
bias_mr: 0.06390626776879348
rmse_mr: 0.08072331517769459
coverage: 1.0
