Experiment: expname : nonparametric_experiment, data : uniform, n_samples : 1000, mediator_dimension : 1, covariate_dimension : 1, alpha : 0.0, beta : 0.0, stochasticity : 1, gamma : 0.3, noise : uniform, 
Running with estimator : kme_dml, regularization : True, sample_splits : 1, reg_lambda : 0.001, reg_lambda_tilde : 0.001, kernel : gauss, density : conditional_kernel, bandwidth : 0.3, bandwidth_mode : heuristic, epsilon : 0.1, normalized : True, random_seed : 31, 
bias_direct: 0.07561149678689957
rmse_direct: 0.09186074640537079
bias_indirect: 0.022956498452870903
rmse_indirect: 0.030989815122021196
bias_total: 0.08282224645598303
rmse_total: 0.09762399739449727
bias_mr: 0.07920906515838098
rmse_mr: 0.09471520370394326
coverage: 1.0
