Experiment: expname : baselines_experiment, data : uniform, n_samples : 5000, mediator_dimension : 1, covariate_dimension : 1, alpha : 0.5, beta : 0.25, stochasticity : 1, gamma : 0.3, noise : uniform, 
Running with estimator : linear, regularization : True, sample_splits : 1, reg_lambda : 0.001, reg_lambda_tilde : 0.001, kernel : gauss, density : gaussian, bandwidth : 0.3, bandwidth_mode : heuristic, epsilon : 0.3, normalized : True, random_seed : 64, 
bias_direct: 0.3071280992193681
rmse_direct: 0.35144293052162
bias_indirect: 0.00098281174687653
rmse_indirect: 0.0011170177969927221
bias_total: 0.30626759293432515
rmse_total: 0.3504866951738314
bias_mr: 0.29139799886768236
rmse_mr: 0.31051414324812254
coverage: 0.0
