Experiment: expname : nonparametric_experiment, data : uniform, n_samples : 500, mediator_dimension : 1, covariate_dimension : 1, alpha : 0.0, beta : 0.0, stochasticity : 1, gamma : 0.3, noise : uniform, 
Running with estimator : kme_g_computation, regularization : True, sample_splits : 1, reg_lambda : 0.001, reg_lambda_tilde : 0.001, kernel : gauss, density : gaussian, bandwidth : 0.3, bandwidth_mode : heuristic, epsilon : 0.1, normalized : True, random_seed : 72, 
bias_direct: 0.14920843108843512
rmse_direct: 0.1800048145485117
bias_indirect: 0.1778028637171299
rmse_indirect: 0.21318252529373266
bias_total: 0.028594432628694797
rmse_total: 0.03994851975886637
bias_mr: 0.1439725194485759
rmse_mr: 0.18142055873564383
coverage: 0.0
