Experiment: expname : nonparametric_experiment, data : uniform, n_samples : 500, mediator_dimension : 1, covariate_dimension : 1, alpha : 0.0, beta : 0.0, stochasticity : 1, gamma : 0.3, noise : uniform, 
Running with estimator : ipw, regularization : True, sample_splits : 1, reg_lambda : 0.001, reg_lambda_tilde : 0.001, kernel : gauss, density : conditional_kernel, bandwidth : 0.3, bandwidth_mode : heuristic, epsilon : 0.1, normalized : True, random_seed : 65, 
bias_direct: 0.11729264266468574
rmse_direct: 0.14464352018249077
bias_indirect: 0.03283617907459103
rmse_indirect: 0.04384033100934662
bias_total: 0.1102024028453112
rmse_total: 0.13742050219339252
bias_mr: 0.13692532116805173
rmse_mr: 0.1737024687755456
coverage: 0.0
