Experiment: expname : nonparametric_experiment, data : uniform, n_samples : 5000, mediator_dimension : 1, covariate_dimension : 1, alpha : 0.0, beta : 0.0, stochasticity : 1, gamma : 0.3, noise : uniform, 
Running with estimator : ipw, regularization : True, sample_splits : 1, reg_lambda : 0.001, reg_lambda_tilde : 0.001, kernel : gauss, density : gaussian, bandwidth : 0.3, bandwidth_mode : heuristic, epsilon : 0.1, normalized : True, random_seed : 40, 
bias_direct: 0.06622402161870161
rmse_direct: 0.07966871511123176
bias_indirect: 0.0698275862068966
rmse_indirect: 0.07936276378669077
bias_total: 0.039198264187252384
rmse_total: 0.046155571414233855
bias_mr: 0.06694266313524207
rmse_mr: 0.07947101207668363
coverage: 0.0
