Experiment: expname : nonparametric_experiment, data : uniform, n_samples : 1000, mediator_dimension : 1, covariate_dimension : 1, alpha : 0.0, beta : 0.0, stochasticity : 1, gamma : 0.3, noise : uniform, 
Running with estimator : kme_dml, regularization : True, sample_splits : 1, reg_lambda : 0.001, reg_lambda_tilde : 0.001, kernel : gauss, density : gaussian, bandwidth : 0.3, bandwidth_mode : heuristic, epsilon : 0.1, normalized : True, random_seed : 82, 
bias_direct: 0.07162993131378378
rmse_direct: 0.08368324477706021
bias_indirect: 0.02622732735507346
rmse_indirect: 0.03997207655315716
bias_total: 0.0971991066741462
rmse_total: 0.11235221535059393
bias_mr: 0.09968064406053224
rmse_mr: 0.10679527098630602
coverage: 0.8620689655172413
