Experiment: expname : nonparametric_experiment, data : uniform, n_samples : 500, mediator_dimension : 1, covariate_dimension : 1, alpha : 0.0, beta : 0.0, stochasticity : 1, gamma : 0.3, noise : uniform, 
Running with estimator : ipw, regularization : True, sample_splits : 1, reg_lambda : 0.001, reg_lambda_tilde : 0.001, kernel : linear, density : gaussian, bandwidth : 0.3, bandwidth_mode : heuristic, epsilon : 0.1, normalized : True, random_seed : 33, 
bias_direct: 0.18956061222074383
rmse_direct: 0.23185123132345384
bias_indirect: 0.0698275862068966
rmse_indirect: 0.07936276378669078
bias_total: 0.13080413559894705
rmse_total: 0.16400717828202144
bias_mr: 0.20714176628673572
rmse_mr: 0.23677680122894676
coverage: 0.0
