Experiment: expname : baselines_experiment, data : uniform, n_samples : 500, mediator_dimension : 1, covariate_dimension : 1, alpha : 0.5, beta : 0.25, stochasticity : 1, gamma : 0.3, noise : uniform, 
Running with estimator : kme_dml, regularization : True, sample_splits : 1, reg_lambda : 0.001, reg_lambda_tilde : 0.001, kernel : gauss, density : gaussian, bandwidth : 0.3, bandwidth_mode : heuristic, epsilon : 0.3, normalized : True, random_seed : 51, 
bias_direct: 0.06085958075046529
rmse_direct: 0.08732268030393779
bias_indirect: 0.034466641264867745
rmse_indirect: 0.047097205944403336
bias_total: 0.05859273678294846
rmse_total: 0.07895770985640843
bias_mr: 0.05880050122534041
rmse_mr: 0.07501829582875462
coverage: 1.0
