Experiment: expname : nonparametric_experiment, data : uniform, n_samples : 500, mediator_dimension : 1, covariate_dimension : 1, alpha : 0.0, beta : 0.0, stochasticity : 1, gamma : 0.3, noise : uniform, 
Running with estimator : kme_g_computation, regularization : True, sample_splits : 1, reg_lambda : 0.001, reg_lambda_tilde : 0.001, kernel : linear, density : conditional_kernel, bandwidth : 0.3, bandwidth_mode : heuristic, epsilon : 0.1, normalized : True, random_seed : 7, 
bias_direct: 0.14729428485638463
rmse_direct: 0.17423487290711628
bias_indirect: 0.18690697113865
rmse_indirect: 0.21242975167322004
bias_total: 0.04866441808643501
rmse_total: 0.07336965453225465
bias_mr: 0.15173535123282872
rmse_mr: 0.17261953268034638
coverage: 0.0
