Experiment: expname : nonparametric_experiment, data : uniform, n_samples : 500, mediator_dimension : 1, covariate_dimension : 1, alpha : 0.0, beta : 0.0, stochasticity : 1, gamma : 0.3, noise : uniform, 
Running with estimator : ipw, regularization : True, sample_splits : 1, reg_lambda : 0.001, reg_lambda_tilde : 0.001, kernel : linear, density : gaussian, bandwidth : 0.3, bandwidth_mode : heuristic, epsilon : 0.1, normalized : True, random_seed : 61, 
bias_direct: 0.10451665061019308
rmse_direct: 0.11223056878355661
bias_indirect: 0.06982758620689661
rmse_indirect: 0.07936276378669077
bias_total: 0.10283177070940613
rmse_total: 0.13025163714046345
bias_mr: 0.04593290548991163
rmse_mr: 0.05692660962376825
coverage: 0.0
