Experiment: expname : baselines_experiment, data : uniform, n_samples : 500, mediator_dimension : 1, covariate_dimension : 1, alpha : 0.5, beta : 0.25, stochasticity : 1, gamma : 0.3, noise : uniform, 
Running with estimator : kme_dml, regularization : True, sample_splits : 1, reg_lambda : 0.001, reg_lambda_tilde : 0.001, kernel : gauss, density : gaussian, bandwidth : 0.3, bandwidth_mode : heuristic, epsilon : 0.3, normalized : True, random_seed : 22, 
bias_direct: 0.07060108863135599
rmse_direct: 0.08543990513906555
bias_indirect: 0.025043287586687127
rmse_indirect: 0.033480681431772276
bias_total: 0.08429092403993742
rmse_total: 0.10570841296407987
bias_mr: 0.08068338807225003
rmse_mr: 0.09883102035880004
coverage: 0.896551724137931
