Experiment: expname : nonparametric_experiment, data : uniform, n_samples : 5000, mediator_dimension : 1, covariate_dimension : 1, alpha : 0.0, beta : 0.0, stochasticity : 1, gamma : 0.3, noise : uniform, 
Running with estimator : kme_dml, regularization : True, sample_splits : 1, reg_lambda : 0.001, reg_lambda_tilde : 0.001, kernel : linear, density : gaussian, bandwidth : 0.3, bandwidth_mode : heuristic, epsilon : 0.1, normalized : True, random_seed : 19, 
bias_direct: 0.03050948273772476
rmse_direct: 0.034267048510840246
bias_indirect: 0.021933159719786256
rmse_indirect: 0.026360854994202713
bias_total: 0.04152126385024447
rmse_total: 0.04977131056934818
bias_mr: 0.03599360049224081
rmse_mr: 0.044401705108810044
coverage: 1.0
