Experiment: expname : nonparametric_experiment, data : uniform, n_samples : 500, mediator_dimension : 1, covariate_dimension : 1, alpha : 0.0, beta : 0.0, stochasticity : 1, gamma : 0.3, noise : uniform, 
Running with estimator : kme_g_computation, regularization : True, sample_splits : 1, reg_lambda : 0.001, reg_lambda_tilde : 0.001, kernel : linear, density : conditional_kernel, bandwidth : 0.3, bandwidth_mode : heuristic, epsilon : 0.1, normalized : True, random_seed : 78, 
bias_direct: 0.17698018793897916
rmse_direct: 0.2017283803733677
bias_indirect: 0.11117914910902084
rmse_indirect: 0.12636107279504474
bias_total: 0.06580103882995834
rmse_total: 0.07569887037995192
bias_mr: 0.1786157399645001
rmse_mr: 0.20773909810671673
coverage: 0.0
