Experiment: expname : nonparametric_experiment, data : uniform, n_samples : 5000, mediator_dimension : 1, covariate_dimension : 1, alpha : 0.0, beta : 0.0, stochasticity : 1, gamma : 0.3, noise : uniform, 
Running with estimator : ipw, regularization : True, sample_splits : 1, reg_lambda : 0.001, reg_lambda_tilde : 0.001, kernel : linear, density : conditional_kernel, bandwidth : 0.3, bandwidth_mode : heuristic, epsilon : 0.1, normalized : True, random_seed : 19, 
bias_direct: 0.060659655923106445
rmse_direct: 0.07146330812411998
bias_indirect: 0.01986287887754584
rmse_indirect: 0.028634160607340076
bias_total: 0.062408489313512734
rmse_total: 0.07556320421046374
bias_mr: 0.06053550273289127
rmse_mr: 0.07422799804860383
coverage: 0.0
