Experiment: expname : nonparametric_experiment, data : uniform, n_samples : 5000, mediator_dimension : 1, covariate_dimension : 1, alpha : 0.0, beta : 0.0, stochasticity : 1, gamma : 0.3, noise : uniform, 
Running with estimator : ipw, regularization : True, sample_splits : 1, reg_lambda : 0.001, reg_lambda_tilde : 0.001, kernel : gauss, density : gaussian, bandwidth : 0.3, bandwidth_mode : heuristic, epsilon : 0.1, normalized : True, random_seed : 23, 
bias_direct: 0.08392049276490651
rmse_direct: 0.10187511266964347
bias_indirect: 0.0698275862068966
rmse_indirect: 0.07936276378669078
bias_total: 0.04346194562198745
rmse_total: 0.05502187371051611
bias_mr: 0.08636759813731146
rmse_mr: 0.1049386595627319
coverage: 0.0
