Experiment: expname : baselines_experiment, data : uniform, n_samples : 5000, mediator_dimension : 1, covariate_dimension : 1, alpha : 0.5, beta : 0.25, stochasticity : 1, gamma : 0.3, noise : uniform, 
Running with estimator : linear, regularization : True, sample_splits : 1, reg_lambda : 0.001, reg_lambda_tilde : 0.001, kernel : gauss, density : gaussian, bandwidth : 0.3, bandwidth_mode : heuristic, epsilon : 0.3, normalized : True, random_seed : 61, 
bias_direct: 0.3283778032626917
rmse_direct: 0.37533847167785317
bias_indirect: 0.001323138951300705
rmse_indirect: 0.0015038177567517927
bias_total: 0.32721932160310846
rmse_total: 0.37402266127286543
bias_mr: 0.3162829961827821
rmse_mr: 0.33643490111704977
coverage: 0.0
