Experiment: expname : nonparametric_experiment, data : uniform, n_samples : 1000, mediator_dimension : 1, covariate_dimension : 1, alpha : 0.0, beta : 0.0, stochasticity : 1, gamma : 0.3, noise : uniform, 
Running with estimator : ipw, regularization : True, sample_splits : 1, reg_lambda : 0.001, reg_lambda_tilde : 0.001, kernel : gauss, density : conditional_kernel, bandwidth : 0.3, bandwidth_mode : heuristic, epsilon : 0.1, normalized : True, random_seed : 7, 
bias_direct: 0.15229155201822722
rmse_direct: 0.18107701622371028
bias_indirect: 0.03154442859570511
rmse_indirect: 0.04020224866473093
bias_total: 0.14302189137061155
rmse_total: 0.17405909450949672
bias_mr: 0.1454784645285145
rmse_mr: 0.16950129620810542
coverage: 0.0
