Experiment: expname : nonparametric_experiment, data : uniform, n_samples : 500, mediator_dimension : 1, covariate_dimension : 1, alpha : 0.0, beta : 0.0, stochasticity : 1, gamma : 0.3, noise : uniform, 
Running with estimator : ipw, regularization : True, sample_splits : 1, reg_lambda : 0.001, reg_lambda_tilde : 0.001, kernel : linear, density : conditional_kernel, bandwidth : 0.3, bandwidth_mode : heuristic, epsilon : 0.1, normalized : True, random_seed : 49, 
bias_direct: 0.2024007807614754
rmse_direct: 0.2327956289666657
bias_indirect: 0.008123588856664038
rmse_indirect: 0.01341984823626364
bias_total: 0.20206301826292694
rmse_total: 0.23160533514885756
bias_mr: 0.14608618679834878
rmse_mr: 0.1612547061226801
coverage: 0.0
