Experiment: expname : nonparametric_experiment, data : uniform, n_samples : 5000, mediator_dimension : 1, covariate_dimension : 1, alpha : 0.0, beta : 0.0, stochasticity : 1, gamma : 0.3, noise : uniform, 
Running with estimator : kme_g_computation, regularization : True, sample_splits : 1, reg_lambda : 0.001, reg_lambda_tilde : 0.001, kernel : linear, density : conditional_kernel, bandwidth : 0.3, bandwidth_mode : heuristic, epsilon : 0.1, normalized : True, random_seed : 53, 
bias_direct: 0.1623754731591514
rmse_direct: 0.18459494730782525
bias_indirect: 0.17472354688183225
rmse_indirect: 0.19858260476906248
bias_total: 0.01234807372268087
rmse_total: 0.014027031939882213
bias_mr: 0.16183285326781718
rmse_mr: 0.1849756110373036
coverage: 0.0
