Experiment: expname : nonparametric_experiment, data : uniform, n_samples : 5000, mediator_dimension : 1, covariate_dimension : 1, alpha : 0.0, beta : 0.0, stochasticity : 1, gamma : 0.3, noise : uniform, 
Running with estimator : kme_g_computation, regularization : True, sample_splits : 1, reg_lambda : 0.001, reg_lambda_tilde : 0.001, kernel : linear, density : conditional_kernel, bandwidth : 0.3, bandwidth_mode : heuristic, epsilon : 0.1, normalized : True, random_seed : 75, 
bias_direct: 0.16034864687242692
rmse_direct: 0.18210860929521006
bias_indirect: 0.1666384911929615
rmse_indirect: 0.18939347635884315
bias_total: 0.006289844320534599
rmse_total: 0.008564451602142456
bias_mr: 0.16117172340957797
rmse_mr: 0.1839975410340076
coverage: 0.0
