Experiment: expname : baselines_experiment, data : uniform, n_samples : 5000, mediator_dimension : 1, covariate_dimension : 1, alpha : 0.5, beta : 0.25, stochasticity : 1, gamma : 0.3, noise : uniform, 
Running with estimator : kme_g_computation, regularization : True, sample_splits : 1, reg_lambda : 0.001, reg_lambda_tilde : 0.001, kernel : gauss, density : gaussian, bandwidth : 0.3, bandwidth_mode : heuristic, epsilon : 0.3, normalized : True, random_seed : 43, 
bias_direct: 0.3779604049204636
rmse_direct: 0.49211200042327796
bias_indirect: 0.40812551968955463
rmse_indirect: 0.5362647052144507
bias_total: 0.03814926812153242
rmse_total: 0.05208367029753725
bias_mr: 0.39387939556262863
rmse_mr: 0.514356517929346
coverage: 0.0
