Experiment: expname : baselines_experiment, data : uniform, n_samples : 500, mediator_dimension : 1, covariate_dimension : 1, alpha : 0.5, beta : 0.25, stochasticity : 1, gamma : 0.3, noise : uniform, 
Running with estimator : kme_dml, regularization : True, sample_splits : 1, reg_lambda : 0.001, reg_lambda_tilde : 0.001, kernel : gauss, density : gaussian, bandwidth : 0.3, bandwidth_mode : heuristic, epsilon : 0.3, normalized : True, random_seed : 19, 
bias_direct: 0.13492813372692797
rmse_direct: 0.1716586463443893
bias_indirect: 0.03822224021102599
rmse_indirect: 0.04313954812585111
bias_total: 0.12161516020517238
rmse_total: 0.14494093390433774
bias_mr: 0.09563773442467131
rmse_mr: 0.112316590162382
coverage: 0.9655172413793104
