Experiment: expname : nonparametric_experiment, data : uniform, n_samples : 1000, mediator_dimension : 1, covariate_dimension : 1, alpha : 0.0, beta : 0.0, stochasticity : 1, gamma : 0.3, noise : uniform, 
Running with estimator : kme_dml, regularization : True, sample_splits : 1, reg_lambda : 0.001, reg_lambda_tilde : 0.001, kernel : gauss, density : gaussian, bandwidth : 0.3, bandwidth_mode : heuristic, epsilon : 0.1, normalized : True, random_seed : 39, 
bias_direct: 0.09168111445955886
rmse_direct: 0.10077886878413157
bias_indirect: 0.01893575375719888
rmse_indirect: 0.03129450036840183
bias_total: 0.08353287840830578
rmse_total: 0.09431684222327973
bias_mr: 0.08195438061535636
rmse_mr: 0.08917914671192678
coverage: 1.0
