Experiment: expname : nonparametric_experiment, data : uniform, n_samples : 5000, mediator_dimension : 1, covariate_dimension : 1, alpha : 0.0, beta : 0.0, stochasticity : 1, gamma : 0.3, noise : uniform, 
Running with estimator : kme_g_computation, regularization : True, sample_splits : 1, reg_lambda : 0.001, reg_lambda_tilde : 0.001, kernel : gauss, density : gaussian, bandwidth : 0.3, bandwidth_mode : heuristic, epsilon : 0.1, normalized : True, random_seed : 95, 
bias_direct: 0.17265436228485428
rmse_direct: 0.19658159170515843
bias_indirect: 0.21128220233424802
rmse_indirect: 0.23400076477965256
bias_total: 0.03862784004939373
rmse_total: 0.0431441348993528
bias_mr: 0.17326767767560805
rmse_mr: 0.19680044569174981
coverage: 0.0
