Experiment: expname : baselines_experiment, data : uniform, n_samples : 500, mediator_dimension : 1, covariate_dimension : 1, alpha : 0.5, beta : 0.25, stochasticity : 1, gamma : 0.3, noise : uniform, 
Running with estimator : kme_g_computation, regularization : True, sample_splits : 1, reg_lambda : 0.001, reg_lambda_tilde : 0.001, kernel : gauss, density : gaussian, bandwidth : 0.3, bandwidth_mode : heuristic, epsilon : 0.3, normalized : True, random_seed : 4, 
bias_direct: 0.3003122670983115
rmse_direct: 0.4006059322363864
bias_indirect: 0.35795835700699996
rmse_indirect: 0.47292654571909226
bias_total: 0.10799790110334051
rmse_total: 0.15415424190944682
bias_mr: 0.38761354918607854
rmse_mr: 0.5107916390423678
coverage: 0.0
