Experiment: expname : nonparametric_experiment, data : uniform, n_samples : 5000, mediator_dimension : 1, covariate_dimension : 1, alpha : 0.0, beta : 0.0, stochasticity : 1, gamma : 0.3, noise : uniform, 
Running with estimator : kme_dml, regularization : True, sample_splits : 1, reg_lambda : 0.001, reg_lambda_tilde : 0.001, kernel : linear, density : conditional_kernel, bandwidth : 0.3, bandwidth_mode : heuristic, epsilon : 0.1, normalized : True, random_seed : 48, 
bias_direct: 0.04317355303518609
rmse_direct: 0.05319095964007448
bias_indirect: 0.009365865781373743
rmse_indirect: 0.011877361997326093
bias_total: 0.04350298774103662
rmse_total: 0.05722820937214909
bias_mr: 0.03720035908634835
rmse_mr: 0.048425154957225186
coverage: 0.8620689655172413
