Experiment: expname : nonparametric_experiment, data : uniform, n_samples : 5000, mediator_dimension : 1, covariate_dimension : 1, alpha : 0.0, beta : 0.0, stochasticity : 1, gamma : 0.3, noise : uniform, 
Running with estimator : kme_dml, regularization : True, sample_splits : 1, reg_lambda : 0.001, reg_lambda_tilde : 0.001, kernel : gauss, density : conditional_kernel, bandwidth : 0.3, bandwidth_mode : heuristic, epsilon : 0.1, normalized : True, random_seed : 60, 
bias_direct: 0.027065624644620687
rmse_direct: 0.033660137920181396
bias_indirect: 0.011444914917932404
rmse_indirect: 0.014008655791197113
bias_total: 0.024397770826502338
rmse_total: 0.02869345157009956
bias_mr: 0.03213682539376182
rmse_mr: 0.043091084090225176
coverage: 0.8620689655172413
