Experiment: expname : baselines_experiment, data : uniform, n_samples : 1000, mediator_dimension : 1, covariate_dimension : 1, alpha : 0.5, beta : 0.25, stochasticity : 1, gamma : 0.3, noise : uniform, 
Running with estimator : ipw, regularization : True, sample_splits : 1, reg_lambda : 0.001, reg_lambda_tilde : 0.001, kernel : gauss, density : gaussian, bandwidth : 0.3, bandwidth_mode : heuristic, epsilon : 0.3, normalized : True, random_seed : 52, 
bias_direct: 0.1544349006100166
rmse_direct: 0.18320381932649552
bias_indirect: 0.06982758620689661
rmse_indirect: 0.07936276378669078
bias_total: 0.11977586119364166
rmse_total: 0.1469385411224935
bias_mr: 0.15627285716203512
rmse_mr: 0.20393989828175274
coverage: 0.0
