Experiment: expname : nonparametric_experiment, data : uniform, n_samples : 500, mediator_dimension : 1, covariate_dimension : 1, alpha : 0.0, beta : 0.0, stochasticity : 1, gamma : 0.3, noise : uniform, 
Running with estimator : kme_dml, regularization : True, sample_splits : 1, reg_lambda : 0.001, reg_lambda_tilde : 0.001, kernel : linear, density : conditional_kernel, bandwidth : 0.3, bandwidth_mode : heuristic, epsilon : 0.1, normalized : True, random_seed : 91, 
bias_direct: 0.0288787793970682
rmse_direct: 0.03845345985457219
bias_indirect: 0.008552773870918861
rmse_indirect: 0.010017705714527047
bias_total: 0.031564531895730163
rmse_total: 0.03864653508986093
bias_mr: 0.06005312827734134
rmse_mr: 0.06477430528611654
coverage: 1.0
