Experiment: expname : nonparametric_experiment, data : uniform, n_samples : 1000, mediator_dimension : 1, covariate_dimension : 1, alpha : 0.0, beta : 0.0, stochasticity : 1, gamma : 0.3, noise : uniform, 
Running with estimator : ipw, regularization : True, sample_splits : 1, reg_lambda : 0.001, reg_lambda_tilde : 0.001, kernel : gauss, density : gaussian, bandwidth : 0.3, bandwidth_mode : heuristic, epsilon : 0.1, normalized : True, random_seed : 5, 
bias_direct: 0.06912718031727162
rmse_direct: 0.08303684821484239
bias_indirect: 0.06982758620689661
rmse_indirect: 0.07936276378669078
bias_total: 0.060439224857810774
rmse_total: 0.08617362006304591
bias_mr: 0.0640711473465949
rmse_mr: 0.07796662844955113
coverage: 0.0
