Experiment: expname : nonparametric_experiment, data : uniform, n_samples : 500, mediator_dimension : 1, covariate_dimension : 1, alpha : 0.0, beta : 0.0, stochasticity : 1, gamma : 0.3, noise : uniform, 
Running with estimator : kme_g_computation, regularization : True, sample_splits : 1, reg_lambda : 0.001, reg_lambda_tilde : 0.001, kernel : gauss, density : conditional_kernel, bandwidth : 0.3, bandwidth_mode : heuristic, epsilon : 0.1, normalized : True, random_seed : 39, 
bias_direct: 0.1509726392377338
rmse_direct: 0.17594689226426571
bias_indirect: 0.1916437492593571
rmse_indirect: 0.226168054894757
bias_total: 0.044858708964560116
rmse_total: 0.07719984032543342
bias_mr: 0.14480241319163464
rmse_mr: 0.16586598231632446
coverage: 0.0
