Experiment: expname : nonparametric_experiment, data : uniform, n_samples : 1000, mediator_dimension : 1, covariate_dimension : 1, alpha : 0.0, beta : 0.0, stochasticity : 1, gamma : 0.3, noise : uniform, 
Running with estimator : kme_dml, regularization : True, sample_splits : 1, reg_lambda : 0.001, reg_lambda_tilde : 0.001, kernel : gauss, density : gaussian, bandwidth : 0.3, bandwidth_mode : heuristic, epsilon : 0.1, normalized : True, random_seed : 70, 
bias_direct: 0.045531011556121964
rmse_direct: 0.054543346023134556
bias_indirect: 0.017112120459492636
rmse_indirect: 0.021950671470310594
bias_total: 0.04216684775831229
rmse_total: 0.057206862904502005
bias_mr: 0.045485987968241125
rmse_mr: 0.05292988436040307
coverage: 1.0
