Experiment: expname : nonparametric_experiment, data : uniform, n_samples : 1000, mediator_dimension : 1, covariate_dimension : 1, alpha : 0.0, beta : 0.0, stochasticity : 1, gamma : 0.3, noise : uniform, 
Running with estimator : ipw, regularization : True, sample_splits : 1, reg_lambda : 0.001, reg_lambda_tilde : 0.001, kernel : linear, density : gaussian, bandwidth : 0.3, bandwidth_mode : heuristic, epsilon : 0.1, normalized : True, random_seed : 82, 
bias_direct: 0.16056904801768734
rmse_direct: 0.20430396973107082
bias_indirect: 0.06982758620689662
rmse_indirect: 0.07936276378669078
bias_total: 0.15316885867350885
rmse_total: 0.18389471015399061
bias_mr: 0.13255373553131972
rmse_mr: 0.15152409040511364
coverage: 0.0
