Experiment: expname : nonparametric_experiment, data : uniform, n_samples : 1000, mediator_dimension : 1, covariate_dimension : 1, alpha : 0.0, beta : 0.0, stochasticity : 1, gamma : 0.3, noise : uniform, 
Running with estimator : ipw, regularization : True, sample_splits : 1, reg_lambda : 0.001, reg_lambda_tilde : 0.001, kernel : linear, density : gaussian, bandwidth : 0.3, bandwidth_mode : heuristic, epsilon : 0.1, normalized : True, random_seed : 42, 
bias_direct: 0.14042008993486194
rmse_direct: 0.1553013181601842
bias_indirect: 0.0698275862068966
rmse_indirect: 0.0793627637866908
bias_total: 0.1287225782963691
rmse_total: 0.13945879380305798
bias_mr: 0.08340255318242092
rmse_mr: 0.10687521240940767
coverage: 0.0
