Experiment: expname : baselines_experiment, data : uniform, n_samples : 1000, mediator_dimension : 1, covariate_dimension : 1, alpha : 0.5, beta : 0.25, stochasticity : 1, gamma : 0.3, noise : uniform, 
Running with estimator : ipw, regularization : True, sample_splits : 1, reg_lambda : 0.001, reg_lambda_tilde : 0.001, kernel : gauss, density : gaussian, bandwidth : 0.3, bandwidth_mode : heuristic, epsilon : 0.3, normalized : True, random_seed : 75, 
bias_direct: 0.20930441309495795
rmse_direct: 0.2290822983958818
bias_indirect: 0.06982758620689661
rmse_indirect: 0.0793627637866908
bias_total: 0.2046492406811648
rmse_total: 0.24592217790680113
bias_mr: 0.09110749316998866
rmse_mr: 0.1119743482988286
coverage: 0.0
