Experiment: expname : nonparametric_experiment, data : uniform, n_samples : 5000, mediator_dimension : 1, covariate_dimension : 1, alpha : 0.0, beta : 0.0, stochasticity : 1, gamma : 0.3, noise : uniform, 
Running with estimator : kme_g_computation, regularization : True, sample_splits : 1, reg_lambda : 0.001, reg_lambda_tilde : 0.001, kernel : linear, density : gaussian, bandwidth : 0.3, bandwidth_mode : heuristic, epsilon : 0.1, normalized : True, random_seed : 90, 
bias_direct: 0.16240996135404479
rmse_direct: 0.1849063222987992
bias_indirect: 0.1747724755761633
rmse_indirect: 0.19863818871275216
bias_total: 0.012362514222118516
rmse_total: 0.01487362848736765
bias_mr: 0.16210428707249702
rmse_mr: 0.18433423933531892
coverage: 0.0
