Experiment: expname : nonparametric_experiment, data : uniform, n_samples : 5000, mediator_dimension : 1, covariate_dimension : 1, alpha : 0.0, beta : 0.0, stochasticity : 1, gamma : 0.3, noise : uniform, 
Running with estimator : kme_g_computation, regularization : True, sample_splits : 1, reg_lambda : 0.001, reg_lambda_tilde : 0.001, kernel : linear, density : conditional_kernel, bandwidth : 0.3, bandwidth_mode : heuristic, epsilon : 0.1, normalized : True, random_seed : 25, 
bias_direct: 0.16420812104792817
rmse_direct: 0.18676386590679508
bias_indirect: 0.16555134181366024
rmse_indirect: 0.18815790311215436
bias_total: 0.002050490150545014
rmse_total: 0.0029994589413163257
bias_mr: 0.16455870508332054
rmse_mr: 0.18802232382261294
coverage: 0.0
