Experiment: expname : baselines_experiment, data : uniform, n_samples : 5000, mediator_dimension : 1, covariate_dimension : 1, alpha : 0.5, beta : 0.25, stochasticity : 1, gamma : 0.3, noise : uniform, 
Running with estimator : linear, regularization : True, sample_splits : 1, reg_lambda : 0.001, reg_lambda_tilde : 0.001, kernel : gauss, density : gaussian, bandwidth : 0.3, bandwidth_mode : heuristic, epsilon : 0.3, normalized : True, random_seed : 7, 
bias_direct: 0.2832890501503555
rmse_direct: 0.3253310705136788
bias_indirect: 0.0030466305722012883
rmse_indirect: 0.0034626576054127
bias_total: 0.2806215558271392
rmse_total: 0.3224624653465318
bias_mr: 0.2644301516647809
rmse_mr: 0.2829475238601193
coverage: 0.0
