Experiment: expname : baselines_experiment, data : uniform, n_samples : 1000, mediator_dimension : 1, covariate_dimension : 1, alpha : 0.5, beta : 0.25, stochasticity : 1, gamma : 0.3, noise : uniform, 
Running with estimator : kme_g_computation, regularization : True, sample_splits : 1, reg_lambda : 0.001, reg_lambda_tilde : 0.001, kernel : gauss, density : gaussian, bandwidth : 0.3, bandwidth_mode : heuristic, epsilon : 0.3, normalized : True, random_seed : 45, 
bias_direct: 0.3210270689488388
rmse_direct: 0.42047894802154057
bias_indirect: 0.36034210926558524
rmse_indirect: 0.46395848175572124
bias_total: 0.0700704833006442
rmse_total: 0.10395950001559856
bias_mr: 0.40012398105254904
rmse_mr: 0.5166494339087472
coverage: 0.0
