Experiment: expname : nonparametric_experiment, data : uniform, n_samples : 500, mediator_dimension : 1, covariate_dimension : 1, alpha : 0.0, beta : 0.0, stochasticity : 1, gamma : 0.3, noise : uniform, 
Running with estimator : kme_dml, regularization : True, sample_splits : 1, reg_lambda : 0.001, reg_lambda_tilde : 0.001, kernel : linear, density : gaussian, bandwidth : 0.3, bandwidth_mode : heuristic, epsilon : 0.1, normalized : True, random_seed : 76, 
bias_direct: 0.1475799682401148
rmse_direct: 0.16737691179826575
bias_indirect: 0.012442786848918934
rmse_indirect: 0.014157239450930205
bias_total: 0.15984538538766668
rmse_total: 0.18088086192074915
bias_mr: 0.14789454656522932
rmse_mr: 0.16878405845191216
coverage: 0.7241379310344828
