Experiment: expname : baselines_experiment, data : uniform, n_samples : 5000, mediator_dimension : 1, covariate_dimension : 1, alpha : 0.5, beta : 0.25, stochasticity : 1, gamma : 0.3, noise : uniform, 
Running with estimator : kme_g_computation, regularization : True, sample_splits : 1, reg_lambda : 0.001, reg_lambda_tilde : 0.001, kernel : gauss, density : gaussian, bandwidth : 0.3, bandwidth_mode : heuristic, epsilon : 0.3, normalized : True, random_seed : 57, 
bias_direct: 0.37089547243879795
rmse_direct: 0.47821479738447065
bias_indirect: 0.40832779832644917
rmse_indirect: 0.534405029504355
bias_total: 0.051665508965318935
rmse_total: 0.08537971509832523
bias_mr: 0.40972497131139685
rmse_mr: 0.5311456421703495
coverage: 0.0
