Experiment: expname : nonparametric_experiment, data : uniform, n_samples : 1000, mediator_dimension : 1, covariate_dimension : 1, alpha : 0.0, beta : 0.0, stochasticity : 1, gamma : 0.3, noise : uniform, 
Running with estimator : kme_dml, regularization : True, sample_splits : 1, reg_lambda : 0.001, reg_lambda_tilde : 0.001, kernel : gauss, density : conditional_kernel, bandwidth : 0.3, bandwidth_mode : heuristic, epsilon : 0.1, normalized : True, random_seed : 98, 
bias_direct: 0.042797715161028566
rmse_direct: 0.055360809637659714
bias_indirect: 0.025069963593802383
rmse_indirect: 0.027518848841178625
bias_total: 0.043514466073993244
rmse_total: 0.052808274035702964
bias_mr: 0.05070750713163426
rmse_mr: 0.05518603906433738
coverage: 1.0
