Experiment: expname : nonparametric_experiment, data : uniform, n_samples : 5000, mediator_dimension : 1, covariate_dimension : 1, alpha : 0.0, beta : 0.0, stochasticity : 1, gamma : 0.3, noise : uniform, 
Running with estimator : kme_dml, regularization : True, sample_splits : 1, reg_lambda : 0.001, reg_lambda_tilde : 0.001, kernel : linear, density : conditional_kernel, bandwidth : 0.3, bandwidth_mode : heuristic, epsilon : 0.1, normalized : True, random_seed : 95, 
bias_direct: 0.045903329126233024
rmse_direct: 0.05168221925441894
bias_indirect: 0.02174029622696126
rmse_indirect: 0.025831975267106653
bias_total: 0.045279086637282084
rmse_total: 0.0484865085069393
bias_mr: 0.04855475390404012
rmse_mr: 0.06001416738933169
coverage: 0.7931034482758621
