Experiment: expname : nonparametric_experiment, data : uniform, n_samples : 5000, mediator_dimension : 1, covariate_dimension : 1, alpha : 0.0, beta : 0.0, stochasticity : 1, gamma : 0.3, noise : uniform, 
Running with estimator : ipw, regularization : True, sample_splits : 1, reg_lambda : 0.001, reg_lambda_tilde : 0.001, kernel : gauss, density : gaussian, bandwidth : 0.3, bandwidth_mode : heuristic, epsilon : 0.1, normalized : True, random_seed : 42, 
bias_direct: 0.09145855295892785
rmse_direct: 0.10327080725756979
bias_indirect: 0.06982758620689662
rmse_indirect: 0.0793627637866908
bias_total: 0.03566785407977278
rmse_total: 0.04237232905693425
bias_mr: 0.09230217059459281
rmse_mr: 0.11197056460371843
coverage: 0.0
