Experiment: expname : nonparametric_experiment, data : uniform, n_samples : 500, mediator_dimension : 1, covariate_dimension : 1, alpha : 0.0, beta : 0.0, stochasticity : 1, gamma : 0.3, noise : uniform, 
Running with estimator : kme_dml, regularization : True, sample_splits : 1, reg_lambda : 0.001, reg_lambda_tilde : 0.001, kernel : linear, density : conditional_kernel, bandwidth : 0.3, bandwidth_mode : heuristic, epsilon : 0.1, normalized : True, random_seed : 70, 
bias_direct: 0.13307112490791057
rmse_direct: 0.15420028661312626
bias_indirect: 0.01316025770493131
rmse_indirect: 0.017609051840287535
bias_total: 0.14166629430955696
rmse_total: 0.1680298381293137
bias_mr: 0.11603895797059928
rmse_mr: 0.1410154838901503
coverage: 0.7931034482758621
