Experiment: expname : nonparametric_experiment, data : uniform, n_samples : 5000, mediator_dimension : 1, covariate_dimension : 1, alpha : 0.0, beta : 0.0, stochasticity : 1, gamma : 0.3, noise : uniform, 
Running with estimator : ipw, regularization : True, sample_splits : 1, reg_lambda : 0.001, reg_lambda_tilde : 0.001, kernel : linear, density : gaussian, bandwidth : 0.3, bandwidth_mode : heuristic, epsilon : 0.1, normalized : True, random_seed : 48, 
bias_direct: 0.11299900349103847
rmse_direct: 0.13996382693501588
bias_indirect: 0.0698275862068966
rmse_indirect: 0.07936276378669077
bias_total: 0.09140256491480293
rmse_total: 0.1100995904388047
bias_mr: 0.09339115032718874
rmse_mr: 0.11656875527521304
coverage: 0.0
