Experiment: expname : baselines_experiment, data : uniform, n_samples : 1000, mediator_dimension : 1, covariate_dimension : 1, alpha : 0.5, beta : 0.25, stochasticity : 1, gamma : 0.3, noise : uniform, 
Running with estimator : linear, regularization : True, sample_splits : 1, reg_lambda : 0.001, reg_lambda_tilde : 0.001, kernel : gauss, density : gaussian, bandwidth : 0.3, bandwidth_mode : heuristic, epsilon : 0.3, normalized : True, random_seed : 3, 
bias_direct: 0.30754428898906555
rmse_direct: 0.351905760173791
bias_indirect: 0.006299074298861817
rmse_indirect: 0.007159232801978351
bias_total: 0.3130594784862913
rmse_total: 0.35805948570720547
bias_mr: 0.2916258993392755
rmse_mr: 0.31100540046074643
coverage: 0.0
