Experiment: expname : nonparametric_experiment, data : uniform, n_samples : 500, mediator_dimension : 1, covariate_dimension : 1, alpha : 0.0, beta : 0.0, stochasticity : 1, gamma : 0.3, noise : uniform, 
Running with estimator : kme_dml, regularization : True, sample_splits : 1, reg_lambda : 0.001, reg_lambda_tilde : 0.001, kernel : linear, density : gaussian, bandwidth : 0.3, bandwidth_mode : heuristic, epsilon : 0.1, normalized : True, random_seed : 75, 
bias_direct: 0.02452909600307374
rmse_direct: 0.028394023889662418
bias_indirect: 0.02281062113629299
rmse_indirect: 0.02680222615447469
bias_total: 0.027465990390934482
rmse_total: 0.033101911494676804
bias_mr: 0.025733410440142507
rmse_mr: 0.030292469021245976
coverage: 1.0
