Experiment: expname : baselines_experiment, data : uniform, n_samples : 500, mediator_dimension : 1, covariate_dimension : 1, alpha : 0.5, beta : 0.25, stochasticity : 1, gamma : 0.3, noise : uniform, 
Running with estimator : ipw, regularization : True, sample_splits : 1, reg_lambda : 0.001, reg_lambda_tilde : 0.001, kernel : gauss, density : gaussian, bandwidth : 0.3, bandwidth_mode : heuristic, epsilon : 0.3, normalized : True, random_seed : 58, 
bias_direct: 0.30393416542975016
rmse_direct: 0.32864060108895804
bias_indirect: 0.06982758620689661
rmse_indirect: 0.07936276378669078
bias_total: 0.2976047271154902
rmse_total: 0.32986647462316215
bias_mr: 0.1286889479568434
rmse_mr: 0.15689364061276506
coverage: 0.0
