Experiment: expname : nonparametric_experiment, data : uniform, n_samples : 1000, mediator_dimension : 1, covariate_dimension : 1, alpha : 0.0, beta : 0.0, stochasticity : 1, gamma : 0.3, noise : uniform, 
Running with estimator : kme_g_computation, regularization : True, sample_splits : 1, reg_lambda : 0.001, reg_lambda_tilde : 0.001, kernel : gauss, density : gaussian, bandwidth : 0.3, bandwidth_mode : heuristic, epsilon : 0.1, normalized : True, random_seed : 38, 
bias_direct: 0.1567638994815661
rmse_direct: 0.1795126259632604
bias_indirect: 0.09671787137304927
rmse_indirect: 0.1306805926226978
bias_total: 0.060046028108516836
rmse_total: 0.06948680970199704
bias_mr: 0.15960469194804422
rmse_mr: 0.1812738974612346
coverage: 0.0
