Experiment: expname : nonparametric_experiment, data : uniform, n_samples : 500, mediator_dimension : 1, covariate_dimension : 1, alpha : 0.0, beta : 0.0, stochasticity : 1, gamma : 0.3, noise : uniform, 
Running with estimator : kme_dml, regularization : True, sample_splits : 1, reg_lambda : 0.001, reg_lambda_tilde : 0.001, kernel : gauss, density : gaussian, bandwidth : 0.3, bandwidth_mode : heuristic, epsilon : 0.1, normalized : True, random_seed : 71, 
bias_direct: 0.050341138895424936
rmse_direct: 0.06363962391474823
bias_indirect: 0.030513168628836306
rmse_indirect: 0.03537593773098516
bias_total: 0.07107456067363986
rmse_total: 0.08036512155655354
bias_mr: 0.05691486552926022
rmse_mr: 0.07130252044641658
coverage: 1.0
