Experiment: expname : nonparametric_experiment, data : uniform, n_samples : 5000, mediator_dimension : 1, covariate_dimension : 1, alpha : 0.0, beta : 0.0, stochasticity : 1, gamma : 0.3, noise : uniform, 
Running with estimator : kme_dml, regularization : True, sample_splits : 1, reg_lambda : 0.001, reg_lambda_tilde : 0.001, kernel : linear, density : gaussian, bandwidth : 0.3, bandwidth_mode : heuristic, epsilon : 0.1, normalized : True, random_seed : 68, 
bias_direct: 0.059713781877199494
rmse_direct: 0.06722128661258077
bias_indirect: 0.009524596828731155
rmse_indirect: 0.012809952904566914
bias_total: 0.06839279755024562
rmse_total: 0.07666363012366886
bias_mr: 0.029832147904211917
rmse_mr: 0.03507583375396084
coverage: 1.0
