Experiment: expname : nonparametric_experiment, data : uniform, n_samples : 1000, mediator_dimension : 1, covariate_dimension : 1, alpha : 0.0, beta : 0.0, stochasticity : 1, gamma : 0.3, noise : uniform, 
Running with estimator : kme_g_computation, regularization : True, sample_splits : 1, reg_lambda : 0.001, reg_lambda_tilde : 0.001, kernel : linear, density : gaussian, bandwidth : 0.3, bandwidth_mode : heuristic, epsilon : 0.1, normalized : True, random_seed : 87, 
bias_direct: 0.16897050300889185
rmse_direct: 0.1918925561179654
bias_indirect: 0.14901384836650844
rmse_indirect: 0.16936215331837867
bias_total: 0.019956654642383376
rmse_total: 0.02497479005901521
bias_mr: 0.1710630197151139
rmse_mr: 0.1963536997837528
coverage: 0.0
