Experiment: expname : nonparametric_experiment, data : uniform, n_samples : 1000, mediator_dimension : 1, covariate_dimension : 1, alpha : 0.0, beta : 0.0, stochasticity : 1, gamma : 0.3, noise : uniform, 
Running with estimator : kme_dml, regularization : True, sample_splits : 1, reg_lambda : 0.001, reg_lambda_tilde : 0.001, kernel : gauss, density : gaussian, bandwidth : 0.3, bandwidth_mode : heuristic, epsilon : 0.1, normalized : True, random_seed : 44, 
bias_direct: 0.05026239344276652
rmse_direct: 0.06123965233457656
bias_indirect: 0.017430393983033882
rmse_indirect: 0.024015360293412672
bias_total: 0.04816705732674003
rmse_total: 0.06132655321209266
bias_mr: 0.05899935443594746
rmse_mr: 0.07186321692880168
coverage: 1.0
