Experiment: expname : nonparametric_experiment, data : uniform, n_samples : 500, mediator_dimension : 1, covariate_dimension : 1, alpha : 0.0, beta : 0.0, stochasticity : 1, gamma : 0.3, noise : uniform, 
Running with estimator : kme_g_computation, regularization : True, sample_splits : 1, reg_lambda : 0.001, reg_lambda_tilde : 0.001, kernel : linear, density : conditional_kernel, bandwidth : 0.3, bandwidth_mode : heuristic, epsilon : 0.1, normalized : True, random_seed : 51, 
bias_direct: 0.1837774962522469
rmse_direct: 0.20871608226655783
bias_indirect: 0.22900989234796632
rmse_indirect: 0.2602819196205576
bias_total: 0.045232396095719454
rmse_total: 0.051840211672390675
bias_mr: 0.18351856248458348
rmse_mr: 0.20961171118673133
coverage: 0.0
