Experiment: expname : nonparametric_experiment, data : uniform, n_samples : 500, mediator_dimension : 1, covariate_dimension : 1, alpha : 0.0, beta : 0.0, stochasticity : 1, gamma : 0.3, noise : uniform, 
Running with estimator : kme_dml, regularization : True, sample_splits : 1, reg_lambda : 0.001, reg_lambda_tilde : 0.001, kernel : gauss, density : gaussian, bandwidth : 0.3, bandwidth_mode : heuristic, epsilon : 0.1, normalized : True, random_seed : 22, 
bias_direct: 0.050332600896223476
rmse_direct: 0.058003382458186745
bias_indirect: 0.022908979517800184
rmse_indirect: 0.02810334112621697
bias_total: 0.05847744157975335
rmse_total: 0.06843879750828795
bias_mr: 0.11286818425814375
rmse_mr: 0.12361335627510812
coverage: 1.0
