Experiment: expname : nonparametric_experiment, data : uniform, n_samples : 1000, mediator_dimension : 1, covariate_dimension : 1, alpha : 0.0, beta : 0.0, stochasticity : 1, gamma : 0.3, noise : uniform, 
Running with estimator : kme_dml, regularization : True, sample_splits : 1, reg_lambda : 0.001, reg_lambda_tilde : 0.001, kernel : gauss, density : gaussian, bandwidth : 0.3, bandwidth_mode : heuristic, epsilon : 0.1, normalized : True, random_seed : 35, 
bias_direct: 0.052737649142716454
rmse_direct: 0.06084995152401491
bias_indirect: 0.026520737780078348
rmse_indirect: 0.03544088522514398
bias_total: 0.03583272190037859
rmse_total: 0.04150725468012141
bias_mr: 0.06287067203554896
rmse_mr: 0.07862293866465417
coverage: 1.0
