Experiment: expname : nonparametric_experiment, data : uniform, n_samples : 1000, mediator_dimension : 1, covariate_dimension : 1, alpha : 0.0, beta : 0.0, stochasticity : 1, gamma : 0.3, noise : uniform, 
Running with estimator : kme_g_computation, regularization : True, sample_splits : 1, reg_lambda : 0.001, reg_lambda_tilde : 0.001, kernel : gauss, density : conditional_kernel, bandwidth : 0.3, bandwidth_mode : heuristic, epsilon : 0.1, normalized : True, random_seed : 35, 
bias_direct: 0.18277119208772413
rmse_direct: 0.20901758054930653
bias_indirect: 0.22970386440427418
rmse_indirect: 0.2632957552765615
bias_total: 0.046932672316550024
rmse_total: 0.05635292120795307
bias_mr: 0.18163783189730273
rmse_mr: 0.2078935698664836
coverage: 0.0
