Experiment: expname : baselines_experiment, data : uniform, n_samples : 5000, mediator_dimension : 1, covariate_dimension : 1, alpha : 0.5, beta : 0.25, stochasticity : 1, gamma : 0.3, noise : uniform, 
Running with estimator : kme_g_computation, regularization : True, sample_splits : 1, reg_lambda : 0.001, reg_lambda_tilde : 0.001, kernel : gauss, density : gaussian, bandwidth : 0.3, bandwidth_mode : heuristic, epsilon : 0.3, normalized : True, random_seed : 66, 
bias_direct: 0.3434225449609013
rmse_direct: 0.4527769084868268
bias_indirect: 0.36579353479519494
rmse_indirect: 0.4870890791736102
bias_total: 0.03345045019328452
rmse_total: 0.043534296411085034
bias_mr: 0.3812221003991548
rmse_mr: 0.5056945971754155
coverage: 0.0
