Experiment: expname : nonparametric_experiment, data : uniform, n_samples : 500, mediator_dimension : 1, covariate_dimension : 1, alpha : 0.0, beta : 0.0, stochasticity : 1, gamma : 0.3, noise : uniform, 
Running with estimator : ipw, regularization : True, sample_splits : 1, reg_lambda : 0.001, reg_lambda_tilde : 0.001, kernel : linear, density : conditional_kernel, bandwidth : 0.3, bandwidth_mode : heuristic, epsilon : 0.1, normalized : True, random_seed : 9, 
bias_direct: 0.12781633961250002
rmse_direct: 0.1590910993832476
bias_indirect: 0.02564164567880288
rmse_indirect: 0.03536428824144811
bias_total: 0.13903303321942678
rmse_total: 0.1744889912910909
bias_mr: 0.08588873175141376
rmse_mr: 0.10384751345402314
coverage: 0.0
