Experiment: expname : baselines_experiment, data : uniform, n_samples : 5000, mediator_dimension : 1, covariate_dimension : 1, alpha : 0.5, beta : 0.25, stochasticity : 1, gamma : 0.3, noise : uniform, 
Running with estimator : linear, regularization : True, sample_splits : 1, reg_lambda : 0.001, reg_lambda_tilde : 0.001, kernel : gauss, density : gaussian, bandwidth : 0.3, bandwidth_mode : heuristic, epsilon : 0.3, normalized : True, random_seed : 46, 
bias_direct: 0.28055439481029887
rmse_direct: 0.32239039141017295
bias_indirect: 0.00023681291891534741
rmse_indirect: 0.00026915047141725935
bias_total: 0.2803470519435152
rmse_total: 0.3221679282478202
bias_mr: 0.26105705127076717
rmse_mr: 0.27966967779496527
coverage: 0.0
