Experiment: expname : nonparametric_experiment, data : uniform, n_samples : 500, mediator_dimension : 1, covariate_dimension : 1, alpha : 0.0, beta : 0.0, stochasticity : 1, gamma : 0.3, noise : uniform, 
Running with estimator : kme_g_computation, regularization : True, sample_splits : 1, reg_lambda : 0.001, reg_lambda_tilde : 0.001, kernel : linear, density : gaussian, bandwidth : 0.3, bandwidth_mode : heuristic, epsilon : 0.1, normalized : True, random_seed : 93, 
bias_direct: 0.1441202838981462
rmse_direct: 0.16377702412252046
bias_indirect: 0.10541204329557187
rmse_indirect: 0.11980630601458782
bias_total: 0.038708240602574356
rmse_total: 0.04397439262431589
bias_mr: 0.16364462052935896
rmse_mr: 0.19863038378355705
coverage: 0.0
