Experiment: expname : nonparametric_experiment, data : uniform, n_samples : 5000, mediator_dimension : 1, covariate_dimension : 1, alpha : 0.0, beta : 0.0, stochasticity : 1, gamma : 0.3, noise : uniform, 
Running with estimator : kme_dml, regularization : True, sample_splits : 1, reg_lambda : 0.001, reg_lambda_tilde : 0.001, kernel : linear, density : gaussian, bandwidth : 0.3, bandwidth_mode : heuristic, epsilon : 0.1, normalized : True, random_seed : 34, 
bias_direct: 0.0225959416496452
rmse_direct: 0.028511529816863543
bias_indirect: 0.014476235218843796
rmse_indirect: 0.016124651802311585
bias_total: 0.03390668965888636
rmse_total: 0.03757629055622218
bias_mr: 0.04381408495595552
rmse_mr: 0.05196050717265985
coverage: 0.8275862068965517
