Experiment: expname : nonparametric_experiment, data : uniform, n_samples : 500, mediator_dimension : 1, covariate_dimension : 1, alpha : 0.0, beta : 0.0, stochasticity : 1, gamma : 0.3, noise : uniform, 
Running with estimator : ipw, regularization : True, sample_splits : 1, reg_lambda : 0.001, reg_lambda_tilde : 0.001, kernel : linear, density : gaussian, bandwidth : 0.3, bandwidth_mode : heuristic, epsilon : 0.1, normalized : True, random_seed : 13, 
bias_direct: 0.2629035315718487
rmse_direct: 0.3177932619050461
bias_indirect: 0.0698275862068966
rmse_indirect: 0.0793627637866908
bias_total: 0.2545369611717517
rmse_total: 0.2898529197561499
bias_mr: 0.1738143787131153
rmse_mr: 0.20033288624056372
coverage: 0.0
