Experiment: expname : baselines_experiment, data : uniform, n_samples : 1000, mediator_dimension : 1, covariate_dimension : 1, alpha : 0.5, beta : 0.25, stochasticity : 1, gamma : 0.3, noise : uniform, 
Running with estimator : kme_g_computation, regularization : True, sample_splits : 1, reg_lambda : 0.001, reg_lambda_tilde : 0.001, kernel : gauss, density : gaussian, bandwidth : 0.3, bandwidth_mode : heuristic, epsilon : 0.3, normalized : True, random_seed : 71, 
bias_direct: 0.3546342575540732
rmse_direct: 0.4630560475440074
bias_indirect: 0.3682428037630924
rmse_indirect: 0.493945838707212
bias_total: 0.03952294749814555
rmse_total: 0.05721385478016147
bias_mr: 0.3824202494839049
rmse_mr: 0.5028375438302337
coverage: 0.0
