Experiment: expname : baselines_experiment, data : uniform, n_samples : 5000, mediator_dimension : 1, covariate_dimension : 1, alpha : 0.5, beta : 0.25, stochasticity : 1, gamma : 0.3, noise : uniform, 
Running with estimator : kme_g_computation, regularization : True, sample_splits : 1, reg_lambda : 0.001, reg_lambda_tilde : 0.001, kernel : gauss, density : gaussian, bandwidth : 0.3, bandwidth_mode : heuristic, epsilon : 0.3, normalized : True, random_seed : 13, 
bias_direct: 0.3682296384233901
rmse_direct: 0.4801020047209531
bias_indirect: 0.38692714136189676
rmse_indirect: 0.5203647090168517
bias_total: 0.05366104209299578
rmse_total: 0.0772263983652548
bias_mr: 0.3929002448061396
rmse_mr: 0.5140971618803266
coverage: 0.0
