Experiment: expname : baselines_experiment, data : uniform, n_samples : 5000, mediator_dimension : 1, covariate_dimension : 1, alpha : 0.5, beta : 0.25, stochasticity : 1, gamma : 0.3, noise : uniform, 
Running with estimator : ipw, regularization : True, sample_splits : 1, reg_lambda : 0.001, reg_lambda_tilde : 0.001, kernel : gauss, density : gaussian, bandwidth : 0.3, bandwidth_mode : heuristic, epsilon : 0.3, normalized : True, random_seed : 31, 
bias_direct: 0.13434171607457537
rmse_direct: 0.17307876211257922
bias_indirect: 0.06982758620689668
rmse_indirect: 0.07936276378669083
bias_total: 0.11175424526506939
rmse_total: 0.13355515676804836
bias_mr: 0.1556020837668765
rmse_mr: 0.21068885838293164
coverage: 0.0
