Experiment: expname : nonparametric_experiment, data : uniform, n_samples : 500, mediator_dimension : 1, covariate_dimension : 1, alpha : 0.0, beta : 0.0, stochasticity : 1, gamma : 0.3, noise : uniform, 
Running with estimator : kme_dml, regularization : True, sample_splits : 1, reg_lambda : 0.001, reg_lambda_tilde : 0.001, kernel : gauss, density : conditional_kernel, bandwidth : 0.3, bandwidth_mode : heuristic, epsilon : 0.1, normalized : True, random_seed : 25, 
bias_direct: 0.06164413992618994
rmse_direct: 0.08406321305846047
bias_indirect: 0.03189360515037823
rmse_indirect: 0.04146391878199864
bias_total: 0.05680094963768396
rmse_total: 0.08125330623219584
bias_mr: 0.12784359891953487
rmse_mr: 0.13563835807390665
coverage: 1.0
