Experiment: expname : nonparametric_experiment, data : uniform, n_samples : 500, mediator_dimension : 1, covariate_dimension : 1, alpha : 0.0, beta : 0.0, stochasticity : 1, gamma : 0.3, noise : uniform, 
Running with estimator : kme_dml, regularization : True, sample_splits : 1, reg_lambda : 0.001, reg_lambda_tilde : 0.001, kernel : linear, density : gaussian, bandwidth : 0.3, bandwidth_mode : heuristic, epsilon : 0.1, normalized : True, random_seed : 19, 
bias_direct: 0.09365032430851178
rmse_direct: 0.10488144417027223
bias_indirect: 0.03364275189893763
rmse_indirect: 0.036822634035530225
bias_total: 0.0904722486282924
rmse_total: 0.10165787269090842
bias_mr: 0.07066284930649136
rmse_mr: 0.07890419406443411
coverage: 1.0
