Experiment: expname : baselines_experiment, data : uniform, n_samples : 5000, mediator_dimension : 1, covariate_dimension : 1, alpha : 0.5, beta : 0.25, stochasticity : 1, gamma : 0.3, noise : uniform, 
Running with estimator : linear, regularization : True, sample_splits : 1, reg_lambda : 0.001, reg_lambda_tilde : 0.001, kernel : gauss, density : gaussian, bandwidth : 0.3, bandwidth_mode : heuristic, epsilon : 0.3, normalized : True, random_seed : 74, 
bias_direct: 0.2999208297224608
rmse_direct: 0.343463850007864
bias_indirect: 0.008386635795374327
rmse_indirect: 0.009531857418373152
bias_total: 0.2925778641593997
rmse_total: 0.3354077200018338
bias_mr: 0.28299804899088166
rmse_mr: 0.30206240923286803
coverage: 0.0
