Experiment: expname : nonparametric_experiment, data : uniform, n_samples : 5000, mediator_dimension : 1, covariate_dimension : 1, alpha : 0.0, beta : 0.0, stochasticity : 1, gamma : 0.3, noise : uniform, 
Running with estimator : kme_g_computation, regularization : True, sample_splits : 1, reg_lambda : 0.001, reg_lambda_tilde : 0.001, kernel : linear, density : gaussian, bandwidth : 0.3, bandwidth_mode : heuristic, epsilon : 0.1, normalized : True, random_seed : 8, 
bias_direct: 0.16764139514982807
rmse_direct: 0.19078979695356463
bias_indirect: 0.15596225956658105
rmse_indirect: 0.17725940764798828
bias_total: 0.011679135583246977
rmse_total: 0.014254259187959407
bias_mr: 0.1666759117032104
rmse_mr: 0.18991863025161076
coverage: 0.0
