Experiment: expname : nonparametric_experiment, data : uniform, n_samples : 500, mediator_dimension : 1, covariate_dimension : 1, alpha : 0.0, beta : 0.0, stochasticity : 1, gamma : 0.3, noise : uniform, 
Running with estimator : kme_dml, regularization : True, sample_splits : 1, reg_lambda : 0.001, reg_lambda_tilde : 0.001, kernel : gauss, density : gaussian, bandwidth : 0.3, bandwidth_mode : heuristic, epsilon : 0.1, normalized : True, random_seed : 43, 
bias_direct: 0.12546432333811222
rmse_direct: 0.16637153708659133
bias_indirect: 0.02405255781201098
rmse_indirect: 0.028004967207300186
bias_total: 0.10559619066444191
rmse_total: 0.14428428996338336
bias_mr: 0.1378454766580141
rmse_mr: 0.15982645358832118
coverage: 0.6896551724137931
