Experiment: expname : nonparametric_experiment, data : uniform, n_samples : 500, mediator_dimension : 1, covariate_dimension : 1, alpha : 0.0, beta : 0.0, stochasticity : 1, gamma : 0.3, noise : uniform, 
Running with estimator : ipw, regularization : True, sample_splits : 1, reg_lambda : 0.001, reg_lambda_tilde : 0.001, kernel : linear, density : conditional_kernel, bandwidth : 0.3, bandwidth_mode : heuristic, epsilon : 0.1, normalized : True, random_seed : 59, 
bias_direct: 0.16084504161446211
rmse_direct: 0.18607279644808114
bias_indirect: 0.027918305472025937
rmse_indirect: 0.038218520113638944
bias_total: 0.14300765749897196
rmse_total: 0.16385360757540443
bias_mr: 0.08690884417871957
rmse_mr: 0.10737237406450872
coverage: 0.0
