Experiment: expname : nonparametric_experiment, data : uniform, n_samples : 5000, mediator_dimension : 1, covariate_dimension : 1, alpha : 0.0, beta : 0.0, stochasticity : 1, gamma : 0.3, noise : uniform, 
Running with estimator : kme_dml, regularization : True, sample_splits : 1, reg_lambda : 0.001, reg_lambda_tilde : 0.001, kernel : gauss, density : conditional_kernel, bandwidth : 0.3, bandwidth_mode : heuristic, epsilon : 0.1, normalized : True, random_seed : 37, 
bias_direct: 0.01578446529479643
rmse_direct: 0.022328712776755404
bias_indirect: 0.010663054988376459
rmse_indirect: 0.014741346885407621
bias_total: 0.01869519255305934
rmse_total: 0.023867162766936498
bias_mr: 0.01933700563887924
rmse_mr: 0.02355624157570355
coverage: 1.0
