Experiment: expname : nonparametric_experiment, data : uniform, n_samples : 5000, mediator_dimension : 1, covariate_dimension : 1, alpha : 0.0, beta : 0.0, stochasticity : 1, gamma : 0.3, noise : uniform, 
Running with estimator : kme_dml, regularization : True, sample_splits : 1, reg_lambda : 0.001, reg_lambda_tilde : 0.001, kernel : gauss, density : gaussian, bandwidth : 0.3, bandwidth_mode : heuristic, epsilon : 0.1, normalized : True, random_seed : 83, 
bias_direct: 0.026574776131027288
rmse_direct: 0.034813355559747995
bias_indirect: 0.01650691694697377
rmse_indirect: 0.020764825649018954
bias_total: 0.027379849672979913
rmse_total: 0.038538820782612886
bias_mr: 0.021399305620972635
rmse_mr: 0.031991511546058844
coverage: 1.0
