Experiment: expname : baselines_experiment, data : uniform, n_samples : 500, mediator_dimension : 1, covariate_dimension : 1, alpha : 0.5, beta : 0.25, stochasticity : 1, gamma : 0.3, noise : uniform, 
Running with estimator : kme_dml, regularization : True, sample_splits : 1, reg_lambda : 0.001, reg_lambda_tilde : 0.001, kernel : gauss, density : gaussian, bandwidth : 0.3, bandwidth_mode : heuristic, epsilon : 0.3, normalized : True, random_seed : 64, 
bias_direct: 0.1454845208484243
rmse_direct: 0.18526407366805378
bias_indirect: 0.04158049886925358
rmse_indirect: 0.05283872804175372
bias_total: 0.12821716783345163
rmse_total: 0.1521185448842678
bias_mr: 0.15012835627682405
rmse_mr: 0.1678293345759612
coverage: 0.7586206896551724
