Experiment: expname : nonparametric_experiment, data : uniform, n_samples : 500, mediator_dimension : 1, covariate_dimension : 1, alpha : 0.0, beta : 0.0, stochasticity : 1, gamma : 0.3, noise : uniform, 
Running with estimator : kme_dml, regularization : True, sample_splits : 1, reg_lambda : 0.001, reg_lambda_tilde : 0.001, kernel : gauss, density : conditional_kernel, bandwidth : 0.3, bandwidth_mode : heuristic, epsilon : 0.1, normalized : True, random_seed : 3, 
bias_direct: 0.10012040895085912
rmse_direct: 0.11029322161273578
bias_indirect: 0.01736787522316588
rmse_indirect: 0.021742105095501674
bias_total: 0.1130168538850523
rmse_total: 0.1201708194702644
bias_mr: 0.09649829765195853
rmse_mr: 0.1197670795486346
coverage: 0.9310344827586207
