Experiment: expname : baselines_experiment, data : uniform, n_samples : 500, mediator_dimension : 1, covariate_dimension : 1, alpha : 0.5, beta : 0.25, stochasticity : 1, gamma : 0.3, noise : uniform, 
Running with estimator : ipw, regularization : True, sample_splits : 1, reg_lambda : 0.001, reg_lambda_tilde : 0.001, kernel : gauss, density : gaussian, bandwidth : 0.3, bandwidth_mode : heuristic, epsilon : 0.3, normalized : True, random_seed : 44, 
bias_direct: 0.21712003477291822
rmse_direct: 0.27858575658192236
bias_indirect: 0.06982758620689661
rmse_indirect: 0.07936276378669078
bias_total: 0.17664316392570437
rmse_total: 0.21892083166203657
bias_mr: 0.22823845252577496
rmse_mr: 0.33734603521510964
coverage: 0.0
