Experiment: expname : baselines_experiment, data : uniform, n_samples : 1000, mediator_dimension : 1, covariate_dimension : 1, alpha : 0.5, beta : 0.25, stochasticity : 1, gamma : 0.3, noise : uniform, 
Running with estimator : kme_dml, regularization : True, sample_splits : 1, reg_lambda : 0.001, reg_lambda_tilde : 0.001, kernel : gauss, density : gaussian, bandwidth : 0.3, bandwidth_mode : heuristic, epsilon : 0.3, normalized : True, random_seed : 5, 
bias_direct: 0.04869486029203601
rmse_direct: 0.07977062982632514
bias_indirect: 0.015566718714270067
rmse_indirect: 0.019782493378249343
bias_total: 0.055736991026344135
rmse_total: 0.08986781673610546
bias_mr: 0.05221530400993274
rmse_mr: 0.07950093819551092
coverage: 0.9310344827586207
