Experiment: expname : nonparametric_experiment, data : uniform, n_samples : 1000, mediator_dimension : 1, covariate_dimension : 1, alpha : 0.0, beta : 0.0, stochasticity : 1, gamma : 0.3, noise : uniform, 
Running with estimator : kme_dml, regularization : True, sample_splits : 1, reg_lambda : 0.001, reg_lambda_tilde : 0.001, kernel : gauss, density : conditional_kernel, bandwidth : 0.3, bandwidth_mode : heuristic, epsilon : 0.1, normalized : True, random_seed : 65, 
bias_direct: 0.04114678339119194
rmse_direct: 0.057319689435524554
bias_indirect: 0.020547836474373173
rmse_indirect: 0.02708641130800646
bias_total: 0.04821624877673672
rmse_total: 0.06244537049059579
bias_mr: 0.043387868330399745
rmse_mr: 0.05317682329722002
coverage: 1.0
