Experiment: expname : nonparametric_experiment, data : uniform, n_samples : 1000, mediator_dimension : 1, covariate_dimension : 1, alpha : 0.0, beta : 0.0, stochasticity : 1, gamma : 0.3, noise : uniform, 
Running with estimator : kme_g_computation, regularization : True, sample_splits : 1, reg_lambda : 0.001, reg_lambda_tilde : 0.001, kernel : linear, density : gaussian, bandwidth : 0.3, bandwidth_mode : heuristic, epsilon : 0.1, normalized : True, random_seed : 42, 
bias_direct: 0.161564819722559
rmse_direct: 0.1837972565541135
bias_indirect: 0.14297188709415187
rmse_indirect: 0.16249511734058036
bias_total: 0.01859293262840711
rmse_total: 0.02152716971769469
bias_mr: 0.16212020180822975
rmse_mr: 0.1858734132903647
coverage: 0.0
