Experiment: expname : nonparametric_experiment, data : uniform, n_samples : 5000, mediator_dimension : 1, covariate_dimension : 1, alpha : 0.0, beta : 0.0, stochasticity : 1, gamma : 0.3, noise : uniform, 
Running with estimator : kme_dml, regularization : True, sample_splits : 1, reg_lambda : 0.001, reg_lambda_tilde : 0.001, kernel : linear, density : gaussian, bandwidth : 0.3, bandwidth_mode : heuristic, epsilon : 0.1, normalized : True, random_seed : 10, 
bias_direct: 0.034829704629706824
rmse_direct: 0.045606696651679726
bias_indirect: 0.004996603009731712
rmse_indirect: 0.005896329745349023
bias_total: 0.03629409522871954
rmse_total: 0.044879066372308866
bias_mr: 0.042900568309396675
rmse_mr: 0.057377507236709695
coverage: 0.8275862068965517
