Experiment: expname : nonparametric_experiment, data : uniform, n_samples : 500, mediator_dimension : 1, covariate_dimension : 1, alpha : 0.0, beta : 0.0, stochasticity : 1, gamma : 0.3, noise : uniform, 
Running with estimator : kme_dml, regularization : True, sample_splits : 1, reg_lambda : 0.001, reg_lambda_tilde : 0.001, kernel : gauss, density : gaussian, bandwidth : 0.3, bandwidth_mode : heuristic, epsilon : 0.1, normalized : True, random_seed : 51, 
bias_direct: 0.0515344357793575
rmse_direct: 0.058526183745467315
bias_indirect: 0.02635900689919186
rmse_indirect: 0.03569767659583785
bias_total: 0.03757466848609339
rmse_total: 0.042906013494470166
bias_mr: 0.07685654785884072
rmse_mr: 0.09840821143982449
coverage: 1.0
