Experiment: expname : nonparametric_experiment, data : uniform, n_samples : 5000, mediator_dimension : 1, covariate_dimension : 1, alpha : 0.0, beta : 0.0, stochasticity : 1, gamma : 0.3, noise : uniform, 
Running with estimator : kme_g_computation, regularization : True, sample_splits : 1, reg_lambda : 0.001, reg_lambda_tilde : 0.001, kernel : gauss, density : gaussian, bandwidth : 0.3, bandwidth_mode : heuristic, epsilon : 0.1, normalized : True, random_seed : 31, 
bias_direct: 0.15289644465549823
rmse_direct: 0.17462408204186464
bias_indirect: 0.19327141208471973
rmse_indirect: 0.22029751778823653
bias_total: 0.04037496742922153
rmse_total: 0.045863071537938234
bias_mr: 0.14823161124128315
rmse_mr: 0.16779454514040962
coverage: 0.0
