Experiment: expname : baselines_experiment, data : uniform, n_samples : 500, mediator_dimension : 1, covariate_dimension : 1, alpha : 0.5, beta : 0.25, stochasticity : 1, gamma : 0.3, noise : uniform, 
Running with estimator : kme_dml, regularization : True, sample_splits : 1, reg_lambda : 0.001, reg_lambda_tilde : 0.001, kernel : gauss, density : gaussian, bandwidth : 0.3, bandwidth_mode : heuristic, epsilon : 0.3, normalized : True, random_seed : 38, 
bias_direct: 0.04207838958358696
rmse_direct: 0.0576638234342186
bias_indirect: 0.052131385388484934
rmse_indirect: 0.06111946326185166
bias_total: 0.08392670879489024
rmse_total: 0.10183088374883367
bias_mr: 0.07196458228681767
rmse_mr: 0.09730216149693482
coverage: 1.0
