Experiment: expname : nonparametric_experiment, data : uniform, n_samples : 1000, mediator_dimension : 1, covariate_dimension : 1, alpha : 0.0, beta : 0.0, stochasticity : 1, gamma : 0.3, noise : uniform, 
Running with estimator : kme_dml, regularization : True, sample_splits : 1, reg_lambda : 0.001, reg_lambda_tilde : 0.001, kernel : gauss, density : gaussian, bandwidth : 0.3, bandwidth_mode : heuristic, epsilon : 0.1, normalized : True, random_seed : 94, 
bias_direct: 0.07865172607765762
rmse_direct: 0.09573852874596993
bias_indirect: 0.013317004033525075
rmse_indirect: 0.01778798033914062
bias_total: 0.08665655674927639
rmse_total: 0.10602168162592784
bias_mr: 0.05612773657861257
rmse_mr: 0.06286983571314037
coverage: 1.0
