Experiment: expname : nonparametric_experiment, data : uniform, n_samples : 5000, mediator_dimension : 1, covariate_dimension : 1, alpha : 0.0, beta : 0.0, stochasticity : 1, gamma : 0.3, noise : uniform, 
Running with estimator : kme_g_computation, regularization : True, sample_splits : 1, reg_lambda : 0.001, reg_lambda_tilde : 0.001, kernel : gauss, density : gaussian, bandwidth : 0.3, bandwidth_mode : heuristic, epsilon : 0.1, normalized : True, random_seed : 39, 
bias_direct: 0.16533774421405537
rmse_direct: 0.1880052964005062
bias_indirect: 0.17881745672274843
rmse_indirect: 0.20231704739865672
bias_total: 0.017088476902569514
rmse_total: 0.025232584486777763
bias_mr: 0.17065400269461217
rmse_mr: 0.19472763597342818
coverage: 0.0
