Experiment: expname : nonparametric_experiment, data : uniform, n_samples : 1000, mediator_dimension : 1, covariate_dimension : 1, alpha : 0.0, beta : 0.0, stochasticity : 1, gamma : 0.3, noise : uniform, 
Running with estimator : kme_dml, regularization : True, sample_splits : 1, reg_lambda : 0.001, reg_lambda_tilde : 0.001, kernel : linear, density : conditional_kernel, bandwidth : 0.3, bandwidth_mode : heuristic, epsilon : 0.1, normalized : True, random_seed : 41, 
bias_direct: 0.04225414878872318
rmse_direct: 0.05029256981399012
bias_indirect: 0.0268565907133115
rmse_indirect: 0.033055756095648
bias_total: 0.05955913149958452
rmse_total: 0.06882968719983058
bias_mr: 0.0685508535986642
rmse_mr: 0.08087063240024696
coverage: 1.0
