Experiment: expname : nonparametric_experiment, data : uniform, n_samples : 500, mediator_dimension : 1, covariate_dimension : 1, alpha : 0.0, beta : 0.0, stochasticity : 1, gamma : 0.3, noise : uniform, 
Running with estimator : ipw, regularization : True, sample_splits : 1, reg_lambda : 0.001, reg_lambda_tilde : 0.001, kernel : linear, density : conditional_kernel, bandwidth : 0.3, bandwidth_mode : heuristic, epsilon : 0.1, normalized : True, random_seed : 28, 
bias_direct: 0.1586274011277325
rmse_direct: 0.18261772374579482
bias_indirect: 0.04002334628531559
rmse_indirect: 0.04489670518436977
bias_total: 0.1609445492292309
rmse_total: 0.19822476525556354
bias_mr: 0.1534340799774776
rmse_mr: 0.18061082069482837
coverage: 0.0
