Experiment: expname : nonparametric_experiment, data : uniform, n_samples : 5000, mediator_dimension : 1, covariate_dimension : 1, alpha : 0.0, beta : 0.0, stochasticity : 1, gamma : 0.3, noise : uniform, 
Running with estimator : kme_g_computation, regularization : True, sample_splits : 1, reg_lambda : 0.001, reg_lambda_tilde : 0.001, kernel : linear, density : conditional_kernel, bandwidth : 0.3, bandwidth_mode : heuristic, epsilon : 0.1, normalized : True, random_seed : 86, 
bias_direct: 0.17024089608501025
rmse_direct: 0.19346542973708186
bias_indirect: 0.16436330722086473
rmse_indirect: 0.18680762903220052
bias_total: 0.005877588864145487
rmse_total: 0.006678450868981249
bias_mr: 0.1710027347753572
rmse_mr: 0.19720002799525457
coverage: 0.0
