Experiment: expname : nonparametric_experiment, data : uniform, n_samples : 5000, mediator_dimension : 1, covariate_dimension : 1, alpha : 0.0, beta : 0.0, stochasticity : 1, gamma : 0.3, noise : uniform, 
Running with estimator : kme_dml, regularization : True, sample_splits : 1, reg_lambda : 0.001, reg_lambda_tilde : 0.001, kernel : gauss, density : gaussian, bandwidth : 0.3, bandwidth_mode : heuristic, epsilon : 0.1, normalized : True, random_seed : 6, 
bias_direct: 0.04398621627014655
rmse_direct: 0.06306291752111226
bias_indirect: 0.00986248361599163
rmse_indirect: 0.012054366758891679
bias_total: 0.051744585035083966
rmse_total: 0.07315210322513466
bias_mr: 0.05426092480483346
rmse_mr: 0.061349775613919515
coverage: 0.6896551724137931
