Experiment: expname : nonparametric_experiment, data : uniform, n_samples : 500, mediator_dimension : 1, covariate_dimension : 1, alpha : 0.0, beta : 0.0, stochasticity : 1, gamma : 0.3, noise : uniform, 
Running with estimator : kme_g_computation, regularization : True, sample_splits : 1, reg_lambda : 0.001, reg_lambda_tilde : 0.001, kernel : linear, density : conditional_kernel, bandwidth : 0.3, bandwidth_mode : heuristic, epsilon : 0.1, normalized : True, random_seed : 36, 
bias_direct: 0.12989674421331615
rmse_direct: 0.14809550701418234
bias_indirect: 0.12996953727561383
rmse_indirect: 0.14771736479938777
bias_total: 0.014847724723978235
rmse_total: 0.019597464960251675
bias_mr: 0.1313835772450781
rmse_mr: 0.14933292773481596
coverage: 0.0
