Experiment: expname : nonparametric_experiment, data : uniform, n_samples : 5000, mediator_dimension : 1, covariate_dimension : 1, alpha : 0.0, beta : 0.0, stochasticity : 1, gamma : 0.3, noise : uniform, 
Running with estimator : kme_dml, regularization : True, sample_splits : 1, reg_lambda : 0.001, reg_lambda_tilde : 0.001, kernel : linear, density : conditional_kernel, bandwidth : 0.3, bandwidth_mode : heuristic, epsilon : 0.1, normalized : True, random_seed : 25, 
bias_direct: 0.02776912984605766
rmse_direct: 0.03116703394508863
bias_indirect: 0.010130424855288476
rmse_indirect: 0.012710713907331259
bias_total: 0.02033760321795139
rmse_total: 0.024141814013438564
bias_mr: 0.0165311582022904
rmse_mr: 0.02087406150029086
coverage: 1.0
