Experiment: expname : nonparametric_experiment, data : uniform, n_samples : 500, mediator_dimension : 1, covariate_dimension : 1, alpha : 0.0, beta : 0.0, stochasticity : 1, gamma : 0.3, noise : uniform, 
Running with estimator : kme_g_computation, regularization : True, sample_splits : 1, reg_lambda : 0.001, reg_lambda_tilde : 0.001, kernel : linear, density : gaussian, bandwidth : 0.3, bandwidth_mode : heuristic, epsilon : 0.1, normalized : True, random_seed : 44, 
bias_direct: 0.16187613667685288
rmse_direct: 0.18382402034955928
bias_indirect: 0.1489245955754758
rmse_indirect: 0.16926075291869952
bias_total: 0.012951541101377077
rmse_total: 0.01741823493422685
bias_mr: 0.1662646435542578
rmse_mr: 0.1931430771597945
coverage: 0.0
