Experiment: expname : nonparametric_experiment, data : uniform, n_samples : 1000, mediator_dimension : 1, covariate_dimension : 1, alpha : 0.0, beta : 0.0, stochasticity : 1, gamma : 0.3, noise : uniform, 
Running with estimator : kme_dml, regularization : True, sample_splits : 1, reg_lambda : 0.001, reg_lambda_tilde : 0.001, kernel : linear, density : gaussian, bandwidth : 0.3, bandwidth_mode : heuristic, epsilon : 0.1, normalized : True, random_seed : 26, 
bias_direct: 0.03414446311011101
rmse_direct: 0.04717309494764122
bias_indirect: 0.02075434522644796
rmse_indirect: 0.023598170862054794
bias_total: 0.05351519918728851
rmse_total: 0.06855920729519827
bias_mr: 0.05033893055881417
rmse_mr: 0.05494538620057073
coverage: 1.0
