Experiment: expname : nonparametric_experiment, data : uniform, n_samples : 1000, mediator_dimension : 1, covariate_dimension : 1, alpha : 0.0, beta : 0.0, stochasticity : 1, gamma : 0.3, noise : uniform, 
Running with estimator : kme_dml, regularization : True, sample_splits : 1, reg_lambda : 0.001, reg_lambda_tilde : 0.001, kernel : linear, density : gaussian, bandwidth : 0.3, bandwidth_mode : heuristic, epsilon : 0.1, normalized : True, random_seed : 90, 
bias_direct: 0.044606778135450956
rmse_direct: 0.05818211629103253
bias_indirect: 0.02790879308156323
rmse_indirect: 0.030814523927699407
bias_total: 0.044411818215335346
rmse_total: 0.05402747924847396
bias_mr: 0.05539168290012033
rmse_mr: 0.06500642351695882
coverage: 1.0
