Experiment: expname : baselines_experiment, data : uniform, n_samples : 500, mediator_dimension : 1, covariate_dimension : 1, alpha : 0.5, beta : 0.25, stochasticity : 1, gamma : 0.3, noise : uniform, 
Running with estimator : kme_g_computation, regularization : True, sample_splits : 1, reg_lambda : 0.001, reg_lambda_tilde : 0.001, kernel : gauss, density : gaussian, bandwidth : 0.3, bandwidth_mode : heuristic, epsilon : 0.3, normalized : True, random_seed : 55, 
bias_direct: 0.357045370535219
rmse_direct: 0.45747533418588415
bias_indirect: 0.3501633621117057
rmse_indirect: 0.47953236312405284
bias_total: 0.049590822042250474
rmse_total: 0.056804306505504124
bias_mr: 0.41392881739814347
rmse_mr: 0.5352578369996331
coverage: 0.0
