Experiment: expname : nonparametric_experiment, data : uniform, n_samples : 1000, mediator_dimension : 1, covariate_dimension : 1, alpha : 0.0, beta : 0.0, stochasticity : 1, gamma : 0.3, noise : uniform, 
Running with estimator : ipw, regularization : True, sample_splits : 1, reg_lambda : 0.001, reg_lambda_tilde : 0.001, kernel : linear, density : conditional_kernel, bandwidth : 0.3, bandwidth_mode : heuristic, epsilon : 0.1, normalized : True, random_seed : 9, 
bias_direct: 0.10457737693990628
rmse_direct: 0.1389849059802915
bias_indirect: 0.05294444823658702
rmse_indirect: 0.0584411739359321
bias_total: 0.15278408597605986
rmse_total: 0.18906724432830033
bias_mr: 0.10553615923334454
rmse_mr: 0.14056349855929917
coverage: 0.0
