Experiment: expname : nonparametric_experiment, data : uniform, n_samples : 500, mediator_dimension : 1, covariate_dimension : 1, alpha : 0.0, beta : 0.0, stochasticity : 1, gamma : 0.3, noise : uniform, 
Running with estimator : kme_dml, regularization : True, sample_splits : 1, reg_lambda : 0.001, reg_lambda_tilde : 0.001, kernel : linear, density : conditional_kernel, bandwidth : 0.3, bandwidth_mode : heuristic, epsilon : 0.1, normalized : True, random_seed : 25, 
bias_direct: 0.05520277333917845
rmse_direct: 0.08034673546839913
bias_indirect: 0.030780831912347886
rmse_indirect: 0.040644008228723466
bias_total: 0.054320840185381414
rmse_total: 0.08072531136324446
bias_mr: 0.13477334882355
rmse_mr: 0.1418823772447821
coverage: 1.0
