Experiment: expname : nonparametric_experiment, data : uniform, n_samples : 1000, mediator_dimension : 1, covariate_dimension : 1, alpha : 0.0, beta : 0.0, stochasticity : 1, gamma : 0.3, noise : uniform, 
Running with estimator : ipw, regularization : True, sample_splits : 1, reg_lambda : 0.001, reg_lambda_tilde : 0.001, kernel : gauss, density : gaussian, bandwidth : 0.3, bandwidth_mode : heuristic, epsilon : 0.1, normalized : True, random_seed : 23, 
bias_direct: 0.1327510926766896
rmse_direct: 0.1726278687642223
bias_indirect: 0.0698275862068966
rmse_indirect: 0.07936276378669077
bias_total: 0.07375576866784186
rmse_total: 0.10719795726158808
bias_mr: 0.13034500026746454
rmse_mr: 0.16874588133567017
coverage: 0.0
