Experiment: expname : nonparametric_experiment, data : uniform, n_samples : 1000, mediator_dimension : 1, covariate_dimension : 1, alpha : 0.0, beta : 0.0, stochasticity : 1, gamma : 0.3, noise : uniform, 
Running with estimator : kme_dml, regularization : True, sample_splits : 1, reg_lambda : 0.001, reg_lambda_tilde : 0.001, kernel : gauss, density : gaussian, bandwidth : 0.3, bandwidth_mode : heuristic, epsilon : 0.1, normalized : True, random_seed : 15, 
bias_direct: 0.14978506685527332
rmse_direct: 0.17097959027574408
bias_indirect: 0.03085780529900338
rmse_indirect: 0.038245087267314785
bias_total: 0.12093242609472825
rmse_total: 0.13673633960974826
bias_mr: 0.07796363437946616
rmse_mr: 0.09396652125395892
coverage: 0.8275862068965517
