Experiment: expname : nonparametric_experiment, data : uniform, n_samples : 1000, mediator_dimension : 1, covariate_dimension : 1, alpha : 0.0, beta : 0.0, stochasticity : 1, gamma : 0.3, noise : uniform, 
Running with estimator : kme_dml, regularization : True, sample_splits : 1, reg_lambda : 0.001, reg_lambda_tilde : 0.001, kernel : gauss, density : gaussian, bandwidth : 0.3, bandwidth_mode : heuristic, epsilon : 0.1, normalized : True, random_seed : 47, 
bias_direct: 0.08980724522572099
rmse_direct: 0.09862172583068468
bias_indirect: 0.028614566465609878
rmse_indirect: 0.03057221505570822
bias_total: 0.09055752403527632
rmse_total: 0.10130292204664519
bias_mr: 0.09339206015633014
rmse_mr: 0.10280007903831988
coverage: 0.8275862068965517
