Experiment: expname : nonparametric_experiment, data : uniform, n_samples : 500, mediator_dimension : 1, covariate_dimension : 1, alpha : 0.0, beta : 0.0, stochasticity : 1, gamma : 0.3, noise : uniform, 
Running with estimator : ipw, regularization : True, sample_splits : 1, reg_lambda : 0.001, reg_lambda_tilde : 0.001, kernel : linear, density : conditional_kernel, bandwidth : 0.3, bandwidth_mode : heuristic, epsilon : 0.1, normalized : True, random_seed : 85, 
bias_direct: 0.13575528605291948
rmse_direct: 0.17944880457525508
bias_indirect: 0.07180318220780949
rmse_indirect: 0.0820076081356963
bias_total: 0.09536574661389177
rmse_total: 0.1189764303509498
bias_mr: 0.13038658840005424
rmse_mr: 0.14107606126963215
coverage: 0.0
