Experiment: expname : nonparametric_experiment, data : uniform, n_samples : 5000, mediator_dimension : 1, covariate_dimension : 1, alpha : 0.0, beta : 0.0, stochasticity : 1, gamma : 0.3, noise : uniform, 
Running with estimator : kme_g_computation, regularization : True, sample_splits : 1, reg_lambda : 0.001, reg_lambda_tilde : 0.001, kernel : gauss, density : conditional_kernel, bandwidth : 0.3, bandwidth_mode : heuristic, epsilon : 0.1, normalized : True, random_seed : 42, 
bias_direct: 0.16772968366505847
rmse_direct: 0.18916569482177742
bias_indirect: 0.1815123402394949
rmse_indirect: 0.20418332246856227
bias_total: 0.013782656574436388
rmse_total: 0.015897273277206195
bias_mr: 0.1714760516572408
rmse_mr: 0.19637852132102115
coverage: 0.0
