Experiment: expname : nonparametric_experiment, data : uniform, n_samples : 5000, mediator_dimension : 1, covariate_dimension : 1, alpha : 0.0, beta : 0.0, stochasticity : 1, gamma : 0.3, noise : uniform, 
Running with estimator : ipw, regularization : True, sample_splits : 1, reg_lambda : 0.001, reg_lambda_tilde : 0.001, kernel : gauss, density : conditional_kernel, bandwidth : 0.3, bandwidth_mode : heuristic, epsilon : 0.1, normalized : True, random_seed : 11, 
bias_direct: 0.08072336795182894
rmse_direct: 0.09784284912711871
bias_indirect: 0.03405526356777646
rmse_indirect: 0.041511898584352065
bias_total: 0.06690148398208508
rmse_total: 0.07471491053154655
bias_mr: 0.05187649468682338
rmse_mr: 0.06800828728349848
coverage: 0.0
