Experiment: expname : baselines_experiment, data : uniform, n_samples : 500, mediator_dimension : 1, covariate_dimension : 1, alpha : 0.5, beta : 0.25, stochasticity : 1, gamma : 0.3, noise : uniform, 
Running with estimator : kme_g_computation, regularization : True, sample_splits : 1, reg_lambda : 0.001, reg_lambda_tilde : 0.001, kernel : gauss, density : gaussian, bandwidth : 0.3, bandwidth_mode : heuristic, epsilon : 0.3, normalized : True, random_seed : 65, 
bias_direct: 0.43986655983471357
rmse_direct: 0.5682756480533003
bias_indirect: 0.5509459056508004
rmse_indirect: 0.6626623869478266
bias_total: 0.11107934581608687
rmse_total: 0.13254663676615336
bias_mr: 0.409100950381807
rmse_mr: 0.5220052007626883
coverage: 0.0
