Experiment: expname : nonparametric_experiment, data : uniform, n_samples : 500, mediator_dimension : 1, covariate_dimension : 1, alpha : 0.0, beta : 0.0, stochasticity : 1, gamma : 0.3, noise : uniform, 
Running with estimator : kme_dml, regularization : True, sample_splits : 1, reg_lambda : 0.001, reg_lambda_tilde : 0.001, kernel : linear, density : conditional_kernel, bandwidth : 0.3, bandwidth_mode : heuristic, epsilon : 0.1, normalized : True, random_seed : 78, 
bias_direct: 0.09824147482129349
rmse_direct: 0.1179700449918132
bias_indirect: 0.04347802681656397
rmse_indirect: 0.048831688781551884
bias_total: 0.11571154856786829
rmse_total: 0.14386532007763667
bias_mr: 0.09020839911749791
rmse_mr: 0.11177416707893027
coverage: 0.9310344827586207
