Experiment: expname : nonparametric_experiment, data : uniform, n_samples : 5000, mediator_dimension : 1, covariate_dimension : 1, alpha : 0.0, beta : 0.0, stochasticity : 1, gamma : 0.3, noise : uniform, 
Running with estimator : ipw, regularization : True, sample_splits : 1, reg_lambda : 0.001, reg_lambda_tilde : 0.001, kernel : gauss, density : gaussian, bandwidth : 0.3, bandwidth_mode : heuristic, epsilon : 0.1, normalized : True, random_seed : 92, 
bias_direct: 0.07923004171724699
rmse_direct: 0.1049271942552473
bias_indirect: 0.06982758620689662
rmse_indirect: 0.07936276378669081
bias_total: 0.04810140010102213
rmse_total: 0.06266578889791863
bias_mr: 0.07463324148603959
rmse_mr: 0.09363975296849943
coverage: 0.0
