Experiment: expname : nonparametric_experiment, data : uniform, n_samples : 1000, mediator_dimension : 1, covariate_dimension : 1, alpha : 0.0, beta : 0.0, stochasticity : 1, gamma : 0.3, noise : uniform, 
Running with estimator : kme_dml, regularization : True, sample_splits : 1, reg_lambda : 0.001, reg_lambda_tilde : 0.001, kernel : gauss, density : conditional_kernel, bandwidth : 0.3, bandwidth_mode : heuristic, epsilon : 0.1, normalized : True, random_seed : 94, 
bias_direct: 0.07531621468596307
rmse_direct: 0.09202313511367866
bias_indirect: 0.018888686933798984
rmse_indirect: 0.02343630338710099
bias_total: 0.08583847532777876
rmse_total: 0.10422383764240796
bias_mr: 0.055006788505987066
rmse_mr: 0.060859019618713345
coverage: 1.0
