Experiment: expname : baselines_experiment, data : uniform, n_samples : 5000, mediator_dimension : 1, covariate_dimension : 1, alpha : 0.5, beta : 0.25, stochasticity : 1, gamma : 0.3, noise : uniform, 
Running with estimator : ipw, regularization : True, sample_splits : 1, reg_lambda : 0.001, reg_lambda_tilde : 0.001, kernel : gauss, density : gaussian, bandwidth : 0.3, bandwidth_mode : heuristic, epsilon : 0.3, normalized : True, random_seed : 99, 
bias_direct: 0.09225083798898648
rmse_direct: 0.11864867334338679
bias_indirect: 0.06982758620689661
rmse_indirect: 0.0793627637866908
bias_total: 0.04199991637069492
rmse_total: 0.0576570326207399
bias_mr: 0.145337307928242
rmse_mr: 0.19814117654849717
coverage: 0.0
