Experiment: expname : nonparametric_experiment, data : uniform, n_samples : 500, mediator_dimension : 1, covariate_dimension : 1, alpha : 0.0, beta : 0.0, stochasticity : 1, gamma : 0.3, noise : uniform, 
Running with estimator : kme_g_computation, regularization : True, sample_splits : 1, reg_lambda : 0.001, reg_lambda_tilde : 0.001, kernel : linear, density : gaussian, bandwidth : 0.3, bandwidth_mode : heuristic, epsilon : 0.1, normalized : True, random_seed : 4, 
bias_direct: 0.15893144912095838
rmse_direct: 0.18081628213366271
bias_indirect: 0.12167651676385333
rmse_indirect: 0.13829185756355233
bias_total: 0.03725493235710508
rmse_total: 0.04262914016648714
bias_mr: 0.15966502227032117
rmse_mr: 0.18318348489887892
coverage: 0.0
