Experiment: expname : nonparametric_experiment, data : uniform, n_samples : 5000, mediator_dimension : 1, covariate_dimension : 1, alpha : 0.0, beta : 0.0, stochasticity : 1, gamma : 0.3, noise : uniform, 
Running with estimator : ipw, regularization : True, sample_splits : 1, reg_lambda : 0.001, reg_lambda_tilde : 0.001, kernel : gauss, density : gaussian, bandwidth : 0.3, bandwidth_mode : heuristic, epsilon : 0.1, normalized : True, random_seed : 44, 
bias_direct: 0.10566984438179364
rmse_direct: 0.1330542500765476
bias_indirect: 0.06982758620689661
rmse_indirect: 0.07936276378669081
bias_total: 0.0791414018959822
rmse_total: 0.09107864189144932
bias_mr: 0.10327675306172812
rmse_mr: 0.12172155472650359
coverage: 0.0
