Experiment: expname : nonparametric_experiment, data : uniform, n_samples : 5000, mediator_dimension : 1, covariate_dimension : 1, alpha : 0.0, beta : 0.0, stochasticity : 1, gamma : 0.3, noise : uniform, 
Running with estimator : ipw, regularization : True, sample_splits : 1, reg_lambda : 0.001, reg_lambda_tilde : 0.001, kernel : gauss, density : gaussian, bandwidth : 0.3, bandwidth_mode : heuristic, epsilon : 0.1, normalized : True, random_seed : 13, 
bias_direct: 0.07818151319793128
rmse_direct: 0.09797160245107818
bias_indirect: 0.06982758620689662
rmse_indirect: 0.07936276378669083
bias_total: 0.0776256010293212
rmse_total: 0.09347910726624382
bias_mr: 0.06099214285749601
rmse_mr: 0.07292395922631327
coverage: 0.0
