Experiment: expname : nonparametric_experiment, data : uniform, n_samples : 1000, mediator_dimension : 1, covariate_dimension : 1, alpha : 0.0, beta : 0.0, stochasticity : 1, gamma : 0.3, noise : uniform, 
Running with estimator : kme_dml, regularization : True, sample_splits : 1, reg_lambda : 0.001, reg_lambda_tilde : 0.001, kernel : gauss, density : conditional_kernel, bandwidth : 0.3, bandwidth_mode : heuristic, epsilon : 0.1, normalized : True, random_seed : 37, 
bias_direct: 0.04701965535488997
rmse_direct: 0.0653049021379871
bias_indirect: 0.010930565196172047
rmse_indirect: 0.01323615442147921
bias_total: 0.04947892841113475
rmse_total: 0.06817321132730614
bias_mr: 0.05047076774737867
rmse_mr: 0.07413763066315272
coverage: 0.896551724137931
