Experiment: expname : nonparametric_experiment, data : uniform, n_samples : 1000, mediator_dimension : 1, covariate_dimension : 1, alpha : 0.0, beta : 0.0, stochasticity : 1, gamma : 0.3, noise : uniform, 
Running with estimator : kme_dml, regularization : True, sample_splits : 1, reg_lambda : 0.001, reg_lambda_tilde : 0.001, kernel : linear, density : conditional_kernel, bandwidth : 0.3, bandwidth_mode : heuristic, epsilon : 0.1, normalized : True, random_seed : 55, 
bias_direct: 0.08582443545613394
rmse_direct: 0.09943604559303788
bias_indirect: 0.012987222059262105
rmse_indirect: 0.01569186791641123
bias_total: 0.07651552637161718
rmse_total: 0.09166889401455507
bias_mr: 0.06568184969612834
rmse_mr: 0.07304205529119255
coverage: 1.0
