Experiment: expname : nonparametric_experiment, data : uniform, n_samples : 1000, mediator_dimension : 1, covariate_dimension : 1, alpha : 0.0, beta : 0.0, stochasticity : 1, gamma : 0.3, noise : uniform, 
Running with estimator : kme_g_computation, regularization : True, sample_splits : 1, reg_lambda : 0.001, reg_lambda_tilde : 0.001, kernel : gauss, density : gaussian, bandwidth : 0.3, bandwidth_mode : heuristic, epsilon : 0.1, normalized : True, random_seed : 37, 
bias_direct: 0.17660827054950315
rmse_direct: 0.20236417053946745
bias_indirect: 0.14904294178407085
rmse_indirect: 0.18849828578173833
bias_total: 0.04813047100989517
rmse_total: 0.06797225766485794
bias_mr: 0.17458975128608806
rmse_mr: 0.2014700738170732
coverage: 0.0
