Experiment: expname : nonparametric_experiment, data : uniform, n_samples : 5000, mediator_dimension : 1, covariate_dimension : 1, alpha : 0.0, beta : 0.0, stochasticity : 1, gamma : 0.3, noise : uniform, 
Running with estimator : kme_dml, regularization : True, sample_splits : 1, reg_lambda : 0.001, reg_lambda_tilde : 0.001, kernel : gauss, density : gaussian, bandwidth : 0.3, bandwidth_mode : heuristic, epsilon : 0.1, normalized : True, random_seed : 66, 
bias_direct: 0.058453532132272334
rmse_direct: 0.06917578866557376
bias_indirect: 0.02205832113965748
rmse_indirect: 0.026125148927302753
bias_total: 0.04010494028432336
rmse_total: 0.05132978237749873
bias_mr: 0.03051235955309386
rmse_mr: 0.03779276716220862
coverage: 1.0
