Experiment: expname : nonparametric_experiment, data : uniform, n_samples : 1000, mediator_dimension : 1, covariate_dimension : 1, alpha : 0.0, beta : 0.0, stochasticity : 1, gamma : 0.3, noise : uniform, 
Running with estimator : kme_g_computation, regularization : True, sample_splits : 1, reg_lambda : 0.001, reg_lambda_tilde : 0.001, kernel : linear, density : conditional_kernel, bandwidth : 0.3, bandwidth_mode : heuristic, epsilon : 0.1, normalized : True, random_seed : 55, 
bias_direct: 0.1576107785018384
rmse_direct: 0.1789964223654749
bias_indirect: 0.19646680429960997
rmse_indirect: 0.2232949579075387
bias_total: 0.038856025797771566
rmse_total: 0.04592747887148128
bias_mr: 0.16326525600526076
rmse_mr: 0.1905065465321767
coverage: 0.0
