Experiment: expname : nonparametric_experiment, data : uniform, n_samples : 1000, mediator_dimension : 1, covariate_dimension : 1, alpha : 0.0, beta : 0.0, stochasticity : 1, gamma : 0.3, noise : uniform, 
Running with estimator : kme_dml, regularization : True, sample_splits : 1, reg_lambda : 0.001, reg_lambda_tilde : 0.001, kernel : linear, density : conditional_kernel, bandwidth : 0.3, bandwidth_mode : heuristic, epsilon : 0.1, normalized : True, random_seed : 81, 
bias_direct: 0.03919959424979892
rmse_direct: 0.04924544145657133
bias_indirect: 0.03382076191088036
rmse_indirect: 0.03714914864762909
bias_total: 0.036874120095285644
rmse_total: 0.046670217224859076
bias_mr: 0.04101363659602913
rmse_mr: 0.060120159848168875
coverage: 0.9655172413793104
