Experiment: expname : baselines_experiment, data : uniform, n_samples : 500, mediator_dimension : 1, covariate_dimension : 1, alpha : 0.5, beta : 0.25, stochasticity : 1, gamma : 0.3, noise : uniform, 
Running with estimator : kme_g_computation, regularization : True, sample_splits : 1, reg_lambda : 0.001, reg_lambda_tilde : 0.001, kernel : gauss, density : gaussian, bandwidth : 0.3, bandwidth_mode : heuristic, epsilon : 0.3, normalized : True, random_seed : 81, 
bias_direct: 0.406470567165773
rmse_direct: 0.5295109134960589
bias_indirect: 0.40860258127765686
rmse_indirect: 0.513097270507818
bias_total: 0.049930691772263606
rmse_total: 0.06501159715885584
bias_mr: 0.37535532909868213
rmse_mr: 0.4929600908441496
coverage: 0.0
