Experiment: expname : baselines_experiment, data : uniform, n_samples : 500, mediator_dimension : 1, covariate_dimension : 1, alpha : 0.5, beta : 0.25, stochasticity : 1, gamma : 0.3, noise : uniform, 
Running with estimator : ipw, regularization : True, sample_splits : 1, reg_lambda : 0.001, reg_lambda_tilde : 0.001, kernel : gauss, density : gaussian, bandwidth : 0.3, bandwidth_mode : heuristic, epsilon : 0.3, normalized : True, random_seed : 26, 
bias_direct: 0.23270030114326332
rmse_direct: 0.28484110157335363
bias_indirect: 0.06982758620689661
rmse_indirect: 0.07936276378669078
bias_total: 0.18586456120515035
rmse_total: 0.23685411967634332
bias_mr: 0.2679270564854001
rmse_mr: 0.3200274805875884
coverage: 0.0
