Experiment: expname : nonparametric_experiment, data : uniform, n_samples : 500, mediator_dimension : 1, covariate_dimension : 1, alpha : 0.0, beta : 0.0, stochasticity : 1, gamma : 0.3, noise : uniform, 
Running with estimator : ipw, regularization : True, sample_splits : 1, reg_lambda : 0.001, reg_lambda_tilde : 0.001, kernel : linear, density : conditional_kernel, bandwidth : 0.3, bandwidth_mode : heuristic, epsilon : 0.1, normalized : True, random_seed : 27, 
bias_direct: 0.11280659605762014
rmse_direct: 0.1320417616713814
bias_indirect: 0.019768283598464897
rmse_indirect: 0.0297732025816266
bias_total: 0.12179455058898576
rmse_total: 0.14497414529311628
bias_mr: 0.11501159679969435
rmse_mr: 0.14182397292308208
coverage: 0.0
