Experiment: expname : nonparametric_experiment, data : uniform, n_samples : 5000, mediator_dimension : 1, covariate_dimension : 1, alpha : 0.0, beta : 0.0, stochasticity : 1, gamma : 0.3, noise : uniform, 
Running with estimator : ipw, regularization : True, sample_splits : 1, reg_lambda : 0.001, reg_lambda_tilde : 0.001, kernel : linear, density : conditional_kernel, bandwidth : 0.3, bandwidth_mode : heuristic, epsilon : 0.1, normalized : True, random_seed : 78, 
bias_direct: 0.046616189139760005
rmse_direct: 0.06465021148600386
bias_indirect: 0.014959254436262295
rmse_indirect: 0.019216030585642235
bias_total: 0.04500202931186579
rmse_total: 0.06112800207515512
bias_mr: 0.043615397629301646
rmse_mr: 0.059296441171613076
coverage: 0.0
