Experiment: expname : nonparametric_experiment, data : uniform, n_samples : 1000, mediator_dimension : 1, covariate_dimension : 1, alpha : 0.0, beta : 0.0, stochasticity : 1, gamma : 0.3, noise : uniform, 
Running with estimator : ipw, regularization : True, sample_splits : 1, reg_lambda : 0.001, reg_lambda_tilde : 0.001, kernel : linear, density : conditional_kernel, bandwidth : 0.3, bandwidth_mode : heuristic, epsilon : 0.1, normalized : True, random_seed : 64, 
bias_direct: 0.0819929805837732
rmse_direct: 0.09382906729390329
bias_indirect: 0.02958385622992111
rmse_indirect: 0.03873086298260317
bias_total: 0.08502852188518549
rmse_total: 0.098265283762031
bias_mr: 0.07525116490235725
rmse_mr: 0.08990461160599227
coverage: 0.0
