Experiment: expname : baselines_experiment, data : uniform, n_samples : 5000, mediator_dimension : 1, covariate_dimension : 1, alpha : 0.5, beta : 0.25, stochasticity : 1, gamma : 0.3, noise : uniform, 
Running with estimator : linear, regularization : True, sample_splits : 1, reg_lambda : 0.001, reg_lambda_tilde : 0.001, kernel : gauss, density : gaussian, bandwidth : 0.3, bandwidth_mode : heuristic, epsilon : 0.3, normalized : True, random_seed : 32, 
bias_direct: 0.2930978604245844
rmse_direct: 0.3359756777742652
bias_indirect: 0.005613897279200549
rmse_indirect: 0.0063804926948475196
bias_total: 0.2980131393757068
rmse_total: 0.34136357004916074
bias_mr: 0.2753342493682429
rmse_mr: 0.29412011464155885
coverage: 0.0
