Experiment: expname : nonparametric_experiment, data : uniform, n_samples : 1000, mediator_dimension : 1, covariate_dimension : 1, alpha : 0.0, beta : 0.0, stochasticity : 1, gamma : 0.3, noise : uniform, 
Running with estimator : kme_dml, regularization : True, sample_splits : 1, reg_lambda : 0.001, reg_lambda_tilde : 0.001, kernel : gauss, density : conditional_kernel, bandwidth : 0.3, bandwidth_mode : heuristic, epsilon : 0.1, normalized : True, random_seed : 27, 
bias_direct: 0.0456879798867251
rmse_direct: 0.06503384293937642
bias_indirect: 0.02364564454539033
rmse_indirect: 0.02830216242530493
bias_total: 0.0645919753544964
rmse_total: 0.08383732752138806
bias_mr: 0.05873575242693542
rmse_mr: 0.06759074019251625
coverage: 1.0
