Experiment: expname : nonparametric_experiment, data : uniform, n_samples : 1000, mediator_dimension : 1, covariate_dimension : 1, alpha : 0.0, beta : 0.0, stochasticity : 1, gamma : 0.3, noise : uniform, 
Running with estimator : ipw, regularization : True, sample_splits : 1, reg_lambda : 0.001, reg_lambda_tilde : 0.001, kernel : linear, density : conditional_kernel, bandwidth : 0.3, bandwidth_mode : heuristic, epsilon : 0.1, normalized : True, random_seed : 22, 
bias_direct: 0.11773913732732201
rmse_direct: 0.15467483959898934
bias_indirect: 0.027018989172550408
rmse_indirect: 0.034350510493376125
bias_total: 0.12086127723473725
rmse_total: 0.1582223470103999
bias_mr: 0.13030118863489734
rmse_mr: 0.17429103124367043
coverage: 0.0
