Experiment: expname : baselines_experiment, data : uniform, n_samples : 5000, mediator_dimension : 1, covariate_dimension : 1, alpha : 0.5, beta : 0.25, stochasticity : 1, gamma : 0.3, noise : uniform, 
Running with estimator : linear, regularization : True, sample_splits : 1, reg_lambda : 0.001, reg_lambda_tilde : 0.001, kernel : gauss, density : gaussian, bandwidth : 0.3, bandwidth_mode : heuristic, epsilon : 0.3, normalized : True, random_seed : 30, 
bias_direct: 0.29556939017110423
rmse_direct: 0.3386805385952535
bias_indirect: 0.0050980010522960265
rmse_indirect: 0.005794149207719721
bias_total: 0.30003297331467016
rmse_total: 0.34358747087803804
bias_mr: 0.27806869299628645
rmse_mr: 0.29698929100358035
coverage: 0.0
