Experiment: expname : nonparametric_experiment, data : uniform, n_samples : 1000, mediator_dimension : 1, covariate_dimension : 1, alpha : 0.0, beta : 0.0, stochasticity : 1, gamma : 0.3, noise : uniform, 
Running with estimator : kme_g_computation, regularization : True, sample_splits : 1, reg_lambda : 0.001, reg_lambda_tilde : 0.001, kernel : gauss, density : gaussian, bandwidth : 0.3, bandwidth_mode : heuristic, epsilon : 0.1, normalized : True, random_seed : 83, 
bias_direct: 0.1668871113540059
rmse_direct: 0.18664868375615912
bias_indirect: 0.1944352021907245
rmse_indirect: 0.2226120140339147
bias_total: 0.06373697871117315
rmse_total: 0.08090361959245367
bias_mr: 0.17612449627558366
rmse_mr: 0.2015165883777784
coverage: 0.0
