Experiment: expname : nonparametric_experiment, data : uniform, n_samples : 500, mediator_dimension : 1, covariate_dimension : 1, alpha : 0.0, beta : 0.0, stochasticity : 1, gamma : 0.3, noise : uniform, 
Running with estimator : kme_dml, regularization : True, sample_splits : 1, reg_lambda : 0.001, reg_lambda_tilde : 0.001, kernel : gauss, density : conditional_kernel, bandwidth : 0.3, bandwidth_mode : heuristic, epsilon : 0.1, normalized : True, random_seed : 84, 
bias_direct: 0.03530842976745028
rmse_direct: 0.0578024913867835
bias_indirect: 0.06632099283997844
rmse_indirect: 0.08528084089649404
bias_total: 0.04679338012204392
rmse_total: 0.05412492820650055
bias_mr: 0.0695172083584052
rmse_mr: 0.077902999749981
coverage: 1.0
