Experiment: expname : nonparametric_experiment, data : uniform, n_samples : 500, mediator_dimension : 1, covariate_dimension : 1, alpha : 0.0, beta : 0.0, stochasticity : 1, gamma : 0.3, noise : uniform, 
Running with estimator : kme_dml, regularization : True, sample_splits : 1, reg_lambda : 0.001, reg_lambda_tilde : 0.001, kernel : gauss, density : conditional_kernel, bandwidth : 0.3, bandwidth_mode : heuristic, epsilon : 0.1, normalized : True, random_seed : 82, 
bias_direct: 0.0453003440730985
rmse_direct: 0.05846026389371383
bias_indirect: 0.01580795748316677
rmse_indirect: 0.018343523389205914
bias_total: 0.047418003119820945
rmse_total: 0.062174361283041775
bias_mr: 0.05379389008033157
rmse_mr: 0.06402319091003517
coverage: 1.0
