Experiment: expname : nonparametric_experiment, data : uniform, n_samples : 5000, mediator_dimension : 1, covariate_dimension : 1, alpha : 0.0, beta : 0.0, stochasticity : 1, gamma : 0.3, noise : uniform, 
Running with estimator : kme_dml, regularization : True, sample_splits : 1, reg_lambda : 0.001, reg_lambda_tilde : 0.001, kernel : gauss, density : gaussian, bandwidth : 0.3, bandwidth_mode : heuristic, epsilon : 0.1, normalized : True, random_seed : 41, 
bias_direct: 0.0532891730222647
rmse_direct: 0.06258750361609189
bias_indirect: 0.007872029381184744
rmse_indirect: 0.009148469270769058
bias_total: 0.05758688965933902
rmse_total: 0.06785692956113058
bias_mr: 0.029299877700341703
rmse_mr: 0.03522592551348607
coverage: 1.0
