Experiment: expname : baselines_experiment, data : uniform, n_samples : 5000, mediator_dimension : 1, covariate_dimension : 1, alpha : 0.5, beta : 0.25, stochasticity : 1, gamma : 0.3, noise : uniform, 
Running with estimator : kme_g_computation, regularization : True, sample_splits : 1, reg_lambda : 0.001, reg_lambda_tilde : 0.001, kernel : gauss, density : gaussian, bandwidth : 0.3, bandwidth_mode : heuristic, epsilon : 0.3, normalized : True, random_seed : 60, 
bias_direct: 0.36998512282713425
rmse_direct: 0.4805564593164041
bias_indirect: 0.4214615340613225
rmse_indirect: 0.5404125923207411
bias_total: 0.05147641123418816
rmse_total: 0.06599024140572234
bias_mr: 0.39387995389177205
rmse_mr: 0.5153772840819925
coverage: 0.0
