Experiment: expname : baselines_experiment, data : uniform, n_samples : 500, mediator_dimension : 1, covariate_dimension : 1, alpha : 0.5, beta : 0.25, stochasticity : 1, gamma : 0.3, noise : uniform, 
Running with estimator : ipw, regularization : True, sample_splits : 1, reg_lambda : 0.001, reg_lambda_tilde : 0.001, kernel : gauss, density : gaussian, bandwidth : 0.3, bandwidth_mode : heuristic, epsilon : 0.3, normalized : True, random_seed : 99, 
bias_direct: 0.1853850146217483
rmse_direct: 0.20389117537990292
bias_indirect: 0.06982758620689661
rmse_indirect: 0.07936276378669078
bias_total: 0.12096766772208871
rmse_total: 0.14695729836303578
bias_mr: 0.25556969782783373
rmse_mr: 0.32088455257812626
coverage: 0.0
