Experiment: expname : baselines_experiment, data : uniform, n_samples : 5000, mediator_dimension : 1, covariate_dimension : 1, alpha : 0.5, beta : 0.25, stochasticity : 1, gamma : 0.3, noise : uniform, 
Running with estimator : ipw, regularization : True, sample_splits : 1, reg_lambda : 0.001, reg_lambda_tilde : 0.001, kernel : gauss, density : gaussian, bandwidth : 0.3, bandwidth_mode : heuristic, epsilon : 0.3, normalized : True, random_seed : 43, 
bias_direct: 0.08483617656041513
rmse_direct: 0.10316796933234378
bias_indirect: 0.0698275862068966
rmse_indirect: 0.07936276378669078
bias_total: 0.055879043422600735
rmse_total: 0.06586805447762044
bias_mr: 0.1541915125343395
rmse_mr: 0.18672248795133153
coverage: 0.0
