Experiment: expname : baselines_experiment, data : uniform, n_samples : 500, mediator_dimension : 1, covariate_dimension : 1, alpha : 0.5, beta : 0.25, stochasticity : 1, gamma : 0.3, noise : uniform, 
Running with estimator : linear, regularization : True, sample_splits : 1, reg_lambda : 0.001, reg_lambda_tilde : 0.001, kernel : gauss, density : gaussian, bandwidth : 0.3, bandwidth_mode : heuristic, epsilon : 0.3, normalized : True, random_seed : 87, 
bias_direct: 0.29435782798852966
rmse_direct: 0.3373534932306693
bias_indirect: 0.02615620737700465
rmse_indirect: 0.0297279201584645
bias_total: 0.2725204542812972
rmse_total: 0.3126982194432915
bias_mr: 0.27691630538332473
rmse_mr: 0.2956307284109297
coverage: 0.0
