Experiment: expname : nonparametric_experiment, data : uniform, n_samples : 1000, mediator_dimension : 1, covariate_dimension : 1, alpha : 0.0, beta : 0.0, stochasticity : 1, gamma : 0.3, noise : uniform, 
Running with estimator : ipw, regularization : True, sample_splits : 1, reg_lambda : 0.001, reg_lambda_tilde : 0.001, kernel : linear, density : conditional_kernel, bandwidth : 0.3, bandwidth_mode : heuristic, epsilon : 0.1, normalized : True, random_seed : 68, 
bias_direct: 0.16145355586966031
rmse_direct: 0.1721643464738489
bias_indirect: 0.06259879811800452
rmse_indirect: 0.06918267196215226
bias_total: 0.12150982338509311
rmse_total: 0.14687866977804104
bias_mr: 0.10077772426798869
rmse_mr: 0.12411725789329091
coverage: 0.0
