Experiment: expname : nonparametric_experiment, data : uniform, n_samples : 500, mediator_dimension : 1, covariate_dimension : 1, alpha : 0.0, beta : 0.0, stochasticity : 1, gamma : 0.3, noise : uniform, 
Running with estimator : kme_dml, regularization : True, sample_splits : 1, reg_lambda : 0.001, reg_lambda_tilde : 0.001, kernel : linear, density : gaussian, bandwidth : 0.3, bandwidth_mode : heuristic, epsilon : 0.1, normalized : True, random_seed : 26, 
bias_direct: 0.10435978390056691
rmse_direct: 0.11496057740243458
bias_indirect: 0.024380235388751042
rmse_indirect: 0.028214433736969812
bias_total: 0.08722690271515542
rmse_total: 0.10018523175470787
bias_mr: 0.10416750968927167
rmse_mr: 0.11444954910985933
coverage: 1.0
