Experiment: expname : nonparametric_experiment, data : uniform, n_samples : 5000, mediator_dimension : 1, covariate_dimension : 1, alpha : 0.0, beta : 0.0, stochasticity : 1, gamma : 0.3, noise : uniform, 
Running with estimator : kme_dml, regularization : True, sample_splits : 1, reg_lambda : 0.001, reg_lambda_tilde : 0.001, kernel : linear, density : gaussian, bandwidth : 0.3, bandwidth_mode : heuristic, epsilon : 0.1, normalized : True, random_seed : 31, 
bias_direct: 0.039359447804924994
rmse_direct: 0.050204488910981046
bias_indirect: 0.011134191794368194
rmse_indirect: 0.013962955261844387
bias_total: 0.03891481592395792
rmse_total: 0.054528728581839846
bias_mr: 0.025231886205385454
rmse_mr: 0.03155073655920963
coverage: 1.0
