Experiment: expname : nonparametric_experiment, data : uniform, n_samples : 500, mediator_dimension : 1, covariate_dimension : 1, alpha : 0.0, beta : 0.0, stochasticity : 1, gamma : 0.3, noise : uniform, 
Running with estimator : kme_g_computation, regularization : True, sample_splits : 1, reg_lambda : 0.001, reg_lambda_tilde : 0.001, kernel : gauss, density : gaussian, bandwidth : 0.3, bandwidth_mode : heuristic, epsilon : 0.1, normalized : True, random_seed : 20, 
bias_direct: 0.17618358329821218
rmse_direct: 0.19564807921590507
bias_indirect: 0.17569915159492488
rmse_indirect: 0.20243167551114608
bias_total: 0.041396494434088674
rmse_total: 0.051330072360995994
bias_mr: 0.19967056038304598
rmse_mr: 0.23196164847334325
coverage: 0.0
