Experiment: expname : baselines_experiment, data : uniform, n_samples : 5000, mediator_dimension : 1, covariate_dimension : 1, alpha : 0.5, beta : 0.25, stochasticity : 1, gamma : 0.3, noise : uniform, 
Running with estimator : ipw, regularization : True, sample_splits : 1, reg_lambda : 0.001, reg_lambda_tilde : 0.001, kernel : gauss, density : gaussian, bandwidth : 0.3, bandwidth_mode : heuristic, epsilon : 0.3, normalized : True, random_seed : 57, 
bias_direct: 0.08845272092802062
rmse_direct: 0.1040377445883758
bias_indirect: 0.06982758620689658
rmse_indirect: 0.07936276378669078
bias_total: 0.05452245310278279
rmse_total: 0.06247704776371233
bias_mr: 0.13377233122113005
rmse_mr: 0.1896668921120453
coverage: 0.0
