Experiment: expname : nonparametric_experiment, data : uniform, n_samples : 5000, mediator_dimension : 1, covariate_dimension : 1, alpha : 0.0, beta : 0.0, stochasticity : 1, gamma : 0.3, noise : uniform, 
Running with estimator : kme_g_computation, regularization : True, sample_splits : 1, reg_lambda : 0.001, reg_lambda_tilde : 0.001, kernel : linear, density : conditional_kernel, bandwidth : 0.3, bandwidth_mode : heuristic, epsilon : 0.1, normalized : True, random_seed : 98, 
bias_direct: 0.15802353224788404
rmse_direct: 0.17950087311772012
bias_indirect: 0.1692701786576682
rmse_indirect: 0.19238454365625124
bias_total: 0.011246646409784128
rmse_total: 0.013229311153125417
bias_mr: 0.1575778771316549
rmse_mr: 0.17987479267888404
coverage: 0.0
