Experiment: expname : nonparametric_experiment, data : uniform, n_samples : 500, mediator_dimension : 1, covariate_dimension : 1, alpha : 0.0, beta : 0.0, stochasticity : 1, gamma : 0.3, noise : uniform, 
Running with estimator : kme_dml, regularization : True, sample_splits : 1, reg_lambda : 0.001, reg_lambda_tilde : 0.001, kernel : gauss, density : conditional_kernel, bandwidth : 0.3, bandwidth_mode : heuristic, epsilon : 0.1, normalized : True, random_seed : 46, 
bias_direct: 0.08586745196374071
rmse_direct: 0.1100856417896407
bias_indirect: 0.032309450901204434
rmse_indirect: 0.039702819795000927
bias_total: 0.06811584864219272
rmse_total: 0.08764077773220494
bias_mr: 0.10477967245315857
rmse_mr: 0.11459422429569731
coverage: 1.0
