Experiment: expname : nonparametric_experiment, data : uniform, n_samples : 5000, mediator_dimension : 1, covariate_dimension : 1, alpha : 0.0, beta : 0.0, stochasticity : 1, gamma : 0.3, noise : uniform, 
Running with estimator : ipw, regularization : True, sample_splits : 1, reg_lambda : 0.001, reg_lambda_tilde : 0.001, kernel : gauss, density : gaussian, bandwidth : 0.3, bandwidth_mode : heuristic, epsilon : 0.1, normalized : True, random_seed : 30, 
bias_direct: 0.0743084003161823
rmse_direct: 0.08458908482721149
bias_indirect: 0.06982758620689662
rmse_indirect: 0.07936276378669078
bias_total: 0.044274542438822506
rmse_total: 0.06063897139056654
bias_mr: 0.07551363564824404
rmse_mr: 0.08598548748802362
coverage: 0.0
