Experiment: expname : nonparametric_experiment, data : uniform, n_samples : 500, mediator_dimension : 1, covariate_dimension : 1, alpha : 0.0, beta : 0.0, stochasticity : 1, gamma : 0.3, noise : uniform, 
Running with estimator : kme_dml, regularization : True, sample_splits : 1, reg_lambda : 0.001, reg_lambda_tilde : 0.001, kernel : linear, density : conditional_kernel, bandwidth : 0.3, bandwidth_mode : heuristic, epsilon : 0.1, normalized : True, random_seed : 13, 
bias_direct: 0.058647464234791016
rmse_direct: 0.0704558577827686
bias_indirect: 0.05393235791610499
rmse_indirect: 0.06815852108549879
bias_total: 0.1054593555887665
rmse_total: 0.12315657889194301
bias_mr: 0.058657425758510025
rmse_mr: 0.06921636290193225
coverage: 1.0
