Experiment: expname : baselines_experiment, data : uniform, n_samples : 5000, mediator_dimension : 1, covariate_dimension : 1, alpha : 0.5, beta : 0.25, stochasticity : 1, gamma : 0.3, noise : uniform, 
Running with estimator : linear, regularization : True, sample_splits : 1, reg_lambda : 0.001, reg_lambda_tilde : 0.001, kernel : gauss, density : gaussian, bandwidth : 0.3, bandwidth_mode : heuristic, epsilon : 0.3, normalized : True, random_seed : 77, 
bias_direct: 0.3098863737953373
rmse_direct: 0.3545143934638587
bias_indirect: 0.005623167071703635
rmse_indirect: 0.006391028306813176
bias_total: 0.30496297862589006
rmse_total: 0.3490387675167967
bias_mr: 0.29470527014058023
rmse_mr: 0.31384576204251874
coverage: 0.0
