Experiment: expname : nonparametric_experiment, data : uniform, n_samples : 500, mediator_dimension : 1, covariate_dimension : 1, alpha : 0.0, beta : 0.0, stochasticity : 1, gamma : 0.3, noise : uniform, 
Running with estimator : kme_dml, regularization : True, sample_splits : 1, reg_lambda : 0.001, reg_lambda_tilde : 0.001, kernel : gauss, density : conditional_kernel, bandwidth : 0.3, bandwidth_mode : heuristic, epsilon : 0.1, normalized : True, random_seed : 12, 
bias_direct: 0.08774821550142106
rmse_direct: 0.11853284765450706
bias_indirect: 0.047084702515153495
rmse_indirect: 0.05726115163790395
bias_total: 0.060615493294260706
rmse_total: 0.07294867697860642
bias_mr: 0.15006631512696214
rmse_mr: 0.1639873204510623
coverage: 0.6551724137931034
