Experiment: expname : nonparametric_experiment, data : uniform, n_samples : 5000, mediator_dimension : 1, covariate_dimension : 1, alpha : 0.0, beta : 0.0, stochasticity : 1, gamma : 0.3, noise : uniform, 
Running with estimator : kme_g_computation, regularization : True, sample_splits : 1, reg_lambda : 0.001, reg_lambda_tilde : 0.001, kernel : gauss, density : conditional_kernel, bandwidth : 0.3, bandwidth_mode : heuristic, epsilon : 0.1, normalized : True, random_seed : 72, 
bias_direct: 0.17542354793073853
rmse_direct: 0.19753917553691847
bias_indirect: 0.18058607672297983
rmse_indirect: 0.20453664581642367
bias_total: 0.00803706184322683
rmse_total: 0.01332459969685838
bias_mr: 0.17891676670435935
rmse_mr: 0.20206164723821585
coverage: 0.0
