Experiment: expname : baselines_experiment, data : uniform, n_samples : 5000, mediator_dimension : 1, covariate_dimension : 1, alpha : 0.5, beta : 0.25, stochasticity : 1, gamma : 0.3, noise : uniform, 
Running with estimator : kme_g_computation, regularization : True, sample_splits : 1, reg_lambda : 0.001, reg_lambda_tilde : 0.001, kernel : gauss, density : gaussian, bandwidth : 0.3, bandwidth_mode : heuristic, epsilon : 0.3, normalized : True, random_seed : 84, 
bias_direct: 0.38093116296179563
rmse_direct: 0.49984330289365764
bias_indirect: 0.466229928031603
rmse_indirect: 0.5909832345702493
bias_total: 0.08529876506980735
rmse_total: 0.1007724754341309
bias_mr: 0.3857668452392931
rmse_mr: 0.5069711578334396
coverage: 0.0
