Experiment: expname : nonparametric_experiment, data : uniform, n_samples : 5000, mediator_dimension : 1, covariate_dimension : 1, alpha : 0.0, beta : 0.0, stochasticity : 1, gamma : 0.3, noise : uniform, 
Running with estimator : kme_g_computation, regularization : True, sample_splits : 1, reg_lambda : 0.001, reg_lambda_tilde : 0.001, kernel : gauss, density : conditional_kernel, bandwidth : 0.3, bandwidth_mode : heuristic, epsilon : 0.1, normalized : True, random_seed : 54, 
bias_direct: 0.1622172861267172
rmse_direct: 0.18392670199581385
bias_indirect: 0.1710353214014035
rmse_indirect: 0.19886396948618307
bias_total: 0.02467730954674186
rmse_total: 0.0315205560300565
bias_mr: 0.16675514007435008
rmse_mr: 0.1900021719835757
coverage: 0.0
