Experiment: expname : nonparametric_experiment, data : uniform, n_samples : 5000, mediator_dimension : 1, covariate_dimension : 1, alpha : 0.0, beta : 0.0, stochasticity : 1, gamma : 0.3, noise : uniform, 
Running with estimator : kme_dml, regularization : True, sample_splits : 1, reg_lambda : 0.001, reg_lambda_tilde : 0.001, kernel : linear, density : conditional_kernel, bandwidth : 0.3, bandwidth_mode : heuristic, epsilon : 0.1, normalized : True, random_seed : 15, 
bias_direct: 0.07809563136528122
rmse_direct: 0.09028521010556985
bias_indirect: 0.014713646751262226
rmse_indirect: 0.017898435615234874
bias_total: 0.07419226021761582
rmse_total: 0.08563170951913054
bias_mr: 0.04611961173794561
rmse_mr: 0.059430794384097575
coverage: 0.7586206896551724
