Experiment: expname : nonparametric_experiment, data : uniform, n_samples : 1000, mediator_dimension : 1, covariate_dimension : 1, alpha : 0.0, beta : 0.0, stochasticity : 1, gamma : 0.3, noise : uniform, 
Running with estimator : kme_dml, regularization : True, sample_splits : 1, reg_lambda : 0.001, reg_lambda_tilde : 0.001, kernel : linear, density : conditional_kernel, bandwidth : 0.3, bandwidth_mode : heuristic, epsilon : 0.1, normalized : True, random_seed : 25, 
bias_direct: 0.10855939416520567
rmse_direct: 0.12794291045317774
bias_indirect: 0.0071766443290799805
rmse_indirect: 0.010053836253218838
bias_total: 0.10388208338229778
rmse_total: 0.12238339848678907
bias_mr: 0.08711930949471733
rmse_mr: 0.10266080199682479
coverage: 0.8275862068965517
