Experiment: expname : nonparametric_experiment, data : uniform, n_samples : 1000, mediator_dimension : 1, covariate_dimension : 1, alpha : 0.0, beta : 0.0, stochasticity : 1, gamma : 0.3, noise : uniform, 
Running with estimator : kme_g_computation, regularization : True, sample_splits : 1, reg_lambda : 0.001, reg_lambda_tilde : 0.001, kernel : gauss, density : conditional_kernel, bandwidth : 0.3, bandwidth_mode : heuristic, epsilon : 0.1, normalized : True, random_seed : 85, 
bias_direct: 0.12388994812996652
rmse_direct: 0.1554758213568483
bias_indirect: 0.12087727723300185
rmse_indirect: 0.15131432834250405
bias_total: 0.060229430512807894
rmse_total: 0.07215136963296674
bias_mr: 0.1215444222098985
rmse_mr: 0.1430131971793801
coverage: 0.0
