Experiment: expname : nonparametric_experiment, data : uniform, n_samples : 1000, mediator_dimension : 1, covariate_dimension : 1, alpha : 0.0, beta : 0.0, stochasticity : 1, gamma : 0.3, noise : uniform, 
Running with estimator : ipw, regularization : True, sample_splits : 1, reg_lambda : 0.001, reg_lambda_tilde : 0.001, kernel : gauss, density : conditional_kernel, bandwidth : 0.3, bandwidth_mode : heuristic, epsilon : 0.1, normalized : True, random_seed : 33, 
bias_direct: 0.14460603752519413
rmse_direct: 0.18264419218540726
bias_indirect: 0.040523648319816315
rmse_indirect: 0.0548924891444107
bias_total: 0.12313465445342327
rmse_total: 0.159057874489437
bias_mr: 0.11987366518481134
rmse_mr: 0.1487758009067308
coverage: 0.0
