Experiment: expname : nonparametric_experiment, data : uniform, n_samples : 5000, mediator_dimension : 1, covariate_dimension : 1, alpha : 0.0, beta : 0.0, stochasticity : 1, gamma : 0.3, noise : uniform, 
Running with estimator : kme_dml, regularization : True, sample_splits : 1, reg_lambda : 0.001, reg_lambda_tilde : 0.001, kernel : gauss, density : gaussian, bandwidth : 0.3, bandwidth_mode : heuristic, epsilon : 0.1, normalized : True, random_seed : 68, 
bias_direct: 0.05820562333257777
rmse_direct: 0.06579301955069361
bias_indirect: 0.011544305072135403
rmse_indirect: 0.015388343666546508
bias_total: 0.06761103873408006
rmse_total: 0.07591112130276598
bias_mr: 0.032305714024773266
rmse_mr: 0.037797564777892464
coverage: 1.0
