Experiment: expname : nonparametric_experiment, data : uniform, n_samples : 1000, mediator_dimension : 1, covariate_dimension : 1, alpha : 0.0, beta : 0.0, stochasticity : 1, gamma : 0.3, noise : uniform, 
Running with estimator : kme_dml, regularization : True, sample_splits : 1, reg_lambda : 0.001, reg_lambda_tilde : 0.001, kernel : gauss, density : gaussian, bandwidth : 0.3, bandwidth_mode : heuristic, epsilon : 0.1, normalized : True, random_seed : 37, 
bias_direct: 0.044686771767681766
rmse_direct: 0.06021731256709709
bias_indirect: 0.018049882671893582
rmse_indirect: 0.020166413383421077
bias_total: 0.05053469757719436
rmse_total: 0.06858392973652512
bias_mr: 0.050133218831836274
rmse_mr: 0.06975464611549616
coverage: 0.9310344827586207
