Experiment: expname : nonparametric_experiment, data : uniform, n_samples : 500, mediator_dimension : 1, covariate_dimension : 1, alpha : 0.0, beta : 0.0, stochasticity : 1, gamma : 0.3, noise : uniform, 
Running with estimator : kme_g_computation, regularization : True, sample_splits : 1, reg_lambda : 0.001, reg_lambda_tilde : 0.001, kernel : gauss, density : conditional_kernel, bandwidth : 0.3, bandwidth_mode : heuristic, epsilon : 0.1, normalized : True, random_seed : 6, 
bias_direct: 0.15536094024504846
rmse_direct: 0.18528211455348131
bias_indirect: 0.2080255088748178
rmse_indirect: 0.24956222171593279
bias_total: 0.10958684066485985
rmse_total: 0.13855687855376767
bias_mr: 0.1676503694721861
rmse_mr: 0.1869950118381671
coverage: 0.0
