Experiment: expname : baselines_experiment, data : uniform, n_samples : 500, mediator_dimension : 1, covariate_dimension : 1, alpha : 0.5, beta : 0.25, stochasticity : 1, gamma : 0.3, noise : uniform, 
Running with estimator : ipw, regularization : True, sample_splits : 1, reg_lambda : 0.001, reg_lambda_tilde : 0.001, kernel : gauss, density : gaussian, bandwidth : 0.3, bandwidth_mode : heuristic, epsilon : 0.3, normalized : True, random_seed : 83, 
bias_direct: 0.14312613625981438
rmse_direct: 0.1753558344720308
bias_indirect: 0.06982758620689661
rmse_indirect: 0.07936276378669078
bias_total: 0.14652154495534309
rmse_total: 0.1668320651584987
bias_mr: 0.14682160625825905
rmse_mr: 0.17630397890026034
coverage: 0.0
