Experiment: expname : baselines_experiment, data : uniform, n_samples : 5000, mediator_dimension : 1, covariate_dimension : 1, alpha : 0.5, beta : 0.25, stochasticity : 1, gamma : 0.3, noise : uniform, 
Running with estimator : linear, regularization : True, sample_splits : 1, reg_lambda : 0.001, reg_lambda_tilde : 0.001, kernel : gauss, density : gaussian, bandwidth : 0.3, bandwidth_mode : heuristic, epsilon : 0.3, normalized : True, random_seed : 41, 
bias_direct: 0.2866351172235706
rmse_direct: 0.32894557524232276
bias_indirect: 0.0037500185344114065
rmse_indirect: 0.0042620954168513265
bias_total: 0.28335176766233044
rmse_total: 0.3253986555720204
bias_mr: 0.2681165965672779
rmse_mr: 0.28669967284446973
coverage: 0.0
