Experiment: expname : nonparametric_experiment, data : uniform, n_samples : 1000, mediator_dimension : 1, covariate_dimension : 1, alpha : 0.0, beta : 0.0, stochasticity : 1, gamma : 0.3, noise : uniform, 
Running with estimator : ipw, regularization : True, sample_splits : 1, reg_lambda : 0.001, reg_lambda_tilde : 0.001, kernel : linear, density : gaussian, bandwidth : 0.3, bandwidth_mode : heuristic, epsilon : 0.1, normalized : True, random_seed : 81, 
bias_direct: 0.13329956550608593
rmse_direct: 0.1635355657008143
bias_indirect: 0.06982758620689662
rmse_indirect: 0.07936276378669081
bias_total: 0.11048247493701363
rmse_total: 0.13703261777763673
bias_mr: 0.10486551894972873
rmse_mr: 0.12837926594479848
coverage: 0.0
