Experiment: expname : nonparametric_experiment, data : uniform, n_samples : 500, mediator_dimension : 1, covariate_dimension : 1, alpha : 0.0, beta : 0.0, stochasticity : 1, gamma : 0.3, noise : uniform, 
Running with estimator : ipw, regularization : True, sample_splits : 1, reg_lambda : 0.001, reg_lambda_tilde : 0.001, kernel : gauss, density : gaussian, bandwidth : 0.3, bandwidth_mode : heuristic, epsilon : 0.1, normalized : True, random_seed : 17, 
bias_direct: 0.10924686388507193
rmse_direct: 0.13518193241916338
bias_indirect: 0.0698275862068966
rmse_indirect: 0.07936276378669078
bias_total: 0.1445000600843635
rmse_total: 0.16943161745188318
bias_mr: 0.08823233771686873
rmse_mr: 0.10455133132267116
coverage: 0.0
