Experiment: expname : nonparametric_experiment, data : uniform, n_samples : 500, mediator_dimension : 1, covariate_dimension : 1, alpha : 0.0, beta : 0.0, stochasticity : 1, gamma : 0.3, noise : uniform, 
Running with estimator : kme_dml, regularization : True, sample_splits : 1, reg_lambda : 0.001, reg_lambda_tilde : 0.001, kernel : linear, density : conditional_kernel, bandwidth : 0.3, bandwidth_mode : heuristic, epsilon : 0.1, normalized : True, random_seed : 61, 
bias_direct: 0.0682653623631999
rmse_direct: 0.07128793217837341
bias_indirect: 0.024088129656373948
rmse_indirect: 0.03226230213741815
bias_total: 0.08067058335662713
rmse_total: 0.08923379816397684
bias_mr: 0.07601912141269775
rmse_mr: 0.08152921778957045
coverage: 1.0
