Experiment: expname : baselines_experiment, data : uniform, n_samples : 1000, mediator_dimension : 1, covariate_dimension : 1, alpha : 0.5, beta : 0.25, stochasticity : 1, gamma : 0.3, noise : uniform, 
Running with estimator : linear, regularization : True, sample_splits : 1, reg_lambda : 0.001, reg_lambda_tilde : 0.001, kernel : gauss, density : gaussian, bandwidth : 0.3, bandwidth_mode : heuristic, epsilon : 0.3, normalized : True, random_seed : 44, 
bias_direct: 0.3623110268798224
rmse_direct: 0.41056682801267635
bias_indirect: 0.009761509498800088
rmse_indirect: 0.011094474471155292
bias_total: 0.35254951738102247
rmse_total: 0.4006440299278548
bias_mr: 0.35011871755495283
rmse_mr: 0.3725477641494731
coverage: 0.0
