Experiment: expname : nonparametric_experiment, data : uniform, n_samples : 500, mediator_dimension : 1, covariate_dimension : 1, alpha : 0.0, beta : 0.0, stochasticity : 1, gamma : 0.3, noise : uniform, 
Running with estimator : kme_dml, regularization : True, sample_splits : 1, reg_lambda : 0.001, reg_lambda_tilde : 0.001, kernel : gauss, density : conditional_kernel, bandwidth : 0.3, bandwidth_mode : heuristic, epsilon : 0.1, normalized : True, random_seed : 34, 
bias_direct: 0.028190119991661898
rmse_direct: 0.036809335630060405
bias_indirect: 0.030903166865346988
rmse_indirect: 0.04149281288167573
bias_total: 0.0361807143964222
rmse_total: 0.06268465782796051
bias_mr: 0.07757679326043496
rmse_mr: 0.0899737862861485
coverage: 0.9655172413793104
