Experiment: expname : nonparametric_experiment, data : uniform, n_samples : 500, mediator_dimension : 1, covariate_dimension : 1, alpha : 0.0, beta : 0.0, stochasticity : 1, gamma : 0.3, noise : uniform, 
Running with estimator : kme_dml, regularization : True, sample_splits : 1, reg_lambda : 0.001, reg_lambda_tilde : 0.001, kernel : gauss, density : gaussian, bandwidth : 0.3, bandwidth_mode : heuristic, epsilon : 0.1, normalized : True, random_seed : 88, 
bias_direct: 0.09784489485611811
rmse_direct: 0.12753021047422405
bias_indirect: 0.026702918332178305
rmse_indirect: 0.03257183448168916
bias_total: 0.09148761309062228
rmse_total: 0.13177382243655913
bias_mr: 0.07598339681408708
rmse_mr: 0.10578352444290083
coverage: 0.8620689655172413
