Experiment: expname : nonparametric_experiment, data : uniform, n_samples : 1000, mediator_dimension : 1, covariate_dimension : 1, alpha : 0.0, beta : 0.0, stochasticity : 1, gamma : 0.3, noise : uniform, 
Running with estimator : kme_dml, regularization : True, sample_splits : 1, reg_lambda : 0.001, reg_lambda_tilde : 0.001, kernel : gauss, density : gaussian, bandwidth : 0.3, bandwidth_mode : heuristic, epsilon : 0.1, normalized : True, random_seed : 73, 
bias_direct: 0.07970950169947874
rmse_direct: 0.1000706635350376
bias_indirect: 0.04229526633321185
rmse_indirect: 0.05191644391818061
bias_total: 0.044110221131975415
rmse_total: 0.06535934776350592
bias_mr: 0.04719625923778687
rmse_mr: 0.054746602461033925
coverage: 1.0
