Experiment: expname : nonparametric_experiment, data : uniform, n_samples : 5000, mediator_dimension : 1, covariate_dimension : 1, alpha : 0.0, beta : 0.0, stochasticity : 1, gamma : 0.3, noise : uniform, 
Running with estimator : kme_dml, regularization : True, sample_splits : 1, reg_lambda : 0.001, reg_lambda_tilde : 0.001, kernel : linear, density : gaussian, bandwidth : 0.3, bandwidth_mode : heuristic, epsilon : 0.1, normalized : True, random_seed : 30, 
bias_direct: 0.041790659383088694
rmse_direct: 0.05310507731551634
bias_indirect: 0.0032984869861578843
rmse_indirect: 0.0046435491028317954
bias_total: 0.04015480558219709
rmse_total: 0.0503060662615529
bias_mr: 0.03360426852869645
rmse_mr: 0.0428635817756319
coverage: 0.9310344827586207
