Experiment: expname : nonparametric_experiment, data : uniform, n_samples : 5000, mediator_dimension : 1, covariate_dimension : 1, alpha : 0.0, beta : 0.0, stochasticity : 1, gamma : 0.3, noise : uniform, 
Running with estimator : kme_dml, regularization : True, sample_splits : 1, reg_lambda : 0.001, reg_lambda_tilde : 0.001, kernel : linear, density : conditional_kernel, bandwidth : 0.3, bandwidth_mode : heuristic, epsilon : 0.1, normalized : True, random_seed : 29, 
bias_direct: 0.022436169032174463
rmse_direct: 0.030536258488428638
bias_indirect: 0.010073512287741724
rmse_indirect: 0.011034992653011035
bias_total: 0.023685611760746017
rmse_total: 0.0274265969386108
bias_mr: 0.02428943972447193
rmse_mr: 0.027530476447227028
coverage: 1.0
