Experiment: expname : nonparametric_experiment, data : uniform, n_samples : 500, mediator_dimension : 1, covariate_dimension : 1, alpha : 0.0, beta : 0.0, stochasticity : 1, gamma : 0.3, noise : uniform, 
Running with estimator : kme_dml, regularization : True, sample_splits : 1, reg_lambda : 0.001, reg_lambda_tilde : 0.001, kernel : gauss, density : gaussian, bandwidth : 0.3, bandwidth_mode : heuristic, epsilon : 0.1, normalized : True, random_seed : 91, 
bias_direct: 0.03505403173672445
rmse_direct: 0.05405722772982651
bias_indirect: 0.015346408578496671
rmse_indirect: 0.020354031219258772
bias_total: 0.03216107608929429
rmse_total: 0.040821433325126735
bias_mr: 0.06820041777227756
rmse_mr: 0.07208631793166535
coverage: 1.0
