Experiment: expname : nonparametric_experiment, data : uniform, n_samples : 1000, mediator_dimension : 1, covariate_dimension : 1, alpha : 0.0, beta : 0.0, stochasticity : 1, gamma : 0.3, noise : uniform, 
Running with estimator : ipw, regularization : True, sample_splits : 1, reg_lambda : 0.001, reg_lambda_tilde : 0.001, kernel : linear, density : conditional_kernel, bandwidth : 0.3, bandwidth_mode : heuristic, epsilon : 0.1, normalized : True, random_seed : 41, 
bias_direct: 0.07310362534568332
rmse_direct: 0.08578488310517073
bias_indirect: 0.03539418706676547
rmse_indirect: 0.03771451310891501
bias_total: 0.08836261986214214
rmse_total: 0.10202793972617479
bias_mr: 0.10080644598903701
rmse_mr: 0.11959282032987134
coverage: 0.0
