Experiment: expname : nonparametric_experiment, data : uniform, n_samples : 500, mediator_dimension : 1, covariate_dimension : 1, alpha : 0.0, beta : 0.0, stochasticity : 1, gamma : 0.3, noise : uniform, 
Running with estimator : kme_dml, regularization : True, sample_splits : 1, reg_lambda : 0.001, reg_lambda_tilde : 0.001, kernel : gauss, density : gaussian, bandwidth : 0.3, bandwidth_mode : heuristic, epsilon : 0.1, normalized : True, random_seed : 92, 
bias_direct: 0.16256683059961902
rmse_direct: 0.18339122060389995
bias_indirect: 0.015675625201116518
rmse_indirect: 0.02209971918247877
bias_total: 0.1705915761090877
rmse_total: 0.19044657774672674
bias_mr: 0.07012322734577735
rmse_mr: 0.08546790533390386
coverage: 1.0
