Experiment: expname : baselines_experiment, data : uniform, n_samples : 500, mediator_dimension : 1, covariate_dimension : 1, alpha : 0.5, beta : 0.25, stochasticity : 1, gamma : 0.3, noise : uniform, 
Running with estimator : linear, regularization : True, sample_splits : 1, reg_lambda : 0.001, reg_lambda_tilde : 0.001, kernel : gauss, density : gaussian, bandwidth : 0.3, bandwidth_mode : heuristic, epsilon : 0.3, normalized : True, random_seed : 49, 
bias_direct: 0.30365520901048887
rmse_direct: 0.34758956553937753
bias_indirect: 0.002250870412006254
rmse_indirect: 0.002558233880421039
bias_total: 0.30168444691642127
rmse_total: 0.34540994477603776
bias_mr: 0.2869973685669354
rmse_mr: 0.3065657237858972
coverage: 0.0
