Experiment: expname : nonparametric_experiment, data : uniform, n_samples : 500, mediator_dimension : 1, covariate_dimension : 1, alpha : 0.0, beta : 0.0, stochasticity : 1, gamma : 0.3, noise : uniform, 
Running with estimator : kme_dml, regularization : True, sample_splits : 1, reg_lambda : 0.001, reg_lambda_tilde : 0.001, kernel : linear, density : conditional_kernel, bandwidth : 0.3, bandwidth_mode : heuristic, epsilon : 0.1, normalized : True, random_seed : 59, 
bias_direct: 0.08200289148390613
rmse_direct: 0.0902035076775025
bias_indirect: 0.034206865079950126
rmse_indirect: 0.03910845037729453
bias_total: 0.05294803955630362
rmse_total: 0.05865000241274494
bias_mr: 0.07143972254918697
rmse_mr: 0.07738257865981465
coverage: 1.0
