Experiment: expname : nonparametric_experiment, data : uniform, n_samples : 1000, mediator_dimension : 1, covariate_dimension : 1, alpha : 0.0, beta : 0.0, stochasticity : 1, gamma : 0.3, noise : uniform, 
Running with estimator : ipw, regularization : True, sample_splits : 1, reg_lambda : 0.001, reg_lambda_tilde : 0.001, kernel : gauss, density : conditional_kernel, bandwidth : 0.3, bandwidth_mode : heuristic, epsilon : 0.1, normalized : True, random_seed : 74, 
bias_direct: 0.16070072276777608
rmse_direct: 0.18582801585037237
bias_indirect: 0.016503501326881206
rmse_indirect: 0.02317099311004046
bias_total: 0.16966704693199008
rmse_total: 0.19300571654954438
bias_mr: 0.09152461634420597
rmse_mr: 0.10428940868132766
coverage: 0.0
