Experiment: expname : baselines_experiment, data : uniform, n_samples : 5000, mediator_dimension : 1, covariate_dimension : 1, alpha : 0.5, beta : 0.25, stochasticity : 1, gamma : 0.3, noise : uniform, 
Running with estimator : kme_g_computation, regularization : True, sample_splits : 1, reg_lambda : 0.001, reg_lambda_tilde : 0.001, kernel : gauss, density : gaussian, bandwidth : 0.3, bandwidth_mode : heuristic, epsilon : 0.3, normalized : True, random_seed : 42, 
bias_direct: 0.39386044853674584
rmse_direct: 0.5114783921856066
bias_indirect: 0.4420406479697861
rmse_indirect: 0.5641329927626566
bias_total: 0.04866177052135506
rmse_total: 0.06305880727133334
bias_mr: 0.3951825106309798
rmse_mr: 0.5133718563728447
coverage: 0.0
