Experiment: expname : baselines_experiment, data : uniform, n_samples : 1000, mediator_dimension : 1, covariate_dimension : 1, alpha : 0.5, beta : 0.25, stochasticity : 1, gamma : 0.3, noise : uniform, 
Running with estimator : linear, regularization : True, sample_splits : 1, reg_lambda : 0.001, reg_lambda_tilde : 0.001, kernel : gauss, density : gaussian, bandwidth : 0.3, bandwidth_mode : heuristic, epsilon : 0.3, normalized : True, random_seed : 58, 
bias_direct: 0.27357748364885576
rmse_direct: 0.3139871208050248
bias_indirect: 0.003698821746580787
rmse_indirect: 0.004203907545840005
bias_total: 0.27076637912145435
rmse_total: 0.31056531756359923
bias_mr: 0.2526792238404854
rmse_mr: 0.27136715784206444
coverage: 0.0
