Experiment: expname : nonparametric_experiment, data : uniform, n_samples : 1000, mediator_dimension : 1, covariate_dimension : 1, alpha : 0.0, beta : 0.0, stochasticity : 1, gamma : 0.3, noise : uniform, 
Running with estimator : kme_g_computation, regularization : True, sample_splits : 1, reg_lambda : 0.001, reg_lambda_tilde : 0.001, kernel : linear, density : gaussian, bandwidth : 0.3, bandwidth_mode : heuristic, epsilon : 0.1, normalized : True, random_seed : 76, 
bias_direct: 0.16706522818039057
rmse_direct: 0.19021227565529022
bias_indirect: 0.16697593465915553
rmse_indirect: 0.18977698336771914
bias_total: 0.004349719806510158
rmse_total: 0.00574275621217031
bias_mr: 0.17667020397849928
rmse_mr: 0.2101981601312613
coverage: 0.0
