Experiment: expname : baselines_experiment, data : uniform, n_samples : 1000, mediator_dimension : 1, covariate_dimension : 1, alpha : 0.5, beta : 0.25, stochasticity : 1, gamma : 0.3, noise : uniform, 
Running with estimator : linear, regularization : True, sample_splits : 1, reg_lambda : 0.001, reg_lambda_tilde : 0.001, kernel : gauss, density : gaussian, bandwidth : 0.3, bandwidth_mode : heuristic, epsilon : 0.3, normalized : True, random_seed : 91, 
bias_direct: 0.29495796523954293
rmse_direct: 0.33801057068412066
bias_indirect: 0.014475444191175042
rmse_indirect: 0.016452111843702627
bias_total: 0.28228390965882516
rmse_total: 0.3242487873854938
bias_mr: 0.2778945367812043
rmse_mr: 0.2966089521063576
coverage: 0.0
