Experiment: expname : nonparametric_experiment, data : uniform, n_samples : 500, mediator_dimension : 1, covariate_dimension : 1, alpha : 0.0, beta : 0.0, stochasticity : 1, gamma : 0.3, noise : uniform, 
Running with estimator : kme_g_computation, regularization : True, sample_splits : 1, reg_lambda : 0.001, reg_lambda_tilde : 0.001, kernel : linear, density : conditional_kernel, bandwidth : 0.3, bandwidth_mode : heuristic, epsilon : 0.1, normalized : True, random_seed : 74, 
bias_direct: 0.1458345110179922
rmse_direct: 0.16632172569792394
bias_indirect: 0.16774033305419062
rmse_indirect: 0.1906458210345244
bias_total: 0.02190582203619843
rmse_total: 0.02593536317675949
bias_mr: 0.14524264641599863
rmse_mr: 0.16510487860255157
coverage: 0.0
