Experiment: expname : nonparametric_experiment, data : uniform, n_samples : 500, mediator_dimension : 1, covariate_dimension : 1, alpha : 0.0, beta : 0.0, stochasticity : 1, gamma : 0.3, noise : uniform, 
Running with estimator : kme_g_computation, regularization : True, sample_splits : 1, reg_lambda : 0.001, reg_lambda_tilde : 0.001, kernel : linear, density : gaussian, bandwidth : 0.3, bandwidth_mode : heuristic, epsilon : 0.1, normalized : True, random_seed : 86, 
bias_direct: 0.16828319707543696
rmse_direct: 0.19195572694146643
bias_indirect: 0.12772269554405086
rmse_indirect: 0.14516359084299646
bias_total: 0.04056050153138611
rmse_total: 0.0476033387184164
bias_mr: 0.19384648102540258
rmse_mr: 0.23640019594531686
coverage: 0.0
