Experiment: expname : nonparametric_experiment, data : uniform, n_samples : 500, mediator_dimension : 1, covariate_dimension : 1, alpha : 0.0, beta : 0.0, stochasticity : 1, gamma : 0.3, noise : uniform, 
Running with estimator : kme_dml, regularization : True, sample_splits : 1, reg_lambda : 0.001, reg_lambda_tilde : 0.001, kernel : linear, density : gaussian, bandwidth : 0.3, bandwidth_mode : heuristic, epsilon : 0.1, normalized : True, random_seed : 15, 
bias_direct: 0.08533814486410876
rmse_direct: 0.11303453428248854
bias_indirect: 0.016491117506455148
rmse_indirect: 0.021075371263100672
bias_total: 0.09318503765972276
rmse_total: 0.11641707344189477
bias_mr: 0.09729784106942348
rmse_mr: 0.10821410937786936
coverage: 1.0
