Experiment: expname : nonparametric_experiment, data : uniform, n_samples : 500, mediator_dimension : 1, covariate_dimension : 1, alpha : 0.0, beta : 0.0, stochasticity : 1, gamma : 0.3, noise : uniform, 
Running with estimator : kme_dml, regularization : True, sample_splits : 1, reg_lambda : 0.001, reg_lambda_tilde : 0.001, kernel : gauss, density : gaussian, bandwidth : 0.3, bandwidth_mode : heuristic, epsilon : 0.1, normalized : True, random_seed : 6, 
bias_direct: 0.05842963579554425
rmse_direct: 0.08420856414687351
bias_indirect: 0.09044456231505635
rmse_indirect: 0.10349036786089176
bias_total: 0.14881828492759144
rmse_total: 0.17903842606862824
bias_mr: 0.09989154501974631
rmse_mr: 0.11020681009894702
coverage: 1.0
