Experiment: expname : baselines_experiment, data : uniform, n_samples : 5000, mediator_dimension : 1, covariate_dimension : 1, alpha : 0.5, beta : 0.25, stochasticity : 1, gamma : 0.3, noise : uniform, 
Running with estimator : linear, regularization : True, sample_splits : 1, reg_lambda : 0.001, reg_lambda_tilde : 0.001, kernel : gauss, density : gaussian, bandwidth : 0.3, bandwidth_mode : heuristic, epsilon : 0.3, normalized : True, random_seed : 93, 
bias_direct: 0.31223738965286574
rmse_direct: 0.35713984020552314
bias_indirect: 0.0007845570508635247
rmse_indirect: 0.0008916907956746051
bias_total: 0.3115504663683319
rmse_total: 0.3563720308903304
bias_mr: 0.297559941496069
rmse_mr: 0.3167880371186987
coverage: 0.0
