Experiment: expname : nonparametric_experiment, data : uniform, n_samples : 500, mediator_dimension : 1, covariate_dimension : 1, alpha : 0.0, beta : 0.0, stochasticity : 1, gamma : 0.3, noise : uniform, 
Running with estimator : kme_g_computation, regularization : True, sample_splits : 1, reg_lambda : 0.001, reg_lambda_tilde : 0.001, kernel : linear, density : conditional_kernel, bandwidth : 0.3, bandwidth_mode : heuristic, epsilon : 0.1, normalized : True, random_seed : 40, 
bias_direct: 0.13690540868414527
rmse_direct: 0.1557949110941641
bias_indirect: 0.1974747035641781
rmse_indirect: 0.22444046988622618
bias_total: 0.060569294880032855
rmse_total: 0.07163681492619582
bias_mr: 0.1752918726927125
rmse_mr: 0.21522224137973267
coverage: 0.0
