Experiment: expname : nonparametric_experiment, data : uniform, n_samples : 1000, mediator_dimension : 1, covariate_dimension : 1, alpha : 0.0, beta : 0.0, stochasticity : 1, gamma : 0.3, noise : uniform, 
Running with estimator : ipw, regularization : True, sample_splits : 1, reg_lambda : 0.001, reg_lambda_tilde : 0.001, kernel : linear, density : gaussian, bandwidth : 0.3, bandwidth_mode : heuristic, epsilon : 0.1, normalized : True, random_seed : 68, 
bias_direct: 0.16972364708733137
rmse_direct: 0.17958838445509315
bias_indirect: 0.06982758620689661
rmse_indirect: 0.07936276378669077
bias_total: 0.12224088846664158
rmse_total: 0.14196353475556306
bias_mr: 0.1414979888919236
rmse_mr: 0.16593763938758907
coverage: 0.0
