Experiment: expname : nonparametric_experiment, data : uniform, n_samples : 5000, mediator_dimension : 1, covariate_dimension : 1, alpha : 0.0, beta : 0.0, stochasticity : 1, gamma : 0.3, noise : uniform, 
Running with estimator : kme_dml, regularization : True, sample_splits : 1, reg_lambda : 0.001, reg_lambda_tilde : 0.001, kernel : gauss, density : gaussian, bandwidth : 0.3, bandwidth_mode : heuristic, epsilon : 0.1, normalized : True, random_seed : 77, 
bias_direct: 0.03015509032679654
rmse_direct: 0.040829308226520526
bias_indirect: 0.01777606201082979
rmse_indirect: 0.02096001283377291
bias_total: 0.03445953607703645
rmse_total: 0.04403994349264902
bias_mr: 0.04590677635013506
rmse_mr: 0.05462993842873757
coverage: 0.8275862068965517
