Experiment: expname : nonparametric_experiment, data : uniform, n_samples : 500, mediator_dimension : 1, covariate_dimension : 1, alpha : 0.0, beta : 0.0, stochasticity : 1, gamma : 0.3, noise : uniform, 
Running with estimator : kme_g_computation, regularization : True, sample_splits : 1, reg_lambda : 0.001, reg_lambda_tilde : 0.001, kernel : linear, density : gaussian, bandwidth : 0.3, bandwidth_mode : heuristic, epsilon : 0.1, normalized : True, random_seed : 68, 
bias_direct: 0.1840543406314636
rmse_direct: 0.20899381856556615
bias_indirect: 0.11069998343104831
rmse_indirect: 0.12581632028405537
bias_total: 0.07335435720041526
rmse_total: 0.08350907121587736
bias_mr: 0.18463894300083372
rmse_mr: 0.2098119579063747
coverage: 0.0
