Experiment: expname : nonparametric_experiment, data : uniform, n_samples : 500, mediator_dimension : 1, covariate_dimension : 1, alpha : 0.0, beta : 0.0, stochasticity : 1, gamma : 0.3, noise : uniform, 
Running with estimator : ipw, regularization : True, sample_splits : 1, reg_lambda : 0.001, reg_lambda_tilde : 0.001, kernel : linear, density : conditional_kernel, bandwidth : 0.3, bandwidth_mode : heuristic, epsilon : 0.1, normalized : True, random_seed : 7, 
bias_direct: 0.14996986941338192
rmse_direct: 0.17852431265829694
bias_indirect: 0.05141730597586452
rmse_indirect: 0.06659230614950491
bias_total: 0.12138595539143587
rmse_total: 0.14229766227778798
bias_mr: 0.09352955190245654
rmse_mr: 0.13073337138471702
coverage: 0.0
