Experiment: expname : nonparametric_experiment, data : uniform, n_samples : 1000, mediator_dimension : 1, covariate_dimension : 1, alpha : 0.0, beta : 0.0, stochasticity : 1, gamma : 0.3, noise : uniform, 
Running with estimator : kme_g_computation, regularization : True, sample_splits : 1, reg_lambda : 0.001, reg_lambda_tilde : 0.001, kernel : gauss, density : conditional_kernel, bandwidth : 0.3, bandwidth_mode : heuristic, epsilon : 0.1, normalized : True, random_seed : 98, 
bias_direct: 0.1506800913408572
rmse_direct: 0.17405607705263595
bias_indirect: 0.15754648972876328
rmse_indirect: 0.17739763007425083
bias_total: 0.031497185265433075
rmse_total: 0.04182974752950711
bias_mr: 0.15505404442632523
rmse_mr: 0.18371130852127857
coverage: 0.0
