Experiment: expname : baselines_experiment, data : uniform, n_samples : 5000, mediator_dimension : 1, covariate_dimension : 1, alpha : 0.5, beta : 0.25, stochasticity : 1, gamma : 0.3, noise : uniform, 
Running with estimator : kme_g_computation, regularization : True, sample_splits : 1, reg_lambda : 0.001, reg_lambda_tilde : 0.001, kernel : gauss, density : gaussian, bandwidth : 0.3, bandwidth_mode : heuristic, epsilon : 0.3, normalized : True, random_seed : 32, 
bias_direct: 0.36826355896818996
rmse_direct: 0.48182182207287544
bias_indirect: 0.4123642182894323
rmse_indirect: 0.5336092309339487
bias_total: 0.048840182421289936
rmse_total: 0.07523580514318579
bias_mr: 0.38648391620522743
rmse_mr: 0.5062891818505653
coverage: 0.0
