Experiment: expname : baselines_experiment, data : uniform, n_samples : 1000, mediator_dimension : 1, covariate_dimension : 1, alpha : 0.5, beta : 0.25, stochasticity : 1, gamma : 0.3, noise : uniform, 
Running with estimator : kme_g_computation, regularization : True, sample_splits : 1, reg_lambda : 0.001, reg_lambda_tilde : 0.001, kernel : gauss, density : gaussian, bandwidth : 0.3, bandwidth_mode : heuristic, epsilon : 0.3, normalized : True, random_seed : 14, 
bias_direct: 0.3991184055959199
rmse_direct: 0.5175770741478146
bias_indirect: 0.43671758376064446
rmse_indirect: 0.5642139653939258
bias_total: 0.06736131126110279
rmse_total: 0.09890865902740065
bias_mr: 0.39466728730425
rmse_mr: 0.5103315144322548
coverage: 0.0
