Experiment: expname : nonparametric_experiment, data : uniform, n_samples : 5000, mediator_dimension : 1, covariate_dimension : 1, alpha : 0.0, beta : 0.0, stochasticity : 1, gamma : 0.3, noise : uniform, 
Running with estimator : ipw, regularization : True, sample_splits : 1, reg_lambda : 0.001, reg_lambda_tilde : 0.001, kernel : linear, density : gaussian, bandwidth : 0.3, bandwidth_mode : heuristic, epsilon : 0.1, normalized : True, random_seed : 57, 
bias_direct: 0.07929757466059358
rmse_direct: 0.09229954714486159
bias_indirect: 0.06982758620689661
rmse_indirect: 0.0793627637866908
bias_total: 0.05358437399743434
rmse_total: 0.06425697478065202
bias_mr: 0.06526363217121728
rmse_mr: 0.08032449542862789
coverage: 0.0
