Experiment: expname : nonparametric_experiment, data : uniform, n_samples : 5000, mediator_dimension : 1, covariate_dimension : 1, alpha : 0.0, beta : 0.0, stochasticity : 1, gamma : 0.3, noise : uniform, 
Running with estimator : kme_g_computation, regularization : True, sample_splits : 1, reg_lambda : 0.001, reg_lambda_tilde : 0.001, kernel : linear, density : conditional_kernel, bandwidth : 0.3, bandwidth_mode : heuristic, epsilon : 0.1, normalized : True, random_seed : 27, 
bias_direct: 0.16449914146412292
rmse_direct: 0.18682676136955553
bias_indirect: 0.1624913959462464
rmse_indirect: 0.18468010327106105
bias_total: 0.003294926585907644
rmse_total: 0.004777647598323577
bias_mr: 0.16480738934080127
rmse_mr: 0.18730276910784152
coverage: 0.0
