Experiment: expname : nonparametric_experiment, data : uniform, n_samples : 500, mediator_dimension : 1, covariate_dimension : 1, alpha : 0.0, beta : 0.0, stochasticity : 1, gamma : 0.3, noise : uniform, 
Running with estimator : kme_g_computation, regularization : True, sample_splits : 1, reg_lambda : 0.001, reg_lambda_tilde : 0.001, kernel : linear, density : gaussian, bandwidth : 0.3, bandwidth_mode : heuristic, epsilon : 0.1, normalized : True, random_seed : 31, 
bias_direct: 0.14212957154314432
rmse_direct: 0.16156901648154648
bias_indirect: 0.1577893509828423
rmse_indirect: 0.17933596784108377
bias_total: 0.01565977943969797
rmse_total: 0.01777954416530682
bias_mr: 0.14438929891832947
rmse_mr: 0.16712730216563912
coverage: 0.0
