Experiment: expname : nonparametric_experiment, data : uniform, n_samples : 500, mediator_dimension : 1, covariate_dimension : 1, alpha : 0.0, beta : 0.0, stochasticity : 1, gamma : 0.3, noise : uniform, 
Running with estimator : kme_dml, regularization : True, sample_splits : 1, reg_lambda : 0.001, reg_lambda_tilde : 0.001, kernel : linear, density : conditional_kernel, bandwidth : 0.3, bandwidth_mode : heuristic, epsilon : 0.1, normalized : True, random_seed : 81, 
bias_direct: 0.07397739804003814
rmse_direct: 0.09476797080402816
bias_indirect: 0.05596544057677792
rmse_indirect: 0.06356043173822469
bias_total: 0.128662748002856
rmse_total: 0.15194128823435454
bias_mr: 0.05690118827216893
rmse_mr: 0.07861035328972939
coverage: 0.9655172413793104
