Experiment: expname : nonparametric_experiment, data : uniform, n_samples : 5000, mediator_dimension : 1, covariate_dimension : 1, alpha : 0.0, beta : 0.0, stochasticity : 1, gamma : 0.3, noise : uniform, 
Running with estimator : ipw, regularization : True, sample_splits : 1, reg_lambda : 0.001, reg_lambda_tilde : 0.001, kernel : gauss, density : conditional_kernel, bandwidth : 0.3, bandwidth_mode : heuristic, epsilon : 0.1, normalized : True, random_seed : 42, 
bias_direct: 0.05123322624807894
rmse_direct: 0.059426090521664955
bias_indirect: 0.03329808566556504
rmse_indirect: 0.03744474983966308
bias_total: 0.03454804636278209
rmse_total: 0.043456133744798287
bias_mr: 0.041259091722727376
rmse_mr: 0.05489979565119865
coverage: 0.0
