Experiment: expname : nonparametric_experiment, data : uniform, n_samples : 1000, mediator_dimension : 1, covariate_dimension : 1, alpha : 0.0, beta : 0.0, stochasticity : 1, gamma : 0.3, noise : uniform, 
Running with estimator : kme_dml, regularization : True, sample_splits : 1, reg_lambda : 0.001, reg_lambda_tilde : 0.001, kernel : linear, density : gaussian, bandwidth : 0.3, bandwidth_mode : heuristic, epsilon : 0.1, normalized : True, random_seed : 3, 
bias_direct: 0.05039291561391989
rmse_direct: 0.058249845401776766
bias_indirect: 0.005874266916231269
rmse_indirect: 0.007018916552060664
bias_total: 0.047434430930084134
rmse_total: 0.05806797458587008
bias_mr: 0.05529471404137508
rmse_mr: 0.059774387883486824
coverage: 1.0
