Experiment: expname : baselines_experiment, data : uniform, n_samples : 5000, mediator_dimension : 1, covariate_dimension : 1, alpha : 0.5, beta : 0.25, stochasticity : 1, gamma : 0.3, noise : uniform, 
Running with estimator : ipw, regularization : True, sample_splits : 1, reg_lambda : 0.001, reg_lambda_tilde : 0.001, kernel : gauss, density : gaussian, bandwidth : 0.3, bandwidth_mode : heuristic, epsilon : 0.3, normalized : True, random_seed : 90, 
bias_direct: 0.11666472402497485
rmse_direct: 0.15089252076658638
bias_indirect: 0.06982758620689661
rmse_indirect: 0.07936276378669078
bias_total: 0.07403064562082395
rmse_total: 0.09895485247948618
bias_mr: 0.1442379855235834
rmse_mr: 0.21507195107716123
coverage: 0.0
