Experiment: expname : baselines_experiment, data : uniform, n_samples : 5000, mediator_dimension : 1, covariate_dimension : 1, alpha : 0.5, beta : 0.25, stochasticity : 1, gamma : 0.3, noise : uniform, 
Running with estimator : kme_g_computation, regularization : True, sample_splits : 1, reg_lambda : 0.001, reg_lambda_tilde : 0.001, kernel : gauss, density : gaussian, bandwidth : 0.3, bandwidth_mode : heuristic, epsilon : 0.3, normalized : True, random_seed : 92, 
bias_direct: 0.37900753691969613
rmse_direct: 0.4894812988637221
bias_indirect: 0.4137773489199128
rmse_indirect: 0.5340407047017517
bias_total: 0.03705299903346793
rmse_total: 0.04951304892095132
bias_mr: 0.4032865847722315
rmse_mr: 0.5251047762981672
coverage: 0.0
