Experiment: expname : nonparametric_experiment, data : uniform, n_samples : 500, mediator_dimension : 1, covariate_dimension : 1, alpha : 0.0, beta : 0.0, stochasticity : 1, gamma : 0.3, noise : uniform, 
Running with estimator : kme_g_computation, regularization : True, sample_splits : 1, reg_lambda : 0.001, reg_lambda_tilde : 0.001, kernel : gauss, density : gaussian, bandwidth : 0.3, bandwidth_mode : heuristic, epsilon : 0.1, normalized : True, random_seed : 31, 
bias_direct: 0.1372434781149493
rmse_direct: 0.1728237599850412
bias_indirect: 0.18877211456878326
rmse_indirect: 0.21208137237018673
bias_total: 0.057132480503105536
rmse_total: 0.06337820874968757
bias_mr: 0.13950168154421239
rmse_mr: 0.17290334547380423
coverage: 0.0
