Experiment: expname : nonparametric_experiment, data : uniform, n_samples : 5000, mediator_dimension : 1, covariate_dimension : 1, alpha : 0.0, beta : 0.0, stochasticity : 1, gamma : 0.3, noise : uniform, 
Running with estimator : kme_dml, regularization : True, sample_splits : 1, reg_lambda : 0.001, reg_lambda_tilde : 0.001, kernel : gauss, density : gaussian, bandwidth : 0.3, bandwidth_mode : heuristic, epsilon : 0.1, normalized : True, random_seed : 73, 
bias_direct: 0.06020944607735397
rmse_direct: 0.06760817401931857
bias_indirect: 0.009125219686102946
rmse_indirect: 0.011860987937978238
bias_total: 0.05314415695959314
rmse_total: 0.06213913150257019
bias_mr: 0.039965784098103564
rmse_mr: 0.04898833932019788
coverage: 0.8620689655172413
