Experiment: expname : baselines_experiment, data : uniform, n_samples : 500, mediator_dimension : 1, covariate_dimension : 1, alpha : 0.5, beta : 0.25, stochasticity : 1, gamma : 0.3, noise : uniform, 
Running with estimator : kme_dml, regularization : True, sample_splits : 1, reg_lambda : 0.001, reg_lambda_tilde : 0.001, kernel : gauss, density : gaussian, bandwidth : 0.3, bandwidth_mode : heuristic, epsilon : 0.3, normalized : True, random_seed : 98, 
bias_direct: 0.1269574002585055
rmse_direct: 0.15068427136200033
bias_indirect: 0.04394867128818856
rmse_indirect: 0.04951864026761847
bias_total: 0.08674724263944675
rmse_total: 0.11173221219586621
bias_mr: 0.13266150700913168
rmse_mr: 0.1457645001244462
coverage: 1.0
