Experiment: expname : baselines_experiment, data : uniform, n_samples : 5000, mediator_dimension : 1, covariate_dimension : 1, alpha : 0.5, beta : 0.25, stochasticity : 1, gamma : 0.3, noise : uniform, 
Running with estimator : ipw, regularization : True, sample_splits : 1, reg_lambda : 0.001, reg_lambda_tilde : 0.001, kernel : gauss, density : gaussian, bandwidth : 0.3, bandwidth_mode : heuristic, epsilon : 0.3, normalized : True, random_seed : 85, 
bias_direct: 0.08224328541371141
rmse_direct: 0.09629091959505151
bias_indirect: 0.06982758620689662
rmse_indirect: 0.0793627637866908
bias_total: 0.039315927476350876
rmse_total: 0.05026130557681891
bias_mr: 0.1155365085057372
rmse_mr: 0.15714619034827046
coverage: 0.0
