Experiment: expname : nonparametric_experiment, data : uniform, n_samples : 5000, mediator_dimension : 1, covariate_dimension : 1, alpha : 0.0, beta : 0.0, stochasticity : 1, gamma : 0.3, noise : uniform, 
Running with estimator : kme_dml, regularization : True, sample_splits : 1, reg_lambda : 0.001, reg_lambda_tilde : 0.001, kernel : gauss, density : conditional_kernel, bandwidth : 0.3, bandwidth_mode : heuristic, epsilon : 0.1, normalized : True, random_seed : 20, 
bias_direct: 0.029435177386306886
rmse_direct: 0.03516161274529103
bias_indirect: 0.022043810665355875
rmse_indirect: 0.02723756975962065
bias_total: 0.02260029688283653
rmse_total: 0.02922849600014259
bias_mr: 0.03290520188580645
rmse_mr: 0.038404315421985254
coverage: 1.0
