Experiment: expname : baselines_experiment, data : uniform, n_samples : 5000, mediator_dimension : 1, covariate_dimension : 1, alpha : 0.5, beta : 0.25, stochasticity : 1, gamma : 0.3, noise : uniform, 
Running with estimator : ipw, regularization : True, sample_splits : 1, reg_lambda : 0.001, reg_lambda_tilde : 0.001, kernel : gauss, density : gaussian, bandwidth : 0.3, bandwidth_mode : heuristic, epsilon : 0.3, normalized : True, random_seed : 47, 
bias_direct: 0.09812255188322183
rmse_direct: 0.12046586222843335
bias_indirect: 0.0698275862068966
rmse_indirect: 0.07936276378669077
bias_total: 0.09841206605112354
rmse_total: 0.1209840874123745
bias_mr: 0.10698131323126905
rmse_mr: 0.13405547772077658
coverage: 0.0
