Experiment: expname : nonparametric_experiment, data : uniform, n_samples : 1000, mediator_dimension : 1, covariate_dimension : 1, alpha : 0.0, beta : 0.0, stochasticity : 1, gamma : 0.3, noise : uniform, 
Running with estimator : kme_g_computation, regularization : True, sample_splits : 1, reg_lambda : 0.001, reg_lambda_tilde : 0.001, kernel : gauss, density : gaussian, bandwidth : 0.3, bandwidth_mode : heuristic, epsilon : 0.1, normalized : True, random_seed : 25, 
bias_direct: 0.17340780833434757
rmse_direct: 0.19840593886208946
bias_indirect: 0.1890700007284601
rmse_indirect: 0.25231085198373066
bias_total: 0.07464441274419263
rmse_total: 0.09194543429803992
bias_mr: 0.19600962895660268
rmse_mr: 0.23983322396311313
coverage: 0.0
