Experiment: expname : nonparametric_experiment, data : uniform, n_samples : 1000, mediator_dimension : 1, covariate_dimension : 1, alpha : 0.0, beta : 0.0, stochasticity : 1, gamma : 0.3, noise : uniform, 
Running with estimator : kme_dml, regularization : True, sample_splits : 1, reg_lambda : 0.001, reg_lambda_tilde : 0.001, kernel : gauss, density : conditional_kernel, bandwidth : 0.3, bandwidth_mode : heuristic, epsilon : 0.1, normalized : True, random_seed : 45, 
bias_direct: 0.03963338232478172
rmse_direct: 0.05835619050185684
bias_indirect: 0.020038851479603978
rmse_indirect: 0.025055131558726
bias_total: 0.05502439058954655
rmse_total: 0.07814259852913497
bias_mr: 0.056586652491400206
rmse_mr: 0.07476550267754624
coverage: 0.896551724137931
