Experiment: expname : nonparametric_experiment, data : uniform, n_samples : 5000, mediator_dimension : 1, covariate_dimension : 1, alpha : 0.0, beta : 0.0, stochasticity : 1, gamma : 0.3, noise : uniform, 
Running with estimator : kme_dml, regularization : True, sample_splits : 1, reg_lambda : 0.001, reg_lambda_tilde : 0.001, kernel : gauss, density : conditional_kernel, bandwidth : 0.3, bandwidth_mode : heuristic, epsilon : 0.1, normalized : True, random_seed : 7, 
bias_direct: 0.04006550106326596
rmse_direct: 0.05737474669572928
bias_indirect: 0.016603669750961197
rmse_indirect: 0.01961046756671911
bias_total: 0.0500554937236234
rmse_total: 0.07212647864027283
bias_mr: 0.044776463628885835
rmse_mr: 0.04953277185053354
coverage: 0.9655172413793104
