Experiment: expname : nonparametric_experiment, data : uniform, n_samples : 5000, mediator_dimension : 1, covariate_dimension : 1, alpha : 0.0, beta : 0.0, stochasticity : 1, gamma : 0.3, noise : uniform, 
Running with estimator : kme_g_computation, regularization : True, sample_splits : 1, reg_lambda : 0.001, reg_lambda_tilde : 0.001, kernel : linear, density : gaussian, bandwidth : 0.3, bandwidth_mode : heuristic, epsilon : 0.1, normalized : True, random_seed : 94, 
bias_direct: 0.1703597619973752
rmse_direct: 0.1936173611164152
bias_indirect: 0.16008492799783766
rmse_indirect: 0.18194499509137826
bias_total: 0.01027483399953756
rmse_total: 0.011673053008507983
bias_mr: 0.170049163279609
rmse_mr: 0.1946942829661509
coverage: 0.0
