Experiment: expname : nonparametric_experiment, data : uniform, n_samples : 1000, mediator_dimension : 1, covariate_dimension : 1, alpha : 0.0, beta : 0.0, stochasticity : 1, gamma : 0.3, noise : uniform, 
Running with estimator : kme_dml, regularization : True, sample_splits : 1, reg_lambda : 0.001, reg_lambda_tilde : 0.001, kernel : gauss, density : conditional_kernel, bandwidth : 0.3, bandwidth_mode : heuristic, epsilon : 0.1, normalized : True, random_seed : 80, 
bias_direct: 0.022072118232397766
rmse_direct: 0.026632859131674045
bias_indirect: 0.032286290719258995
rmse_indirect: 0.03646371397723956
bias_total: 0.03178536014369851
rmse_total: 0.03526555230299799
bias_mr: 0.05437014006177895
rmse_mr: 0.06000423515525736
coverage: 1.0
