Experiment: expname : nonparametric_experiment, data : uniform, n_samples : 500, mediator_dimension : 1, covariate_dimension : 1, alpha : 0.0, beta : 0.0, stochasticity : 1, gamma : 0.3, noise : uniform, 
Running with estimator : kme_dml, regularization : True, sample_splits : 1, reg_lambda : 0.001, reg_lambda_tilde : 0.001, kernel : gauss, density : gaussian, bandwidth : 0.3, bandwidth_mode : heuristic, epsilon : 0.1, normalized : True, random_seed : 16, 
bias_direct: 0.09177738107717709
rmse_direct: 0.10595255005852126
bias_indirect: 0.018627188110453767
rmse_indirect: 0.02429752013260164
bias_total: 0.0832439886318317
rmse_total: 0.10225572743485305
bias_mr: 0.05856620115231942
rmse_mr: 0.06944563464211537
coverage: 1.0
