Experiment: expname : nonparametric_experiment, data : uniform, n_samples : 500, mediator_dimension : 1, covariate_dimension : 1, alpha : 0.0, beta : 0.0, stochasticity : 1, gamma : 0.3, noise : uniform, 
Running with estimator : kme_dml, regularization : True, sample_splits : 1, reg_lambda : 0.001, reg_lambda_tilde : 0.001, kernel : gauss, density : gaussian, bandwidth : 0.3, bandwidth_mode : heuristic, epsilon : 0.1, normalized : True, random_seed : 87, 
bias_direct: 0.08936879382818107
rmse_direct: 0.10009586510816353
bias_indirect: 0.03381406349462151
rmse_indirect: 0.03933942416963928
bias_total: 0.10038437201295723
rmse_total: 0.11226333582146414
bias_mr: 0.0474188938271581
rmse_mr: 0.05493324493957956
coverage: 1.0
