Experiment: expname : nonparametric_experiment, data : uniform, n_samples : 1000, mediator_dimension : 1, covariate_dimension : 1, alpha : 0.0, beta : 0.0, stochasticity : 1, gamma : 0.3, noise : uniform, 
Running with estimator : kme_dml, regularization : True, sample_splits : 1, reg_lambda : 0.001, reg_lambda_tilde : 0.001, kernel : gauss, density : conditional_kernel, bandwidth : 0.3, bandwidth_mode : heuristic, epsilon : 0.1, normalized : True, random_seed : 79, 
bias_direct: 0.05601208516727878
rmse_direct: 0.06810427805326909
bias_indirect: 0.017259330718455545
rmse_indirect: 0.024588737168598326
bias_total: 0.07165112981407677
rmse_total: 0.08160961848287152
bias_mr: 0.04644216298431871
rmse_mr: 0.059795603453777324
coverage: 1.0
