Experiment: expname : nonparametric_experiment, data : uniform, n_samples : 500, mediator_dimension : 1, covariate_dimension : 1, alpha : 0.0, beta : 0.0, stochasticity : 1, gamma : 0.3, noise : uniform, 
Running with estimator : kme_dml, regularization : True, sample_splits : 1, reg_lambda : 0.001, reg_lambda_tilde : 0.001, kernel : linear, density : conditional_kernel, bandwidth : 0.3, bandwidth_mode : heuristic, epsilon : 0.1, normalized : True, random_seed : 31, 
bias_direct: 0.102790246016314
rmse_direct: 0.11760123759232384
bias_indirect: 0.0393757738536335
rmse_indirect: 0.04507722140693998
bias_total: 0.09238529515614469
rmse_total: 0.11690696091523176
bias_mr: 0.05401999946798564
rmse_mr: 0.06297332066004593
coverage: 1.0
