Experiment: expname : nonparametric_experiment, data : uniform, n_samples : 5000, mediator_dimension : 1, covariate_dimension : 1, alpha : 0.0, beta : 0.0, stochasticity : 1, gamma : 0.3, noise : uniform, 
Running with estimator : ipw, regularization : True, sample_splits : 1, reg_lambda : 0.001, reg_lambda_tilde : 0.001, kernel : gauss, density : gaussian, bandwidth : 0.3, bandwidth_mode : heuristic, epsilon : 0.1, normalized : True, random_seed : 38, 
bias_direct: 0.08067397176531121
rmse_direct: 0.10076846091466145
bias_indirect: 0.06982758620689661
rmse_indirect: 0.07936276378669081
bias_total: 0.05856613411900499
rmse_total: 0.07156530613770402
bias_mr: 0.06828644879794533
rmse_mr: 0.08433093720671626
coverage: 0.0
