Experiment: expname : nonparametric_experiment, data : uniform, n_samples : 1000, mediator_dimension : 1, covariate_dimension : 1, alpha : 0.0, beta : 0.0, stochasticity : 1, gamma : 0.3, noise : uniform, 
Running with estimator : kme_dml, regularization : True, sample_splits : 1, reg_lambda : 0.001, reg_lambda_tilde : 0.001, kernel : linear, density : gaussian, bandwidth : 0.3, bandwidth_mode : heuristic, epsilon : 0.1, normalized : True, random_seed : 18, 
bias_direct: 0.04628527327041164
rmse_direct: 0.05823684784080141
bias_indirect: 0.01763474105740325
rmse_indirect: 0.02204126395150083
bias_total: 0.04074420954192343
rmse_total: 0.05219164580741799
bias_mr: 0.06941138137440604
rmse_mr: 0.07988185085450505
coverage: 1.0
