Experiment: expname : nonparametric_experiment, data : uniform, n_samples : 1000, mediator_dimension : 1, covariate_dimension : 1, alpha : 0.0, beta : 0.0, stochasticity : 1, gamma : 0.3, noise : uniform, 
Running with estimator : kme_dml, regularization : True, sample_splits : 1, reg_lambda : 0.001, reg_lambda_tilde : 0.001, kernel : linear, density : conditional_kernel, bandwidth : 0.3, bandwidth_mode : heuristic, epsilon : 0.1, normalized : True, random_seed : 36, 
bias_direct: 0.029687040454381128
rmse_direct: 0.03734641944505459
bias_indirect: 0.058858683745411595
rmse_indirect: 0.07818064065854202
bias_total: 0.06363563885452418
rmse_total: 0.07299981549536304
bias_mr: 0.10362252145560034
rmse_mr: 0.1079103359870975
coverage: 0.896551724137931
