Experiment: expname : nonparametric_experiment, data : uniform, n_samples : 5000, mediator_dimension : 1, covariate_dimension : 1, alpha : 0.0, beta : 0.0, stochasticity : 1, gamma : 0.3, noise : uniform, 
Running with estimator : kme_g_computation, regularization : True, sample_splits : 1, reg_lambda : 0.001, reg_lambda_tilde : 0.001, kernel : linear, density : conditional_kernel, bandwidth : 0.3, bandwidth_mode : heuristic, epsilon : 0.1, normalized : True, random_seed : 88, 
bias_direct: 0.15905539055178514
rmse_direct: 0.18101785055804473
bias_indirect: 0.15920050284298365
rmse_indirect: 0.18093982606555228
bias_total: 0.003329862447227817
rmse_total: 0.004402704170875216
bias_mr: 0.1590724066986161
rmse_mr: 0.18128281376426625
coverage: 0.0
