Experiment: expname : baselines_experiment, data : uniform, n_samples : 5000, mediator_dimension : 1, covariate_dimension : 1, alpha : 0.5, beta : 0.25, stochasticity : 1, gamma : 0.3, noise : uniform, 
Running with estimator : kme_g_computation, regularization : True, sample_splits : 1, reg_lambda : 0.001, reg_lambda_tilde : 0.001, kernel : gauss, density : gaussian, bandwidth : 0.3, bandwidth_mode : heuristic, epsilon : 0.3, normalized : True, random_seed : 33, 
bias_direct: 0.38083466890171624
rmse_direct: 0.49230985392428955
bias_indirect: 0.4024568088159562
rmse_indirect: 0.5138959387089771
bias_total: 0.026611677951103908
rmse_total: 0.03471000508124259
bias_mr: 0.3980133734974874
rmse_mr: 0.5175540348875349
coverage: 0.0
