Experiment: expname : nonparametric_experiment, data : uniform, n_samples : 5000, mediator_dimension : 1, covariate_dimension : 1, alpha : 0.0, beta : 0.0, stochasticity : 1, gamma : 0.3, noise : uniform, 
Running with estimator : kme_dml, regularization : True, sample_splits : 1, reg_lambda : 0.001, reg_lambda_tilde : 0.001, kernel : linear, density : conditional_kernel, bandwidth : 0.3, bandwidth_mode : heuristic, epsilon : 0.1, normalized : True, random_seed : 75, 
bias_direct: 0.03702342970431704
rmse_direct: 0.0447785173761428
bias_indirect: 0.012442190760838986
rmse_indirect: 0.01450850076179213
bias_total: 0.049292774451095166
rmse_total: 0.056644607883420704
bias_mr: 0.022897538823672778
rmse_mr: 0.030503252005359537
coverage: 0.9655172413793104
