Experiment: expname : nonparametric_experiment, data : uniform, n_samples : 5000, mediator_dimension : 1, covariate_dimension : 1, alpha : 0.0, beta : 0.0, stochasticity : 1, gamma : 0.3, noise : uniform, 
Running with estimator : kme_dml, regularization : True, sample_splits : 1, reg_lambda : 0.001, reg_lambda_tilde : 0.001, kernel : linear, density : gaussian, bandwidth : 0.3, bandwidth_mode : heuristic, epsilon : 0.1, normalized : True, random_seed : 77, 
bias_direct: 0.02895914460783629
rmse_direct: 0.04016825798307007
bias_indirect: 0.013892870801008674
rmse_indirect: 0.016668352090628107
bias_total: 0.03432198217698236
rmse_total: 0.043741950282790765
bias_mr: 0.04467192116248714
rmse_mr: 0.053859668277389666
coverage: 0.8275862068965517
