Experiment: expname : nonparametric_experiment, data : uniform, n_samples : 500, mediator_dimension : 1, covariate_dimension : 1, alpha : 0.0, beta : 0.0, stochasticity : 1, gamma : 0.3, noise : uniform, 
Running with estimator : kme_dml, regularization : True, sample_splits : 1, reg_lambda : 0.001, reg_lambda_tilde : 0.001, kernel : linear, density : conditional_kernel, bandwidth : 0.3, bandwidth_mode : heuristic, epsilon : 0.1, normalized : True, random_seed : 90, 
bias_direct: 0.027989446337231973
rmse_direct: 0.04598281644523762
bias_indirect: 0.030273691861564728
rmse_indirect: 0.035378358662291325
bias_total: 0.05264625462946918
rmse_total: 0.06721442956463823
bias_mr: 0.028101553395314706
rmse_mr: 0.04519095188504368
coverage: 1.0
