Experiment: expname : baselines_experiment, data : uniform, n_samples : 500, mediator_dimension : 1, covariate_dimension : 1, alpha : 0.5, beta : 0.25, stochasticity : 1, gamma : 0.3, noise : uniform, 
Running with estimator : linear, regularization : True, sample_splits : 1, reg_lambda : 0.001, reg_lambda_tilde : 0.001, kernel : gauss, density : gaussian, bandwidth : 0.3, bandwidth_mode : heuristic, epsilon : 0.3, normalized : True, random_seed : 9, 
bias_direct: 0.350011230682341
rmse_direct: 0.39807393779144656
bias_indirect: 0.0014660753079367784
rmse_indirect: 0.0016662725246228663
bias_total: 0.35147730599027766
rmse_total: 0.39955785912802716
bias_mr: 0.3383237482845779
rmse_mr: 0.3595128343209281
coverage: 0.0
