Experiment: expname : baselines_experiment, data : uniform, n_samples : 5000, mediator_dimension : 1, covariate_dimension : 1, alpha : 0.5, beta : 0.25, stochasticity : 1, gamma : 0.3, noise : uniform, 
Running with estimator : ipw, regularization : True, sample_splits : 1, reg_lambda : 0.001, reg_lambda_tilde : 0.001, kernel : gauss, density : gaussian, bandwidth : 0.3, bandwidth_mode : heuristic, epsilon : 0.3, normalized : True, random_seed : 58, 
bias_direct: 0.10569010685678175
rmse_direct: 0.12056030073768155
bias_indirect: 0.06982758620689661
rmse_indirect: 0.0793627637866908
bias_total: 0.08060821430605046
rmse_total: 0.09769282704679119
bias_mr: 0.13618023439493754
rmse_mr: 0.17627412579000992
coverage: 0.0
