Experiment: expname : nonparametric_experiment, data : uniform, n_samples : 500, mediator_dimension : 1, covariate_dimension : 1, alpha : 0.0, beta : 0.0, stochasticity : 1, gamma : 0.3, noise : uniform, 
Running with estimator : kme_dml, regularization : True, sample_splits : 1, reg_lambda : 0.001, reg_lambda_tilde : 0.001, kernel : gauss, density : conditional_kernel, bandwidth : 0.3, bandwidth_mode : heuristic, epsilon : 0.1, normalized : True, random_seed : 31, 
bias_direct: 0.09356216699223416
rmse_direct: 0.10741536388738884
bias_indirect: 0.03262684301643824
rmse_indirect: 0.036229220049336014
bias_total: 0.09147917852171156
rmse_total: 0.11642128540744082
bias_mr: 0.050299067848409026
rmse_mr: 0.06359000912584085
coverage: 1.0
