Experiment: expname : nonparametric_experiment, data : uniform, n_samples : 1000, mediator_dimension : 1, covariate_dimension : 1, alpha : 0.0, beta : 0.0, stochasticity : 1, gamma : 0.3, noise : uniform, 
Running with estimator : kme_dml, regularization : True, sample_splits : 1, reg_lambda : 0.001, reg_lambda_tilde : 0.001, kernel : linear, density : gaussian, bandwidth : 0.3, bandwidth_mode : heuristic, epsilon : 0.1, normalized : True, random_seed : 22, 
bias_direct: 0.07058012392403842
rmse_direct: 0.07620660079567418
bias_indirect: 0.017665473435024896
rmse_indirect: 0.020263716937414366
bias_total: 0.06427152349097871
rmse_total: 0.0748188372878259
bias_mr: 0.07755775969863563
rmse_mr: 0.09919920400732404
coverage: 0.8275862068965517
