Experiment: expname : nonparametric_experiment, data : uniform, n_samples : 500, mediator_dimension : 1, covariate_dimension : 1, alpha : 0.0, beta : 0.0, stochasticity : 1, gamma : 0.3, noise : uniform, 
Running with estimator : ipw, regularization : True, sample_splits : 1, reg_lambda : 0.001, reg_lambda_tilde : 0.001, kernel : gauss, density : conditional_kernel, bandwidth : 0.3, bandwidth_mode : heuristic, epsilon : 0.1, normalized : True, random_seed : 98, 
bias_direct: 0.18080498927746866
rmse_direct: 0.21491712568255925
bias_indirect: 0.04736390861624843
rmse_indirect: 0.05267254589356489
bias_total: 0.1657725558392906
rmse_total: 0.19112736064565122
bias_mr: 0.12943460772244048
rmse_mr: 0.1507177072942366
coverage: 0.0
