Experiment: expname : nonparametric_experiment, data : uniform, n_samples : 1000, mediator_dimension : 1, covariate_dimension : 1, alpha : 0.0, beta : 0.0, stochasticity : 1, gamma : 0.3, noise : uniform, 
Running with estimator : kme_dml, regularization : True, sample_splits : 1, reg_lambda : 0.001, reg_lambda_tilde : 0.001, kernel : linear, density : gaussian, bandwidth : 0.3, bandwidth_mode : heuristic, epsilon : 0.1, normalized : True, random_seed : 80, 
bias_direct: 0.028607999777181804
rmse_direct: 0.032360845274147725
bias_indirect: 0.01230752685240125
rmse_indirect: 0.015173204981351081
bias_total: 0.03334654519895621
rmse_total: 0.035579294652076265
bias_mr: 0.05293273368983386
rmse_mr: 0.0612591991643584
coverage: 1.0
