Experiment: expname : baselines_experiment, data : uniform, n_samples : 5000, mediator_dimension : 1, covariate_dimension : 1, alpha : 0.5, beta : 0.25, stochasticity : 1, gamma : 0.3, noise : uniform, 
Running with estimator : ipw, regularization : True, sample_splits : 1, reg_lambda : 0.001, reg_lambda_tilde : 0.001, kernel : gauss, density : gaussian, bandwidth : 0.3, bandwidth_mode : heuristic, epsilon : 0.3, normalized : True, random_seed : 0, 
bias_direct: 0.11503493697673771
rmse_direct: 0.14677203825973145
bias_indirect: 0.06982758620689662
rmse_indirect: 0.07936276378669083
bias_total: 0.10914868621196988
rmse_total: 0.1309750378417642
bias_mr: 0.1280948699319133
rmse_mr: 0.16235883303351503
coverage: 0.0
