Experiment: expname : nonparametric_experiment, data : uniform, n_samples : 5000, mediator_dimension : 1, covariate_dimension : 1, alpha : 0.0, beta : 0.0, stochasticity : 1, gamma : 0.3, noise : uniform, 
Running with estimator : kme_dml, regularization : True, sample_splits : 1, reg_lambda : 0.001, reg_lambda_tilde : 0.001, kernel : linear, density : conditional_kernel, bandwidth : 0.3, bandwidth_mode : heuristic, epsilon : 0.1, normalized : True, random_seed : 54, 
bias_direct: 0.031418618075659294
rmse_direct: 0.035223117894599046
bias_indirect: 0.008010165785973036
rmse_indirect: 0.009707103830232506
bias_total: 0.032496183120318115
rmse_total: 0.03615752673811199
bias_mr: 0.03599136126901242
rmse_mr: 0.043421360416618204
coverage: 0.9655172413793104
