Experiment: expname : nonparametric_experiment, data : uniform, n_samples : 5000, mediator_dimension : 1, covariate_dimension : 1, alpha : 0.0, beta : 0.0, stochasticity : 1, gamma : 0.3, noise : uniform, 
Running with estimator : kme_dml, regularization : True, sample_splits : 1, reg_lambda : 0.001, reg_lambda_tilde : 0.001, kernel : linear, density : conditional_kernel, bandwidth : 0.3, bandwidth_mode : heuristic, epsilon : 0.1, normalized : True, random_seed : 87, 
bias_direct: 0.060223254303201516
rmse_direct: 0.06654036581592952
bias_indirect: 0.007381253996804648
rmse_indirect: 0.009582619923586295
bias_total: 0.056118110850810844
rmse_total: 0.06157950621737115
bias_mr: 0.04624213299964713
rmse_mr: 0.05012789461546167
coverage: 1.0
