Experiment: expname : nonparametric_experiment, data : uniform, n_samples : 5000, mediator_dimension : 1, covariate_dimension : 1, alpha : 0.0, beta : 0.0, stochasticity : 1, gamma : 0.3, noise : uniform, 
Running with estimator : kme_dml, regularization : True, sample_splits : 1, reg_lambda : 0.001, reg_lambda_tilde : 0.001, kernel : gauss, density : gaussian, bandwidth : 0.3, bandwidth_mode : heuristic, epsilon : 0.1, normalized : True, random_seed : 42, 
bias_direct: 0.023646925361190226
rmse_direct: 0.02540611126614173
bias_indirect: 0.015667598868787953
rmse_indirect: 0.02003266947168663
bias_total: 0.016484112915149104
rmse_total: 0.021160686332449403
bias_mr: 0.025383592015244184
rmse_mr: 0.03230341633466699
coverage: 1.0
