Experiment: expname : baselines_experiment, data : uniform, n_samples : 500, mediator_dimension : 1, covariate_dimension : 1, alpha : 0.5, beta : 0.25, stochasticity : 1, gamma : 0.3, noise : uniform, 
Running with estimator : linear, regularization : True, sample_splits : 1, reg_lambda : 0.001, reg_lambda_tilde : 0.001, kernel : gauss, density : gaussian, bandwidth : 0.3, bandwidth_mode : heuristic, epsilon : 0.3, normalized : True, random_seed : 17, 
bias_direct: 0.25906318872004114
rmse_direct: 0.2965359094007306
bias_indirect: 0.009608016320013124
rmse_indirect: 0.01092002131370482
bias_total: 0.25176109631683113
rmse_total: 0.28797507303281683
bias_mr: 0.23252695158701683
rmse_mr: 0.2522753766569462
coverage: 0.0
