Experiment: expname : nonparametric_experiment, data : uniform, n_samples : 1000, mediator_dimension : 1, covariate_dimension : 1, alpha : 0.0, beta : 0.0, stochasticity : 1, gamma : 0.3, noise : uniform, 
Running with estimator : kme_dml, regularization : True, sample_splits : 1, reg_lambda : 0.001, reg_lambda_tilde : 0.001, kernel : gauss, density : conditional_kernel, bandwidth : 0.3, bandwidth_mode : heuristic, epsilon : 0.1, normalized : True, random_seed : 73, 
bias_direct: 0.08239089595700388
rmse_direct: 0.1041266112995064
bias_indirect: 0.04638989694591743
rmse_indirect: 0.0536069015534827
bias_total: 0.04334045688974736
rmse_total: 0.06394125796534357
bias_mr: 0.045845125182284556
rmse_mr: 0.05448074657875069
coverage: 1.0
