Experiment: expname : nonparametric_experiment, data : uniform, n_samples : 1000, mediator_dimension : 1, covariate_dimension : 1, alpha : 0.0, beta : 0.0, stochasticity : 1, gamma : 0.3, noise : uniform, 
Running with estimator : kme_dml, regularization : True, sample_splits : 1, reg_lambda : 0.001, reg_lambda_tilde : 0.001, kernel : gauss, density : gaussian, bandwidth : 0.3, bandwidth_mode : heuristic, epsilon : 0.1, normalized : True, random_seed : 48, 
bias_direct: 0.04720628019259055
rmse_direct: 0.057437088590231
bias_indirect: 0.037443536959988935
rmse_indirect: 0.04144044979352634
bias_total: 0.06067348940545171
rmse_total: 0.08149570599014536
bias_mr: 0.08558869766206008
rmse_mr: 0.09862293039502805
coverage: 0.8620689655172413
