Experiment: expname : baselines_experiment, data : uniform, n_samples : 5000, mediator_dimension : 1, covariate_dimension : 1, alpha : 0.5, beta : 0.25, stochasticity : 1, gamma : 0.3, noise : uniform, 
Running with estimator : linear, regularization : True, sample_splits : 1, reg_lambda : 0.001, reg_lambda_tilde : 0.001, kernel : gauss, density : gaussian, bandwidth : 0.3, bandwidth_mode : heuristic, epsilon : 0.3, normalized : True, random_seed : 88, 
bias_direct: 0.299846925099626
rmse_direct: 0.3433823910622334
bias_indirect: 0.008195982685784843
rmse_indirect: 0.009315170024128757
bias_total: 0.3070229632734021
rmse_total: 0.3513260475972015
bias_mr: 0.28314455278758716
rmse_mr: 0.3020067970861678
coverage: 0.0
