Experiment: expname : baselines_experiment, data : uniform, n_samples : 1000, mediator_dimension : 1, covariate_dimension : 1, alpha : 0.5, beta : 0.25, stochasticity : 1, gamma : 0.3, noise : uniform, 
Running with estimator : ipw, regularization : True, sample_splits : 1, reg_lambda : 0.001, reg_lambda_tilde : 0.001, kernel : gauss, density : gaussian, bandwidth : 0.3, bandwidth_mode : heuristic, epsilon : 0.3, normalized : True, random_seed : 4, 
bias_direct: 0.16066338118212015
rmse_direct: 0.1939798624861363
bias_indirect: 0.0698275862068966
rmse_indirect: 0.07936276378669077
bias_total: 0.11780419088990735
rmse_total: 0.14203657735940511
bias_mr: 0.19175365146791284
rmse_mr: 0.24162007958548712
coverage: 0.0
