Experiment: expname : nonparametric_experiment, data : uniform, n_samples : 5000, mediator_dimension : 1, covariate_dimension : 1, alpha : 0.0, beta : 0.0, stochasticity : 1, gamma : 0.3, noise : uniform, 
Running with estimator : kme_g_computation, regularization : True, sample_splits : 1, reg_lambda : 0.001, reg_lambda_tilde : 0.001, kernel : gauss, density : gaussian, bandwidth : 0.3, bandwidth_mode : heuristic, epsilon : 0.1, normalized : True, random_seed : 56, 
bias_direct: 0.15973168440486193
rmse_direct: 0.18184347498006048
bias_indirect: 0.17166623120710256
rmse_indirect: 0.19877292784012623
bias_total: 0.016267890870668832
rmse_total: 0.027353493794001833
bias_mr: 0.16038432212997297
rmse_mr: 0.18240691181808166
coverage: 0.0
