Experiment: expname : baselines_experiment, data : uniform, n_samples : 1000, mediator_dimension : 1, covariate_dimension : 1, alpha : 0.5, beta : 0.25, stochasticity : 1, gamma : 0.3, noise : uniform, 
Running with estimator : ipw, regularization : True, sample_splits : 1, reg_lambda : 0.001, reg_lambda_tilde : 0.001, kernel : gauss, density : gaussian, bandwidth : 0.3, bandwidth_mode : heuristic, epsilon : 0.3, normalized : True, random_seed : 12, 
bias_direct: 0.12759328735049152
rmse_direct: 0.16105242414784932
bias_indirect: 0.0698275862068966
rmse_indirect: 0.07936276378669078
bias_total: 0.12008721656663632
rmse_total: 0.15289769471142803
bias_mr: 0.16832903531136792
rmse_mr: 0.19272067161099438
coverage: 0.0
