Experiment: expname : baselines_experiment, data : uniform, n_samples : 5000, mediator_dimension : 1, covariate_dimension : 1, alpha : 0.5, beta : 0.25, stochasticity : 1, gamma : 0.3, noise : uniform, 
Running with estimator : ipw, regularization : True, sample_splits : 1, reg_lambda : 0.001, reg_lambda_tilde : 0.001, kernel : gauss, density : gaussian, bandwidth : 0.3, bandwidth_mode : heuristic, epsilon : 0.3, normalized : True, random_seed : 48, 
bias_direct: 0.12700878203063698
rmse_direct: 0.16408694639852997
bias_indirect: 0.06982758620689662
rmse_indirect: 0.07936276378669081
bias_total: 0.09850821267644232
rmse_total: 0.12288929551323062
bias_mr: 0.17184006248319067
rmse_mr: 0.23564149687525965
coverage: 0.0
