Experiment: expname : baselines_experiment, data : uniform, n_samples : 5000, mediator_dimension : 1, covariate_dimension : 1, alpha : 0.5, beta : 0.25, stochasticity : 1, gamma : 0.3, noise : uniform, 
Running with estimator : kme_g_computation, regularization : True, sample_splits : 1, reg_lambda : 0.001, reg_lambda_tilde : 0.001, kernel : gauss, density : gaussian, bandwidth : 0.3, bandwidth_mode : heuristic, epsilon : 0.3, normalized : True, random_seed : 28, 
bias_direct: 0.3706937160144666
rmse_direct: 0.4805584903759662
bias_indirect: 0.39016014781455227
rmse_indirect: 0.5081615758674175
bias_total: 0.02739253148285733
rmse_total: 0.03702034057057481
bias_mr: 0.3966195198534503
rmse_mr: 0.5174837349607965
coverage: 0.0
