Experiment: expname : nonparametric_experiment, data : uniform, n_samples : 5000, mediator_dimension : 1, covariate_dimension : 1, alpha : 0.0, beta : 0.0, stochasticity : 1, gamma : 0.3, noise : uniform, 
Running with estimator : kme_dml, regularization : True, sample_splits : 1, reg_lambda : 0.001, reg_lambda_tilde : 0.001, kernel : linear, density : gaussian, bandwidth : 0.3, bandwidth_mode : heuristic, epsilon : 0.1, normalized : True, random_seed : 66, 
bias_direct: 0.05749652664342879
rmse_direct: 0.0710326628062834
bias_indirect: 0.0232912079797155
rmse_indirect: 0.026795646459911327
bias_total: 0.03896085365709712
rmse_total: 0.050000099918342596
bias_mr: 0.033692633668660196
rmse_mr: 0.04122462985722216
coverage: 1.0
