Experiment: expname : nonparametric_experiment, data : uniform, n_samples : 500, mediator_dimension : 1, covariate_dimension : 1, alpha : 0.0, beta : 0.0, stochasticity : 1, gamma : 0.3, noise : uniform, 
Running with estimator : kme_dml, regularization : True, sample_splits : 1, reg_lambda : 0.001, reg_lambda_tilde : 0.001, kernel : linear, density : gaussian, bandwidth : 0.3, bandwidth_mode : heuristic, epsilon : 0.1, normalized : True, random_seed : 3, 
bias_direct: 0.09258432671818771
rmse_direct: 0.09824879507415095
bias_indirect: 0.020279208902347353
rmse_indirect: 0.02326520166641951
bias_total: 0.11286353562053508
rmse_total: 0.11871467676374996
bias_mr: 0.09270046540474518
rmse_mr: 0.11289781824450967
coverage: 1.0
