Experiment: expname : nonparametric_experiment, data : uniform, n_samples : 500, mediator_dimension : 1, covariate_dimension : 1, alpha : 0.0, beta : 0.0, stochasticity : 1, gamma : 0.3, noise : uniform, 
Running with estimator : kme_g_computation, regularization : True, sample_splits : 1, reg_lambda : 0.001, reg_lambda_tilde : 0.001, kernel : gauss, density : conditional_kernel, bandwidth : 0.3, bandwidth_mode : heuristic, epsilon : 0.1, normalized : True, random_seed : 11, 
bias_direct: 0.181065956022829
rmse_direct: 0.20265258870985056
bias_indirect: 0.15208513421614447
rmse_indirect: 0.18366420844454948
bias_total: 0.046653731401167096
rmse_total: 0.055289845059326916
bias_mr: 0.2022024766118599
rmse_mr: 0.23089535987714213
coverage: 0.0
