Experiment: expname : baselines_experiment, data : uniform, n_samples : 500, mediator_dimension : 1, covariate_dimension : 1, alpha : 0.5, beta : 0.25, stochasticity : 1, gamma : 0.3, noise : uniform, 
Running with estimator : ipw, regularization : True, sample_splits : 1, reg_lambda : 0.001, reg_lambda_tilde : 0.001, kernel : gauss, density : gaussian, bandwidth : 0.3, bandwidth_mode : heuristic, epsilon : 0.3, normalized : True, random_seed : 90, 
bias_direct: 0.16850434854843194
rmse_direct: 0.2145279350680024
bias_indirect: 0.06982758620689662
rmse_indirect: 0.07936276378669078
bias_total: 0.14138506850250382
rmse_total: 0.1782684323827284
bias_mr: 0.16401286675023857
rmse_mr: 0.21548904558253903
coverage: 0.0
