Experiment: expname : nonparametric_experiment, data : uniform, n_samples : 1000, mediator_dimension : 1, covariate_dimension : 1, alpha : 0.0, beta : 0.0, stochasticity : 1, gamma : 0.3, noise : uniform, 
Running with estimator : ipw, regularization : True, sample_splits : 1, reg_lambda : 0.001, reg_lambda_tilde : 0.001, kernel : linear, density : gaussian, bandwidth : 0.3, bandwidth_mode : heuristic, epsilon : 0.1, normalized : True, random_seed : 19, 
bias_direct: 0.17819858978064457
rmse_direct: 0.21892387896998938
bias_indirect: 0.06982758620689658
rmse_indirect: 0.07936276378669077
bias_total: 0.16210171792555955
rmse_total: 0.19170655910898027
bias_mr: 0.1375596233775446
rmse_mr: 0.1566777013932373
coverage: 0.0
