Experiment: expname : nonparametric_experiment, data : uniform, n_samples : 1000, mediator_dimension : 1, covariate_dimension : 1, alpha : 0.0, beta : 0.0, stochasticity : 1, gamma : 0.3, noise : uniform, 
Running with estimator : kme_dml, regularization : True, sample_splits : 1, reg_lambda : 0.001, reg_lambda_tilde : 0.001, kernel : linear, density : gaussian, bandwidth : 0.3, bandwidth_mode : heuristic, epsilon : 0.1, normalized : True, random_seed : 41, 
bias_direct: 0.03798161417751629
rmse_direct: 0.04503540148366613
bias_indirect: 0.023797332980668853
rmse_indirect: 0.030469892523594787
bias_total: 0.05810706428286428
rmse_total: 0.06795709551925823
bias_mr: 0.05416551474191945
rmse_mr: 0.070453632926969
coverage: 1.0
