Experiment: expname : nonparametric_experiment, data : uniform, n_samples : 5000, mediator_dimension : 1, covariate_dimension : 1, alpha : 0.0, beta : 0.0, stochasticity : 1, gamma : 0.3, noise : uniform, 
Running with estimator : kme_dml, regularization : True, sample_splits : 1, reg_lambda : 0.001, reg_lambda_tilde : 0.001, kernel : linear, density : conditional_kernel, bandwidth : 0.3, bandwidth_mode : heuristic, epsilon : 0.1, normalized : True, random_seed : 56, 
bias_direct: 0.0213821470204624
rmse_direct: 0.026985813273693152
bias_indirect: 0.011742557363937407
rmse_indirect: 0.016081775804186734
bias_total: 0.020806048793735446
rmse_total: 0.028985062072926972
bias_mr: 0.020267256760704806
rmse_mr: 0.0271125699016931
coverage: 1.0
