Experiment: expname : nonparametric_experiment, data : uniform, n_samples : 500, mediator_dimension : 1, covariate_dimension : 1, alpha : 0.0, beta : 0.0, stochasticity : 1, gamma : 0.3, noise : uniform, 
Running with estimator : ipw, regularization : True, sample_splits : 1, reg_lambda : 0.001, reg_lambda_tilde : 0.001, kernel : linear, density : conditional_kernel, bandwidth : 0.3, bandwidth_mode : heuristic, epsilon : 0.1, normalized : True, random_seed : 81, 
bias_direct: 0.16397594938108645
rmse_direct: 0.19527663685032992
bias_indirect: 0.03555473417673933
rmse_indirect: 0.05084482234320201
bias_total: 0.19024669170045339
rmse_total: 0.22348685837498747
bias_mr: 0.11025794307398452
rmse_mr: 0.14854981819988405
coverage: 0.0
