Experiment: expname : baselines_experiment, data : uniform, n_samples : 5000, mediator_dimension : 1, covariate_dimension : 1, alpha : 0.5, beta : 0.25, stochasticity : 1, gamma : 0.3, noise : uniform, 
Running with estimator : kme_dml, regularization : True, sample_splits : 1, reg_lambda : 0.001, reg_lambda_tilde : 0.001, kernel : gauss, density : gaussian, bandwidth : 0.3, bandwidth_mode : heuristic, epsilon : 0.3, normalized : True, random_seed : 28, 
bias_direct: 0.0316481859872171
rmse_direct: 0.038395084883330814
bias_indirect: 0.015522992298307971
rmse_indirect: 0.019734194811027558
bias_total: 0.02521366980832239
rmse_total: 0.03273603333073403
bias_mr: 0.03980834117924047
rmse_mr: 0.04854358747764882
coverage: 0.9655172413793104
