Experiment: expname : baselines_experiment, data : uniform, n_samples : 500, mediator_dimension : 1, covariate_dimension : 1, alpha : 0.5, beta : 0.25, stochasticity : 1, gamma : 0.3, noise : uniform, 
Running with estimator : kme_g_computation, regularization : True, sample_splits : 1, reg_lambda : 0.001, reg_lambda_tilde : 0.001, kernel : gauss, density : gaussian, bandwidth : 0.3, bandwidth_mode : heuristic, epsilon : 0.3, normalized : True, random_seed : 60, 
bias_direct: 0.3336734330986784
rmse_direct: 0.4354122029107532
bias_indirect: 0.33306580664342983
rmse_indirect: 0.4661970055165733
bias_total: 0.053959708045705594
rmse_total: 0.06582034053306246
bias_mr: 0.37569551294122516
rmse_mr: 0.4979653583316447
coverage: 0.0
