Experiment: expname : nonparametric_experiment, data : uniform, n_samples : 500, mediator_dimension : 1, covariate_dimension : 1, alpha : 0.0, beta : 0.0, stochasticity : 1, gamma : 0.3, noise : uniform, 
Running with estimator : ipw, regularization : True, sample_splits : 1, reg_lambda : 0.001, reg_lambda_tilde : 0.001, kernel : linear, density : conditional_kernel, bandwidth : 0.3, bandwidth_mode : heuristic, epsilon : 0.1, normalized : True, random_seed : 70, 
bias_direct: 0.3708164473806147
rmse_direct: 0.4133417006812413
bias_indirect: 0.015104063836422559
rmse_indirect: 0.018990859059440684
bias_total: 0.37442715032029666
rmse_total: 0.41576285791373513
bias_mr: 0.20067597270095897
rmse_mr: 0.25089534831127613
coverage: 0.0
