Experiment: expname : nonparametric_experiment, data : uniform, n_samples : 5000, mediator_dimension : 1, covariate_dimension : 1, alpha : 0.0, beta : 0.0, stochasticity : 1, gamma : 0.3, noise : uniform, 
Running with estimator : ipw, regularization : True, sample_splits : 1, reg_lambda : 0.001, reg_lambda_tilde : 0.001, kernel : linear, density : conditional_kernel, bandwidth : 0.3, bandwidth_mode : heuristic, epsilon : 0.1, normalized : True, random_seed : 61, 
bias_direct: 0.04457989376064764
rmse_direct: 0.054903659255753044
bias_indirect: 0.0163308377642067
rmse_indirect: 0.024341725935693274
bias_total: 0.0381459087695705
rmse_total: 0.045732019344297915
bias_mr: 0.055821702982657366
rmse_mr: 0.07466617629577617
coverage: 0.0
