Experiment: expname : nonparametric_experiment, data : uniform, n_samples : 500, mediator_dimension : 1, covariate_dimension : 1, alpha : 0.0, beta : 0.0, stochasticity : 1, gamma : 0.3, noise : uniform, 
Running with estimator : kme_g_computation, regularization : True, sample_splits : 1, reg_lambda : 0.001, reg_lambda_tilde : 0.001, kernel : gauss, density : gaussian, bandwidth : 0.3, bandwidth_mode : heuristic, epsilon : 0.1, normalized : True, random_seed : 52, 
bias_direct: 0.1304770431398152
rmse_direct: 0.15098380855777524
bias_indirect: 0.1728028986676555
rmse_indirect: 0.21451109121362713
bias_total: 0.07408749229239055
rmse_total: 0.0962392153741188
bias_mr: 0.1983105604046784
rmse_mr: 0.2499432820538192
coverage: 0.0
