Experiment: expname : baselines_experiment, data : uniform, n_samples : 1000, mediator_dimension : 1, covariate_dimension : 1, alpha : 0.5, beta : 0.25, stochasticity : 1, gamma : 0.3, noise : uniform, 
Running with estimator : ipw, regularization : True, sample_splits : 1, reg_lambda : 0.001, reg_lambda_tilde : 0.001, kernel : gauss, density : gaussian, bandwidth : 0.3, bandwidth_mode : heuristic, epsilon : 0.3, normalized : True, random_seed : 21, 
bias_direct: 0.12001570361551324
rmse_direct: 0.1529470955413898
bias_indirect: 0.06982758620689661
rmse_indirect: 0.07936276378669078
bias_total: 0.09158033440321026
rmse_total: 0.11115864198353448
bias_mr: 0.14529760561017122
rmse_mr: 0.19663436040588675
coverage: 0.0
