Experiment: expname : nonparametric_experiment, data : uniform, n_samples : 500, mediator_dimension : 1, covariate_dimension : 1, alpha : 0.0, beta : 0.0, stochasticity : 1, gamma : 0.3, noise : uniform, 
Running with estimator : kme_g_computation, regularization : True, sample_splits : 1, reg_lambda : 0.001, reg_lambda_tilde : 0.001, kernel : gauss, density : conditional_kernel, bandwidth : 0.3, bandwidth_mode : heuristic, epsilon : 0.1, normalized : True, random_seed : 27, 
bias_direct: 0.16628197285365418
rmse_direct: 0.19143090369469873
bias_indirect: 0.13098260039095366
rmse_indirect: 0.16717883999886302
bias_total: 0.06111563623195779
rmse_total: 0.08937903914741875
bias_mr: 0.18213540397217687
rmse_mr: 0.2207468765351274
coverage: 0.0
