Experiment: expname : nonparametric_experiment, data : uniform, n_samples : 5000, mediator_dimension : 1, covariate_dimension : 1, alpha : 0.0, beta : 0.0, stochasticity : 1, gamma : 0.3, noise : uniform, 
Running with estimator : kme_g_computation, regularization : True, sample_splits : 1, reg_lambda : 0.001, reg_lambda_tilde : 0.001, kernel : linear, density : conditional_kernel, bandwidth : 0.3, bandwidth_mode : heuristic, epsilon : 0.1, normalized : True, random_seed : 18, 
bias_direct: 0.15946381652645078
rmse_direct: 0.18119868917335982
bias_indirect: 0.1577404796576509
rmse_indirect: 0.17928043819484216
bias_total: 0.0017233368687998574
rmse_total: 0.0021627637898081944
bias_mr: 0.15905234712425462
rmse_mr: 0.18175006296713347
coverage: 0.0
