Experiment: expname : baselines_experiment, data : uniform, n_samples : 500, mediator_dimension : 1, covariate_dimension : 1, alpha : 0.5, beta : 0.25, stochasticity : 1, gamma : 0.3, noise : uniform, 
Running with estimator : linear, regularization : True, sample_splits : 1, reg_lambda : 0.001, reg_lambda_tilde : 0.001, kernel : gauss, density : gaussian, bandwidth : 0.3, bandwidth_mode : heuristic, epsilon : 0.3, normalized : True, random_seed : 75, 
bias_direct: 0.3211208965006799
rmse_direct: 0.36711984212668625
bias_indirect: 0.004413336874377264
rmse_indirect: 0.005015991972492123
bias_total: 0.3172567748817807
rmse_total: 0.36276746385368813
bias_mr: 0.3069580370115107
rmse_mr: 0.3271088441523068
coverage: 0.0
