Experiment: expname : nonparametric_experiment, data : uniform, n_samples : 1000, mediator_dimension : 1, covariate_dimension : 1, alpha : 0.0, beta : 0.0, stochasticity : 1, gamma : 0.3, noise : uniform, 
Running with estimator : kme_dml, regularization : True, sample_splits : 1, reg_lambda : 0.001, reg_lambda_tilde : 0.001, kernel : linear, density : conditional_kernel, bandwidth : 0.3, bandwidth_mode : heuristic, epsilon : 0.1, normalized : True, random_seed : 94, 
bias_direct: 0.07514160884438924
rmse_direct: 0.09179724306644771
bias_indirect: 0.016429864483229275
rmse_indirect: 0.021604452439686707
bias_total: 0.08543338900928571
rmse_total: 0.1038580550222017
bias_mr: 0.05028815008037443
rmse_mr: 0.05396560360564242
coverage: 1.0
