Experiment: expname : nonparametric_experiment, data : uniform, n_samples : 1000, mediator_dimension : 1, covariate_dimension : 1, alpha : 0.0, beta : 0.0, stochasticity : 1, gamma : 0.3, noise : uniform, 
Running with estimator : ipw, regularization : True, sample_splits : 1, reg_lambda : 0.001, reg_lambda_tilde : 0.001, kernel : gauss, density : gaussian, bandwidth : 0.3, bandwidth_mode : heuristic, epsilon : 0.1, normalized : True, random_seed : 26, 
bias_direct: 0.14327918866973743
rmse_direct: 0.17466822372722848
bias_indirect: 0.06982758620689662
rmse_indirect: 0.07936276378669078
bias_total: 0.09970005888399698
rmse_total: 0.12570463847721966
bias_mr: 0.15273737799688467
rmse_mr: 0.17348518096722265
coverage: 0.0
