Experiment: expname : nonparametric_experiment, data : uniform, n_samples : 1000, mediator_dimension : 1, covariate_dimension : 1, alpha : 0.0, beta : 0.0, stochasticity : 1, gamma : 0.3, noise : uniform, 
Running with estimator : kme_dml, regularization : True, sample_splits : 1, reg_lambda : 0.001, reg_lambda_tilde : 0.001, kernel : linear, density : gaussian, bandwidth : 0.3, bandwidth_mode : heuristic, epsilon : 0.1, normalized : True, random_seed : 89, 
bias_direct: 0.023443883337023998
rmse_direct: 0.03246328309724422
bias_indirect: 0.013279620125142801
rmse_indirect: 0.018187802727070167
bias_total: 0.019373432283712015
rmse_total: 0.02565281643549219
bias_mr: 0.0251441808087378
rmse_mr: 0.03675689310687102
coverage: 1.0
