Experiment: expname : nonparametric_experiment, data : uniform, n_samples : 5000, mediator_dimension : 1, covariate_dimension : 1, alpha : 0.0, beta : 0.0, stochasticity : 1, gamma : 0.3, noise : uniform, 
Running with estimator : kme_dml, regularization : True, sample_splits : 1, reg_lambda : 0.001, reg_lambda_tilde : 0.001, kernel : gauss, density : gaussian, bandwidth : 0.3, bandwidth_mode : heuristic, epsilon : 0.1, normalized : True, random_seed : 33, 
bias_direct: 0.04149538306773233
rmse_direct: 0.049341762420475915
bias_indirect: 0.015333239463419114
rmse_indirect: 0.020213615387022703
bias_total: 0.05206659162094721
rmse_total: 0.05990235933477173
bias_mr: 0.03681560988873494
rmse_mr: 0.04404987260928491
coverage: 0.9310344827586207
