Experiment: expname : nonparametric_experiment, data : uniform, n_samples : 500, mediator_dimension : 1, covariate_dimension : 1, alpha : 0.0, beta : 0.0, stochasticity : 1, gamma : 0.3, noise : uniform, 
Running with estimator : kme_dml, regularization : True, sample_splits : 1, reg_lambda : 0.001, reg_lambda_tilde : 0.001, kernel : gauss, density : conditional_kernel, bandwidth : 0.3, bandwidth_mode : heuristic, epsilon : 0.1, normalized : True, random_seed : 4, 
bias_direct: 0.07143078457081811
rmse_direct: 0.0795481997221772
bias_indirect: 0.012671144981287123
rmse_indirect: 0.01940575949338128
bias_total: 0.07709315431134432
rmse_total: 0.08990325851845693
bias_mr: 0.04518245435243708
rmse_mr: 0.05410891667001689
coverage: 1.0
