Experiment: expname : nonparametric_experiment, data : uniform, n_samples : 500, mediator_dimension : 1, covariate_dimension : 1, alpha : 0.0, beta : 0.0, stochasticity : 1, gamma : 0.3, noise : uniform, 
Running with estimator : kme_dml, regularization : True, sample_splits : 1, reg_lambda : 0.001, reg_lambda_tilde : 0.001, kernel : linear, density : conditional_kernel, bandwidth : 0.3, bandwidth_mode : heuristic, epsilon : 0.1, normalized : True, random_seed : 99, 
bias_direct: 0.04071641663911271
rmse_direct: 0.047784905881531524
bias_indirect: 0.06417976643926862
rmse_indirect: 0.07309202445060638
bias_total: 0.051661910881861395
rmse_total: 0.062334312910275545
bias_mr: 0.11587263059738326
rmse_mr: 0.12393322177935412
coverage: 0.9310344827586207
