Experiment: expname : baselines_experiment, data : uniform, n_samples : 500, mediator_dimension : 1, covariate_dimension : 1, alpha : 0.5, beta : 0.25, stochasticity : 1, gamma : 0.3, noise : uniform, 
Running with estimator : ipw, regularization : True, sample_splits : 1, reg_lambda : 0.001, reg_lambda_tilde : 0.001, kernel : gauss, density : gaussian, bandwidth : 0.3, bandwidth_mode : heuristic, epsilon : 0.3, normalized : True, random_seed : 88, 
bias_direct: 0.1713374384921329
rmse_direct: 0.20783460725970987
bias_indirect: 0.06982758620689661
rmse_indirect: 0.07936276378669078
bias_total: 0.16903114174755982
rmse_total: 0.2020386105394117
bias_mr: 0.18239690330397682
rmse_mr: 0.2378964308178056
coverage: 0.0
