Experiment: expname : baselines_experiment, data : uniform, n_samples : 5000, mediator_dimension : 1, covariate_dimension : 1, alpha : 0.5, beta : 0.25, stochasticity : 1, gamma : 0.3, noise : uniform, 
Running with estimator : linear, regularization : True, sample_splits : 1, reg_lambda : 0.001, reg_lambda_tilde : 0.001, kernel : gauss, density : gaussian, bandwidth : 0.3, bandwidth_mode : heuristic, epsilon : 0.3, normalized : True, random_seed : 70, 
bias_direct: 0.31187161888082926
rmse_direct: 0.3567309277590697
bias_indirect: 0.002518526847563456
rmse_indirect: 0.0028624396481555093
bias_total: 0.30966650870762913
rmse_total: 0.35426921321617927
bias_mr: 0.29713536569574683
rmse_mr: 0.3163477296098743
coverage: 0.0
