Experiment: expname : baselines_experiment, data : uniform, n_samples : 500, mediator_dimension : 1, covariate_dimension : 1, alpha : 0.5, beta : 0.25, stochasticity : 1, gamma : 0.3, noise : uniform, 
Running with estimator : kme_g_computation, regularization : True, sample_splits : 1, reg_lambda : 0.001, reg_lambda_tilde : 0.001, kernel : gauss, density : gaussian, bandwidth : 0.3, bandwidth_mode : heuristic, epsilon : 0.3, normalized : True, random_seed : 1, 
bias_direct: 0.37190769895834286
rmse_direct: 0.4680696394011749
bias_indirect: 0.3376459066297415
rmse_indirect: 0.46462747307512775
bias_total: 0.06774287649330386
rmse_total: 0.07560385194388329
bias_mr: 0.4233768604817111
rmse_mr: 0.5363376262484514
coverage: 0.0
