Experiment: expname : nonparametric_experiment, data : uniform, n_samples : 1000, mediator_dimension : 1, covariate_dimension : 1, alpha : 0.0, beta : 0.0, stochasticity : 1, gamma : 0.3, noise : uniform, 
Running with estimator : ipw, regularization : True, sample_splits : 1, reg_lambda : 0.001, reg_lambda_tilde : 0.001, kernel : linear, density : gaussian, bandwidth : 0.3, bandwidth_mode : heuristic, epsilon : 0.1, normalized : True, random_seed : 90, 
bias_direct: 0.06328187944300115
rmse_direct: 0.09132735260444656
bias_indirect: 0.0698275862068966
rmse_indirect: 0.07936276378669077
bias_total: 0.07178811501000315
rmse_total: 0.09014916963049599
bias_mr: 0.061362091780086836
rmse_mr: 0.08411488976663418
coverage: 0.0
