Experiment: expname : nonparametric_experiment, data : uniform, n_samples : 500, mediator_dimension : 1, covariate_dimension : 1, alpha : 0.0, beta : 0.0, stochasticity : 1, gamma : 0.3, noise : uniform, 
Running with estimator : kme_dml, regularization : True, sample_splits : 1, reg_lambda : 0.001, reg_lambda_tilde : 0.001, kernel : linear, density : gaussian, bandwidth : 0.3, bandwidth_mode : heuristic, epsilon : 0.1, normalized : True, random_seed : 30, 
bias_direct: 0.10431539178693665
rmse_direct: 0.12304652082107427
bias_indirect: 0.026682645546489237
rmse_indirect: 0.03458168015158426
bias_total: 0.0847903302601053
rmse_total: 0.09616161787100713
bias_mr: 0.0822426956728093
rmse_mr: 0.09875723665863587
coverage: 1.0
