Experiment: expname : nonparametric_experiment, data : uniform, n_samples : 5000, mediator_dimension : 1, covariate_dimension : 1, alpha : 0.0, beta : 0.0, stochasticity : 1, gamma : 0.3, noise : uniform, 
Running with estimator : ipw, regularization : True, sample_splits : 1, reg_lambda : 0.001, reg_lambda_tilde : 0.001, kernel : gauss, density : conditional_kernel, bandwidth : 0.3, bandwidth_mode : heuristic, epsilon : 0.1, normalized : True, random_seed : 49, 
bias_direct: 0.06867464818886504
rmse_direct: 0.08024538910451895
bias_indirect: 0.01941883406561656
rmse_indirect: 0.027720805591327398
bias_total: 0.08375623413505429
rmse_total: 0.09469707593988774
bias_mr: 0.05539637121497757
rmse_mr: 0.07154609553900446
coverage: 0.0
