Experiment: expname : nonparametric_experiment, data : uniform, n_samples : 1000, mediator_dimension : 1, covariate_dimension : 1, alpha : 0.0, beta : 0.0, stochasticity : 1, gamma : 0.3, noise : uniform, 
Running with estimator : kme_g_computation, regularization : True, sample_splits : 1, reg_lambda : 0.001, reg_lambda_tilde : 0.001, kernel : linear, density : gaussian, bandwidth : 0.3, bandwidth_mode : heuristic, epsilon : 0.1, normalized : True, random_seed : 14, 
bias_direct: 0.17182252752346025
rmse_direct: 0.19555456138830363
bias_indirect: 0.1544258471825967
rmse_indirect: 0.17551323793699297
bias_total: 0.01739668034086358
rmse_total: 0.0205564794660057
bias_mr: 0.17470097739864668
rmse_mr: 0.2026471925493355
coverage: 0.0
