Experiment: expname : baselines_experiment, data : uniform, n_samples : 1000, mediator_dimension : 1, covariate_dimension : 1, alpha : 0.5, beta : 0.25, stochasticity : 1, gamma : 0.3, noise : uniform, 
Running with estimator : linear, regularization : True, sample_splits : 1, reg_lambda : 0.001, reg_lambda_tilde : 0.001, kernel : gauss, density : gaussian, bandwidth : 0.3, bandwidth_mode : heuristic, epsilon : 0.3, normalized : True, random_seed : 23, 
bias_direct: 0.2970433665967003
rmse_direct: 0.34029783362087623
bias_indirect: 0.019313142105937185
rmse_indirect: 0.02195041269779566
bias_total: 0.2801336377306131
rmse_total: 0.3219390254471166
bias_mr: 0.28119610173105497
rmse_mr: 0.3014848069824631
coverage: 0.0
