Experiment: expname : nonparametric_experiment, data : uniform, n_samples : 5000, mediator_dimension : 1, covariate_dimension : 1, alpha : 0.0, beta : 0.0, stochasticity : 1, gamma : 0.3, noise : uniform, 
Running with estimator : kme_dml, regularization : True, sample_splits : 1, reg_lambda : 0.001, reg_lambda_tilde : 0.001, kernel : gauss, density : conditional_kernel, bandwidth : 0.3, bandwidth_mode : heuristic, epsilon : 0.1, normalized : True, random_seed : 56, 
bias_direct: 0.02189853519430817
rmse_direct: 0.027629773086745597
bias_indirect: 0.011690541865508818
rmse_indirect: 0.015424811600675789
bias_total: 0.02095354570150331
rmse_total: 0.029148090756221365
bias_mr: 0.02068704659203878
rmse_mr: 0.02775319664517496
coverage: 0.9655172413793104
