Experiment: expname : nonparametric_experiment, data : uniform, n_samples : 5000, mediator_dimension : 1, covariate_dimension : 1, alpha : 0.0, beta : 0.0, stochasticity : 1, gamma : 0.3, noise : uniform, 
Running with estimator : ipw, regularization : True, sample_splits : 1, reg_lambda : 0.001, reg_lambda_tilde : 0.001, kernel : linear, density : conditional_kernel, bandwidth : 0.3, bandwidth_mode : heuristic, epsilon : 0.1, normalized : True, random_seed : 30, 
bias_direct: 0.046660069953298806
rmse_direct: 0.05860358031917803
bias_indirect: 0.020599491193888365
rmse_indirect: 0.022906945814678965
bias_total: 0.04932722880931545
rmse_total: 0.06249471592481504
bias_mr: 0.05353979537520425
rmse_mr: 0.06495757877359462
coverage: 0.0
