Experiment: expname : nonparametric_experiment, data : uniform, n_samples : 1000, mediator_dimension : 1, covariate_dimension : 1, alpha : 0.0, beta : 0.0, stochasticity : 1, gamma : 0.3, noise : uniform, 
Running with estimator : ipw, regularization : True, sample_splits : 1, reg_lambda : 0.001, reg_lambda_tilde : 0.001, kernel : gauss, density : gaussian, bandwidth : 0.3, bandwidth_mode : heuristic, epsilon : 0.1, normalized : True, random_seed : 85, 
bias_direct: 0.12844645739527843
rmse_direct: 0.19346916081573456
bias_indirect: 0.0698275862068966
rmse_indirect: 0.0793627637866908
bias_total: 0.13870815534894404
rmse_total: 0.17133342917716077
bias_mr: 0.1250598542906255
rmse_mr: 0.15327120843224104
coverage: 0.0
