Experiment: expname : nonparametric_experiment, data : uniform, n_samples : 1000, mediator_dimension : 1, covariate_dimension : 1, alpha : 0.0, beta : 0.0, stochasticity : 1, gamma : 0.3, noise : uniform, 
Running with estimator : ipw, regularization : True, sample_splits : 1, reg_lambda : 0.001, reg_lambda_tilde : 0.001, kernel : gauss, density : gaussian, bandwidth : 0.3, bandwidth_mode : heuristic, epsilon : 0.1, normalized : True, random_seed : 71, 
bias_direct: 0.06681945970530614
rmse_direct: 0.07889734315701229
bias_indirect: 0.0698275862068966
rmse_indirect: 0.07936276378669077
bias_total: 0.05862692602704681
rmse_total: 0.06870436031327755
bias_mr: 0.05105427729869365
rmse_mr: 0.06533854916224169
coverage: 0.0
