Experiment: expname : nonparametric_experiment, data : uniform, n_samples : 1000, mediator_dimension : 1, covariate_dimension : 1, alpha : 0.0, beta : 0.0, stochasticity : 1, gamma : 0.3, noise : uniform, 
Running with estimator : kme_g_computation, regularization : True, sample_splits : 1, reg_lambda : 0.001, reg_lambda_tilde : 0.001, kernel : gauss, density : conditional_kernel, bandwidth : 0.3, bandwidth_mode : heuristic, epsilon : 0.1, normalized : True, random_seed : 66, 
bias_direct: 0.1820073296207449
rmse_direct: 0.20731933138740663
bias_indirect: 0.1983800575304535
rmse_indirect: 0.23145960233698498
bias_total: 0.034706938579784755
rmse_total: 0.049171209159730854
bias_mr: 0.18750133862207483
rmse_mr: 0.2132457101952226
coverage: 0.0
