Experiment: expname : nonparametric_experiment, data : uniform, n_samples : 500, mediator_dimension : 1, covariate_dimension : 1, alpha : 0.0, beta : 0.0, stochasticity : 1, gamma : 0.3, noise : uniform, 
Running with estimator : kme_dml, regularization : True, sample_splits : 1, reg_lambda : 0.001, reg_lambda_tilde : 0.001, kernel : linear, density : gaussian, bandwidth : 0.3, bandwidth_mode : heuristic, epsilon : 0.1, normalized : True, random_seed : 50, 
bias_direct: 0.11602395898906531
rmse_direct: 0.15833999761068335
bias_indirect: 0.008229705400065563
rmse_indirect: 0.010880136899810324
bias_total: 0.12030236976319943
rmse_total: 0.1568474876464082
bias_mr: 0.11060144831808523
rmse_mr: 0.12019844727717037
coverage: 1.0
