Experiment: expname : nonparametric_experiment, data : uniform, n_samples : 5000, mediator_dimension : 1, covariate_dimension : 1, alpha : 0.0, beta : 0.0, stochasticity : 1, gamma : 0.3, noise : uniform, 
Running with estimator : kme_g_computation, regularization : True, sample_splits : 1, reg_lambda : 0.001, reg_lambda_tilde : 0.001, kernel : gauss, density : gaussian, bandwidth : 0.3, bandwidth_mode : heuristic, epsilon : 0.1, normalized : True, random_seed : 71, 
bias_direct: 0.17235695956035652
rmse_direct: 0.19331763215458395
bias_indirect: 0.14160096565090627
rmse_indirect: 0.16694204342928884
bias_total: 0.031096766805864602
rmse_total: 0.033772201795979014
bias_mr: 0.18064299239042506
rmse_mr: 0.20398665007142178
coverage: 0.0
