Experiment: expname : nonparametric_experiment, data : uniform, n_samples : 5000, mediator_dimension : 1, covariate_dimension : 1, alpha : 0.0, beta : 0.0, stochasticity : 1, gamma : 0.3, noise : uniform, 
Running with estimator : kme_dml, regularization : True, sample_splits : 1, reg_lambda : 0.001, reg_lambda_tilde : 0.001, kernel : gauss, density : conditional_kernel, bandwidth : 0.3, bandwidth_mode : heuristic, epsilon : 0.1, normalized : True, random_seed : 30, 
bias_direct: 0.037393059364558896
rmse_direct: 0.0484325127513837
bias_indirect: 0.003215830567035651
rmse_indirect: 0.004548665633331663
bias_total: 0.0376836056089441
rmse_total: 0.04797424703401076
bias_mr: 0.03251338398734031
rmse_mr: 0.0405118726400246
coverage: 1.0
