Experiment: expname : nonparametric_experiment, data : uniform, n_samples : 1000, mediator_dimension : 1, covariate_dimension : 1, alpha : 0.0, beta : 0.0, stochasticity : 1, gamma : 0.3, noise : uniform, 
Running with estimator : kme_g_computation, regularization : True, sample_splits : 1, reg_lambda : 0.001, reg_lambda_tilde : 0.001, kernel : linear, density : gaussian, bandwidth : 0.3, bandwidth_mode : heuristic, epsilon : 0.1, normalized : True, random_seed : 89, 
bias_direct: 0.15400922156406033
rmse_direct: 0.174888105327235
bias_indirect: 0.1569534323456015
rmse_indirect: 0.17838593537755243
bias_total: 0.007353063489232559
rmse_total: 0.010119603986462293
bias_mr: 0.15527305276509812
rmse_mr: 0.17749715392973203
coverage: 0.0
