Experiment: expname : nonparametric_experiment, data : uniform, n_samples : 500, mediator_dimension : 1, covariate_dimension : 1, alpha : 0.0, beta : 0.0, stochasticity : 1, gamma : 0.3, noise : uniform, 
Running with estimator : kme_g_computation, regularization : True, sample_splits : 1, reg_lambda : 0.001, reg_lambda_tilde : 0.001, kernel : gauss, density : conditional_kernel, bandwidth : 0.3, bandwidth_mode : heuristic, epsilon : 0.1, normalized : True, random_seed : 62, 
bias_direct: 0.17034374049176257
rmse_direct: 0.19020644877964998
bias_indirect: 0.08214376862015144
rmse_indirect: 0.10747891503916435
bias_total: 0.0881999718716111
rmse_total: 0.10400658908355334
bias_mr: 0.1691480575356019
rmse_mr: 0.1923083748598093
coverage: 0.0
