Experiment: expname : nonparametric_experiment, data : uniform, n_samples : 1000, mediator_dimension : 1, covariate_dimension : 1, alpha : 0.0, beta : 0.0, stochasticity : 1, gamma : 0.3, noise : uniform, 
Running with estimator : kme_dml, regularization : True, sample_splits : 1, reg_lambda : 0.001, reg_lambda_tilde : 0.001, kernel : linear, density : gaussian, bandwidth : 0.3, bandwidth_mode : heuristic, epsilon : 0.1, normalized : True, random_seed : 63, 
bias_direct: 0.025793766947005314
rmse_direct: 0.03259595807851318
bias_indirect: 0.01852682459962408
rmse_indirect: 0.022599957400130564
bias_total: 0.03926587014453265
rmse_total: 0.04888360644575185
bias_mr: 0.02537276006544759
rmse_mr: 0.03139481342743285
coverage: 1.0
