Experiment: expname : nonparametric_experiment, data : uniform, n_samples : 500, mediator_dimension : 1, covariate_dimension : 1, alpha : 0.0, beta : 0.0, stochasticity : 1, gamma : 0.3, noise : uniform, 
Running with estimator : kme_g_computation, regularization : True, sample_splits : 1, reg_lambda : 0.001, reg_lambda_tilde : 0.001, kernel : gauss, density : conditional_kernel, bandwidth : 0.3, bandwidth_mode : heuristic, epsilon : 0.1, normalized : True, random_seed : 86, 
bias_direct: 0.16788184442650056
rmse_direct: 0.18775789764719233
bias_indirect: 0.12905163169152195
rmse_indirect: 0.15418053662285355
bias_total: 0.05417245760644064
rmse_total: 0.07069253078019412
bias_mr: 0.178968365361862
rmse_mr: 0.21104184867708442
coverage: 0.0
