Experiment: expname : nonparametric_experiment, data : uniform, n_samples : 1000, mediator_dimension : 1, covariate_dimension : 1, alpha : 0.0, beta : 0.0, stochasticity : 1, gamma : 0.3, noise : uniform, 
Running with estimator : kme_g_computation, regularization : True, sample_splits : 1, reg_lambda : 0.001, reg_lambda_tilde : 0.001, kernel : linear, density : conditional_kernel, bandwidth : 0.3, bandwidth_mode : heuristic, epsilon : 0.1, normalized : True, random_seed : 33, 
bias_direct: 0.16294681563554042
rmse_direct: 0.18502881486178435
bias_indirect: 0.19366668561181866
rmse_indirect: 0.22011249228086785
bias_total: 0.030719869976278298
rmse_total: 0.03625978860795654
bias_mr: 0.16323229189081506
rmse_mr: 0.18679495446568994
coverage: 0.0
