Experiment: expname : nonparametric_experiment, data : uniform, n_samples : 1000, mediator_dimension : 1, covariate_dimension : 1, alpha : 0.0, beta : 0.0, stochasticity : 1, gamma : 0.3, noise : uniform, 
Running with estimator : kme_g_computation, regularization : True, sample_splits : 1, reg_lambda : 0.001, reg_lambda_tilde : 0.001, kernel : gauss, density : gaussian, bandwidth : 0.3, bandwidth_mode : heuristic, epsilon : 0.1, normalized : True, random_seed : 41, 
bias_direct: 0.18676134648937268
rmse_direct: 0.2055178698375105
bias_indirect: 0.15183705851716775
rmse_indirect: 0.179104623099367
bias_total: 0.03927529958337773
rmse_total: 0.042934133129348816
bias_mr: 0.18207753111916603
rmse_mr: 0.20141655220354632
coverage: 0.0
