Experiment: expname : baselines_experiment, data : uniform, n_samples : 5000, mediator_dimension : 1, covariate_dimension : 1, alpha : 0.5, beta : 0.25, stochasticity : 1, gamma : 0.3, noise : uniform, 
Running with estimator : kme_g_computation, regularization : True, sample_splits : 1, reg_lambda : 0.001, reg_lambda_tilde : 0.001, kernel : gauss, density : gaussian, bandwidth : 0.3, bandwidth_mode : heuristic, epsilon : 0.3, normalized : True, random_seed : 16, 
bias_direct: 0.38668140819919905
rmse_direct: 0.5023928428002711
bias_indirect: 0.4163536233440127
rmse_indirect: 0.5452303710877743
bias_total: 0.034767011398186255
rmse_total: 0.04639239711857871
bias_mr: 0.39420551710619933
rmse_mr: 0.516305656883351
coverage: 0.0
