Experiment: expname : nonparametric_experiment, data : uniform, n_samples : 5000, mediator_dimension : 1, covariate_dimension : 1, alpha : 0.0, beta : 0.0, stochasticity : 1, gamma : 0.3, noise : uniform, 
Running with estimator : ipw, regularization : True, sample_splits : 1, reg_lambda : 0.001, reg_lambda_tilde : 0.001, kernel : linear, density : gaussian, bandwidth : 0.3, bandwidth_mode : heuristic, epsilon : 0.1, normalized : True, random_seed : 54, 
bias_direct: 0.09290399237595794
rmse_direct: 0.11455299632178642
bias_indirect: 0.06982758620689661
rmse_indirect: 0.07936276378669078
bias_total: 0.06256640943028237
rmse_total: 0.07227736423859155
bias_mr: 0.09311150661363872
rmse_mr: 0.11423379809705533
coverage: 0.0
