Experiment: expname : nonparametric_experiment, data : uniform, n_samples : 5000, mediator_dimension : 1, covariate_dimension : 1, alpha : 0.0, beta : 0.0, stochasticity : 1, gamma : 0.3, noise : uniform, 
Running with estimator : kme_dml, regularization : True, sample_splits : 1, reg_lambda : 0.001, reg_lambda_tilde : 0.001, kernel : gauss, density : conditional_kernel, bandwidth : 0.3, bandwidth_mode : heuristic, epsilon : 0.1, normalized : True, random_seed : 43, 
bias_direct: 0.0555667398910939
rmse_direct: 0.06314727789743775
bias_indirect: 0.004854701898402498
rmse_indirect: 0.005740115448939799
bias_total: 0.05825492990773013
rmse_total: 0.0666482370495628
bias_mr: 0.04696984290000036
rmse_mr: 0.05515009171463343
coverage: 0.8275862068965517
