Experiment: expname : nonparametric_experiment, data : uniform, n_samples : 5000, mediator_dimension : 1, covariate_dimension : 1, alpha : 0.0, beta : 0.0, stochasticity : 1, gamma : 0.3, noise : uniform, 
Running with estimator : kme_dml, regularization : True, sample_splits : 1, reg_lambda : 0.001, reg_lambda_tilde : 0.001, kernel : linear, density : conditional_kernel, bandwidth : 0.3, bandwidth_mode : heuristic, epsilon : 0.1, normalized : True, random_seed : 96, 
bias_direct: 0.04115667049822676
rmse_direct: 0.04753500781612894
bias_indirect: 0.019756324733351933
rmse_indirect: 0.02545415365550839
bias_total: 0.024776898128562774
rmse_total: 0.02645732657425385
bias_mr: 0.029347812249207152
rmse_mr: 0.033871682420341345
coverage: 1.0
