Experiment: expname : baselines_experiment, data : uniform, n_samples : 500, mediator_dimension : 1, covariate_dimension : 1, alpha : 0.5, beta : 0.25, stochasticity : 1, gamma : 0.3, noise : uniform, 
Running with estimator : kme_g_computation, regularization : True, sample_splits : 1, reg_lambda : 0.001, reg_lambda_tilde : 0.001, kernel : gauss, density : gaussian, bandwidth : 0.3, bandwidth_mode : heuristic, epsilon : 0.3, normalized : True, random_seed : 75, 
bias_direct: 0.34402608058255013
rmse_direct: 0.4491977511773986
bias_indirect: 0.39080125890202333
rmse_indirect: 0.5039077283004697
bias_total: 0.051584912856515036
rmse_total: 0.08310700918708346
bias_mr: 0.38522767015451737
rmse_mr: 0.5028174463713858
coverage: 0.0
