Experiment: expname : baselines_experiment, data : uniform, n_samples : 5000, mediator_dimension : 1, covariate_dimension : 1, alpha : 0.5, beta : 0.25, stochasticity : 1, gamma : 0.3, noise : uniform, 
Running with estimator : linear, regularization : True, sample_splits : 1, reg_lambda : 0.001, reg_lambda_tilde : 0.001, kernel : gauss, density : gaussian, bandwidth : 0.3, bandwidth_mode : heuristic, epsilon : 0.3, normalized : True, random_seed : 10, 
bias_direct: 0.3367930881525648
rmse_direct: 0.38476231248000126
bias_indirect: 0.0019237297805290504
rmse_indirect: 0.0021864211618197204
bias_total: 0.3349553477976155
rmse_total: 0.38283553695250805
bias_mr: 0.3256552687420959
rmse_mr: 0.3462132856296555
coverage: 0.0
