Experiment: expname : nonparametric_experiment, data : uniform, n_samples : 5000, mediator_dimension : 1, covariate_dimension : 1, alpha : 0.0, beta : 0.0, stochasticity : 1, gamma : 0.3, noise : uniform, 
Running with estimator : kme_dml, regularization : True, sample_splits : 1, reg_lambda : 0.001, reg_lambda_tilde : 0.001, kernel : gauss, density : gaussian, bandwidth : 0.3, bandwidth_mode : heuristic, epsilon : 0.1, normalized : True, random_seed : 14, 
bias_direct: 0.029296520745723077
rmse_direct: 0.03802075632599377
bias_indirect: 0.011195622647035167
rmse_indirect: 0.014439270571493893
bias_total: 0.034370125567907105
rmse_total: 0.0412524650633806
bias_mr: 0.031578955965698985
rmse_mr: 0.04018841402906808
coverage: 0.9310344827586207
