Experiment: expname : nonparametric_experiment, data : uniform, n_samples : 500, mediator_dimension : 1, covariate_dimension : 1, alpha : 0.0, beta : 0.0, stochasticity : 1, gamma : 0.3, noise : uniform, 
Running with estimator : kme_g_computation, regularization : True, sample_splits : 1, reg_lambda : 0.001, reg_lambda_tilde : 0.001, kernel : gauss, density : gaussian, bandwidth : 0.3, bandwidth_mode : heuristic, epsilon : 0.1, normalized : True, random_seed : 48, 
bias_direct: 0.1529705661988714
rmse_direct: 0.17354741412338978
bias_indirect: 0.1728498214666074
rmse_indirect: 0.21173143394896088
bias_total: 0.04967294022576235
rmse_total: 0.06457983532854766
bias_mr: 0.1677358717935477
rmse_mr: 0.20198677522987227
coverage: 0.0
