Experiment: expname : nonparametric_experiment, data : uniform, n_samples : 500, mediator_dimension : 1, covariate_dimension : 1, alpha : 0.0, beta : 0.0, stochasticity : 1, gamma : 0.3, noise : uniform, 
Running with estimator : kme_dml, regularization : True, sample_splits : 1, reg_lambda : 0.001, reg_lambda_tilde : 0.001, kernel : linear, density : gaussian, bandwidth : 0.3, bandwidth_mode : heuristic, epsilon : 0.1, normalized : True, random_seed : 52, 
bias_direct: 0.09926933186574737
rmse_direct: 0.1244746038123773
bias_indirect: 0.04002733069864763
rmse_indirect: 0.05193358273882278
bias_total: 0.08498305631084212
rmse_total: 0.09977575086054843
bias_mr: 0.08290588651720585
rmse_mr: 0.09314089717852146
coverage: 1.0
