Experiment: expname : baselines_experiment, data : uniform, n_samples : 5000, mediator_dimension : 1, covariate_dimension : 1, alpha : 0.5, beta : 0.25, stochasticity : 1, gamma : 0.3, noise : uniform, 
Running with estimator : kme_g_computation, regularization : True, sample_splits : 1, reg_lambda : 0.001, reg_lambda_tilde : 0.001, kernel : gauss, density : gaussian, bandwidth : 0.3, bandwidth_mode : heuristic, epsilon : 0.3, normalized : True, random_seed : 1, 
bias_direct: 0.3843570838143152
rmse_direct: 0.4951449004062647
bias_indirect: 0.4330816102144126
rmse_indirect: 0.5503683876093918
bias_total: 0.048724526400097355
rmse_total: 0.06145091593378329
bias_mr: 0.39487590964088737
rmse_mr: 0.5110937003944165
coverage: 0.0
