Experiment: expname : nonparametric_experiment, data : uniform, n_samples : 500, mediator_dimension : 1, covariate_dimension : 1, alpha : 0.0, beta : 0.0, stochasticity : 1, gamma : 0.3, noise : uniform, 
Running with estimator : kme_dml, regularization : True, sample_splits : 1, reg_lambda : 0.001, reg_lambda_tilde : 0.001, kernel : linear, density : conditional_kernel, bandwidth : 0.3, bandwidth_mode : heuristic, epsilon : 0.1, normalized : True, random_seed : 92, 
bias_direct: 0.1753236617497201
rmse_direct: 0.19520748008734112
bias_indirect: 0.007701216711803369
rmse_indirect: 0.008832342697660197
bias_total: 0.17925119904468165
rmse_total: 0.1989163682844667
bias_mr: 0.06558141718801887
rmse_mr: 0.08013246009916296
coverage: 1.0
