Experiment: expname : baselines_experiment, data : uniform, n_samples : 500, mediator_dimension : 1, covariate_dimension : 1, alpha : 0.5, beta : 0.25, stochasticity : 1, gamma : 0.3, noise : uniform, 
Running with estimator : linear, regularization : True, sample_splits : 1, reg_lambda : 0.001, reg_lambda_tilde : 0.001, kernel : gauss, density : gaussian, bandwidth : 0.3, bandwidth_mode : heuristic, epsilon : 0.3, normalized : True, random_seed : 16, 
bias_direct: 0.31907127099814064
rmse_direct: 0.3648091109181314
bias_indirect: 0.006705327796385985
rmse_indirect: 0.007620961498513807
bias_total: 0.31320038399419375
rmse_total: 0.3582171944945182
bias_mr: 0.3057679795478827
rmse_mr: 0.32558946426159835
coverage: 0.0
