Experiment: expname : nonparametric_experiment, data : uniform, n_samples : 1000, mediator_dimension : 1, covariate_dimension : 1, alpha : 0.0, beta : 0.0, stochasticity : 1, gamma : 0.3, noise : uniform, 
Running with estimator : kme_dml, regularization : True, sample_splits : 1, reg_lambda : 0.001, reg_lambda_tilde : 0.001, kernel : linear, density : gaussian, bandwidth : 0.3, bandwidth_mode : heuristic, epsilon : 0.1, normalized : True, random_seed : 9, 
bias_direct: 0.1222080206570849
rmse_direct: 0.13612463231104363
bias_indirect: 0.01724047677804112
rmse_indirect: 0.025560372583052608
bias_total: 0.13849180337876937
rmse_total: 0.15278050682323663
bias_mr: 0.12356617490797221
rmse_mr: 0.1405511308777201
coverage: 0.5862068965517241
