Experiment: expname : nonparametric_experiment, data : uniform, n_samples : 5000, mediator_dimension : 1, covariate_dimension : 1, alpha : 0.0, beta : 0.0, stochasticity : 1, gamma : 0.3, noise : uniform, 
Running with estimator : kme_dml, regularization : True, sample_splits : 1, reg_lambda : 0.001, reg_lambda_tilde : 0.001, kernel : gauss, density : gaussian, bandwidth : 0.3, bandwidth_mode : heuristic, epsilon : 0.1, normalized : True, random_seed : 28, 
bias_direct: 0.018460734946937344
rmse_direct: 0.021676442689751704
bias_indirect: 0.011198369764464795
rmse_indirect: 0.014312176615173353
bias_total: 0.019683483031543637
rmse_total: 0.024697186756305337
bias_mr: 0.01939377319566496
rmse_mr: 0.022337588395266634
coverage: 1.0
