Experiment: expname : baselines_experiment, data : uniform, n_samples : 500, mediator_dimension : 1, covariate_dimension : 1, alpha : 0.5, beta : 0.25, stochasticity : 1, gamma : 0.3, noise : uniform, 
Running with estimator : kme_g_computation, regularization : True, sample_splits : 1, reg_lambda : 0.001, reg_lambda_tilde : 0.001, kernel : gauss, density : gaussian, bandwidth : 0.3, bandwidth_mode : heuristic, epsilon : 0.3, normalized : True, random_seed : 42, 
bias_direct: 0.34475114569930493
rmse_direct: 0.4380313783422514
bias_indirect: 0.41927681613141093
rmse_indirect: 0.5345267357613437
bias_total: 0.07908559612679968
rmse_total: 0.1342703176892727
bias_mr: 0.435897364295316
rmse_mr: 0.5483078322624289
coverage: 0.0
