Experiment: expname : nonparametric_experiment, data : uniform, n_samples : 5000, mediator_dimension : 1, covariate_dimension : 1, alpha : 0.0, beta : 0.0, stochasticity : 1, gamma : 0.3, noise : uniform, 
Running with estimator : kme_dml, regularization : True, sample_splits : 1, reg_lambda : 0.001, reg_lambda_tilde : 0.001, kernel : linear, density : conditional_kernel, bandwidth : 0.3, bandwidth_mode : heuristic, epsilon : 0.1, normalized : True, random_seed : 4, 
bias_direct: 0.03513622652600224
rmse_direct: 0.0393507380592048
bias_indirect: 0.012412243133637164
rmse_indirect: 0.014707978879801863
bias_total: 0.028899748311944796
rmse_total: 0.03465419425160223
bias_mr: 0.030713295290568172
rmse_mr: 0.03617766902889416
coverage: 1.0
