Experiment: expname : nonparametric_experiment, data : uniform, n_samples : 500, mediator_dimension : 1, covariate_dimension : 1, alpha : 0.0, beta : 0.0, stochasticity : 1, gamma : 0.3, noise : uniform, 
Running with estimator : kme_dml, regularization : True, sample_splits : 1, reg_lambda : 0.001, reg_lambda_tilde : 0.001, kernel : linear, density : conditional_kernel, bandwidth : 0.3, bandwidth_mode : heuristic, epsilon : 0.1, normalized : True, random_seed : 84, 
bias_direct: 0.03465272849076678
rmse_direct: 0.05170625796489275
bias_indirect: 0.06168903032411253
rmse_indirect: 0.07510472991621701
bias_total: 0.04583495677432871
rmse_total: 0.051677630501749144
bias_mr: 0.06475624619291577
rmse_mr: 0.07548528590591863
coverage: 1.0
