Experiment: expname : nonparametric_experiment, data : uniform, n_samples : 500, mediator_dimension : 1, covariate_dimension : 1, alpha : 0.0, beta : 0.0, stochasticity : 1, gamma : 0.3, noise : uniform, 
Running with estimator : kme_dml, regularization : True, sample_splits : 1, reg_lambda : 0.001, reg_lambda_tilde : 0.001, kernel : gauss, density : gaussian, bandwidth : 0.3, bandwidth_mode : heuristic, epsilon : 0.1, normalized : True, random_seed : 4, 
bias_direct: 0.056654766368323
rmse_direct: 0.06674765807948878
bias_indirect: 0.02551820034191084
rmse_indirect: 0.033842915160818006
bias_total: 0.07650736592216886
rmse_total: 0.09177060672810834
bias_mr: 0.044516205462350494
rmse_mr: 0.053012164649858834
coverage: 1.0
