Experiment: expname : nonparametric_experiment, data : uniform, n_samples : 5000, mediator_dimension : 1, covariate_dimension : 1, alpha : 0.0, beta : 0.0, stochasticity : 1, gamma : 0.3, noise : uniform, 
Running with estimator : kme_dml, regularization : True, sample_splits : 1, reg_lambda : 0.001, reg_lambda_tilde : 0.001, kernel : linear, density : conditional_kernel, bandwidth : 0.3, bandwidth_mode : heuristic, epsilon : 0.1, normalized : True, random_seed : 35, 
bias_direct: 0.032358140948740094
rmse_direct: 0.040091691856163646
bias_indirect: 0.01551850682711058
rmse_indirect: 0.017472758487237845
bias_total: 0.04155431741197715
rmse_total: 0.04875695581777849
bias_mr: 0.027416108719751982
rmse_mr: 0.03168058533835214
coverage: 1.0
