Experiment: expname : nonparametric_experiment, data : uniform, n_samples : 5000, mediator_dimension : 1, covariate_dimension : 1, alpha : 0.0, beta : 0.0, stochasticity : 1, gamma : 0.3, noise : uniform, 
Running with estimator : ipw, regularization : True, sample_splits : 1, reg_lambda : 0.001, reg_lambda_tilde : 0.001, kernel : linear, density : conditional_kernel, bandwidth : 0.3, bandwidth_mode : heuristic, epsilon : 0.1, normalized : True, random_seed : 74, 
bias_direct: 0.05089151606489607
rmse_direct: 0.06780697173320473
bias_indirect: 0.03165360040622446
rmse_indirect: 0.039140160517298156
bias_total: 0.05210502804443817
rmse_total: 0.06582573881574243
bias_mr: 0.06691956809232767
rmse_mr: 0.09052880535720163
coverage: 0.0
