Experiment: expname : baselines_experiment, data : uniform, n_samples : 500, mediator_dimension : 1, covariate_dimension : 1, alpha : 0.5, beta : 0.25, stochasticity : 1, gamma : 0.3, noise : uniform, 
Running with estimator : kme_g_computation, regularization : True, sample_splits : 1, reg_lambda : 0.001, reg_lambda_tilde : 0.001, kernel : gauss, density : gaussian, bandwidth : 0.3, bandwidth_mode : heuristic, epsilon : 0.3, normalized : True, random_seed : 92, 
bias_direct: 0.372828869757464
rmse_direct: 0.4833235366674131
bias_indirect: 0.4603995607924059
rmse_indirect: 0.5841642873949411
bias_total: 0.09938257526783768
rmse_total: 0.15670314950122835
bias_mr: 0.39995151523895506
rmse_mr: 0.5175991188017197
coverage: 0.0
