Experiment: expname : baselines_experiment, data : uniform, n_samples : 5000, mediator_dimension : 1, covariate_dimension : 1, alpha : 0.5, beta : 0.25, stochasticity : 1, gamma : 0.3, noise : uniform, 
Running with estimator : kme_dml, regularization : True, sample_splits : 1, reg_lambda : 0.001, reg_lambda_tilde : 0.001, kernel : gauss, density : gaussian, bandwidth : 0.3, bandwidth_mode : heuristic, epsilon : 0.3, normalized : True, random_seed : 92, 
bias_direct: 0.04603092743616047
rmse_direct: 0.06640970535753359
bias_indirect: 0.02186959342741164
rmse_indirect: 0.028458833388553564
bias_total: 0.03135798257568058
rmse_total: 0.04819239743616865
bias_mr: 0.03883450171757847
rmse_mr: 0.04527377079946896
coverage: 1.0
