Experiment: expname : baselines_experiment, data : uniform, n_samples : 5000, mediator_dimension : 1, covariate_dimension : 1, alpha : 0.5, beta : 0.25, stochasticity : 1, gamma : 0.3, noise : uniform, 
Running with estimator : kme_dml, regularization : True, sample_splits : 1, reg_lambda : 0.001, reg_lambda_tilde : 0.001, kernel : gauss, density : gaussian, bandwidth : 0.3, bandwidth_mode : heuristic, epsilon : 0.3, normalized : True, random_seed : 75, 
bias_direct: 0.04069330268450309
rmse_direct: 0.05374791069181988
bias_indirect: 0.01624145664422416
rmse_indirect: 0.018010410370946722
bias_total: 0.05565400936457083
rmse_total: 0.06808300070707296
bias_mr: 0.03749108686775447
rmse_mr: 0.043526849429045084
coverage: 1.0
