Experiment: expname : baselines_experiment, data : uniform, n_samples : 500, mediator_dimension : 1, covariate_dimension : 1, alpha : 0.5, beta : 0.25, stochasticity : 1, gamma : 0.3, noise : uniform, 
Running with estimator : kme_dml, regularization : True, sample_splits : 1, reg_lambda : 0.001, reg_lambda_tilde : 0.001, kernel : gauss, density : gaussian, bandwidth : 0.3, bandwidth_mode : heuristic, epsilon : 0.3, normalized : True, random_seed : 49, 
bias_direct: 0.1471075021693045
rmse_direct: 0.18481516355650046
bias_indirect: 0.020347167286144708
rmse_indirect: 0.03000065327025969
bias_total: 0.12915945089195316
rmse_total: 0.17307625846550387
bias_mr: 0.149992683806457
rmse_mr: 0.1890043193240024
coverage: 0.7241379310344828
