Experiment: expname : nonparametric_experiment, data : uniform, n_samples : 5000, mediator_dimension : 1, covariate_dimension : 1, alpha : 0.0, beta : 0.0, stochasticity : 1, gamma : 0.3, noise : uniform, 
Running with estimator : kme_g_computation, regularization : True, sample_splits : 1, reg_lambda : 0.001, reg_lambda_tilde : 0.001, kernel : gauss, density : conditional_kernel, bandwidth : 0.3, bandwidth_mode : heuristic, epsilon : 0.1, normalized : True, random_seed : 90, 
bias_direct: 0.1705801905120868
rmse_direct: 0.1921816456970889
bias_indirect: 0.19438301992327015
rmse_indirect: 0.21647464430427038
bias_total: 0.027106152439347754
rmse_total: 0.035302725768451663
bias_mr: 0.1721390012514059
rmse_mr: 0.19369426088662012
coverage: 0.0
