Experiment: expname : nonparametric_experiment, data : uniform, n_samples : 5000, mediator_dimension : 1, covariate_dimension : 1, alpha : 0.0, beta : 0.0, stochasticity : 1, gamma : 0.3, noise : uniform, 
Running with estimator : kme_dml, regularization : True, sample_splits : 1, reg_lambda : 0.001, reg_lambda_tilde : 0.001, kernel : gauss, density : gaussian, bandwidth : 0.3, bandwidth_mode : heuristic, epsilon : 0.1, normalized : True, random_seed : 45, 
bias_direct: 0.020039286997205422
rmse_direct: 0.028146205869447515
bias_indirect: 0.018529144891402085
rmse_indirect: 0.020101616996035222
bias_total: 0.021005761710209202
rmse_total: 0.026911078762658747
bias_mr: 0.01884929250468211
rmse_mr: 0.026458038236575773
coverage: 1.0
