Experiment: expname : nonparametric_experiment, data : uniform, n_samples : 500, mediator_dimension : 1, covariate_dimension : 1, alpha : 0.0, beta : 0.0, stochasticity : 1, gamma : 0.3, noise : uniform, 
Running with estimator : ipw, regularization : True, sample_splits : 1, reg_lambda : 0.001, reg_lambda_tilde : 0.001, kernel : linear, density : gaussian, bandwidth : 0.3, bandwidth_mode : heuristic, epsilon : 0.1, normalized : True, random_seed : 87, 
bias_direct: 0.188799584325135
rmse_direct: 0.2290453547634755
bias_indirect: 0.0698275862068966
rmse_indirect: 0.07936276378669077
bias_total: 0.18376917155067513
rmse_total: 0.2211283584152637
bias_mr: 0.13270003244907402
rmse_mr: 0.15276290105516457
coverage: 0.0
