Experiment: expname : nonparametric_experiment, data : uniform, n_samples : 500, mediator_dimension : 1, covariate_dimension : 1, alpha : 0.0, beta : 0.0, stochasticity : 1, gamma : 0.3, noise : uniform, 
Running with estimator : kme_g_computation, regularization : True, sample_splits : 1, reg_lambda : 0.001, reg_lambda_tilde : 0.001, kernel : linear, density : gaussian, bandwidth : 0.3, bandwidth_mode : heuristic, epsilon : 0.1, normalized : True, random_seed : 53, 
bias_direct: 0.16475739225893188
rmse_direct: 0.18708405977729886
bias_indirect: 0.14680971460869474
rmse_indirect: 0.16685710028492398
bias_total: 0.017947677650237148
rmse_total: 0.022142131927940203
bias_mr: 0.16600397491202173
rmse_mr: 0.18955667189876158
coverage: 0.0
