Experiment: expname : nonparametric_experiment, data : uniform, n_samples : 1000, mediator_dimension : 1, covariate_dimension : 1, alpha : 0.0, beta : 0.0, stochasticity : 1, gamma : 0.3, noise : uniform, 
Running with estimator : ipw, regularization : True, sample_splits : 1, reg_lambda : 0.001, reg_lambda_tilde : 0.001, kernel : linear, density : gaussian, bandwidth : 0.3, bandwidth_mode : heuristic, epsilon : 0.1, normalized : True, random_seed : 70, 
bias_direct: 0.10660716204253633
rmse_direct: 0.1300907717782147
bias_indirect: 0.0698275862068966
rmse_indirect: 0.07936276378669077
bias_total: 0.06474868184461542
rmse_total: 0.07845228850369602
bias_mr: 0.1220498069775987
rmse_mr: 0.13780410221703818
coverage: 0.0
