Experiment: expname : nonparametric_experiment, data : uniform, n_samples : 5000, mediator_dimension : 1, covariate_dimension : 1, alpha : 0.0, beta : 0.0, stochasticity : 1, gamma : 0.3, noise : uniform, 
Running with estimator : kme_dml, regularization : True, sample_splits : 1, reg_lambda : 0.001, reg_lambda_tilde : 0.001, kernel : gauss, density : conditional_kernel, bandwidth : 0.3, bandwidth_mode : heuristic, epsilon : 0.1, normalized : True, random_seed : 17, 
bias_direct: 0.04651504130888894
rmse_direct: 0.05265802885201074
bias_indirect: 0.0045055116425402955
rmse_indirect: 0.0051151245366303786
bias_total: 0.04855553171232087
rmse_total: 0.055532981729346766
bias_mr: 0.032018584193558075
rmse_mr: 0.03969097754322318
coverage: 1.0
