Experiment: expname : nonparametric_experiment, data : uniform, n_samples : 5000, mediator_dimension : 1, covariate_dimension : 1, alpha : 0.0, beta : 0.0, stochasticity : 1, gamma : 0.3, noise : uniform, 
Running with estimator : kme_dml, regularization : True, sample_splits : 1, reg_lambda : 0.001, reg_lambda_tilde : 0.001, kernel : gauss, density : gaussian, bandwidth : 0.3, bandwidth_mode : heuristic, epsilon : 0.1, normalized : True, random_seed : 74, 
bias_direct: 0.0417655783406965
rmse_direct: 0.0454615664556561
bias_indirect: 0.015324304802416361
rmse_indirect: 0.02353406412345319
bias_total: 0.0401509407654853
rmse_total: 0.04888606516284634
bias_mr: 0.05695913669445817
rmse_mr: 0.06778682984310863
coverage: 0.7931034482758621
