Experiment: expname : nonparametric_experiment, data : uniform, n_samples : 5000, mediator_dimension : 1, covariate_dimension : 1, alpha : 0.0, beta : 0.0, stochasticity : 1, gamma : 0.3, noise : uniform, 
Running with estimator : kme_dml, regularization : True, sample_splits : 1, reg_lambda : 0.001, reg_lambda_tilde : 0.001, kernel : gauss, density : conditional_kernel, bandwidth : 0.3, bandwidth_mode : heuristic, epsilon : 0.1, normalized : True, random_seed : 10, 
bias_direct: 0.03605605591010331
rmse_direct: 0.04760739249520111
bias_indirect: 0.006409119355806854
rmse_indirect: 0.008256510602516809
bias_total: 0.035916346856280326
rmse_total: 0.04379703922461035
bias_mr: 0.03861806290953431
rmse_mr: 0.05280237558492138
coverage: 0.8620689655172413
