Experiment: expname : baselines_experiment, data : uniform, n_samples : 5000, mediator_dimension : 1, covariate_dimension : 1, alpha : 0.5, beta : 0.25, stochasticity : 1, gamma : 0.3, noise : uniform, 
Running with estimator : kme_g_computation, regularization : True, sample_splits : 1, reg_lambda : 0.001, reg_lambda_tilde : 0.001, kernel : gauss, density : gaussian, bandwidth : 0.3, bandwidth_mode : heuristic, epsilon : 0.3, normalized : True, random_seed : 93, 
bias_direct: 0.36098776800618476
rmse_direct: 0.4657229198585354
bias_indirect: 0.39791112319648864
rmse_indirect: 0.5189241954517692
bias_total: 0.04443032989575834
rmse_total: 0.06558953558801338
bias_mr: 0.3984536691528906
rmse_mr: 0.5162413337518116
coverage: 0.0
