Experiment: expname : nonparametric_experiment, data : uniform, n_samples : 1000, mediator_dimension : 1, covariate_dimension : 1, alpha : 0.0, beta : 0.0, stochasticity : 1, gamma : 0.3, noise : uniform, 
Running with estimator : kme_dml, regularization : True, sample_splits : 1, reg_lambda : 0.001, reg_lambda_tilde : 0.001, kernel : gauss, density : conditional_kernel, bandwidth : 0.3, bandwidth_mode : heuristic, epsilon : 0.1, normalized : True, random_seed : 76, 
bias_direct: 0.04190330113088316
rmse_direct: 0.04519253886840712
bias_indirect: 0.018556729889077684
rmse_indirect: 0.02908061010843917
bias_total: 0.04842753548642316
rmse_total: 0.05211428589393376
bias_mr: 0.10502401248262581
rmse_mr: 0.11547854937203478
coverage: 0.7931034482758621
