Experiment: expname : nonparametric_experiment, data : uniform, n_samples : 5000, mediator_dimension : 1, covariate_dimension : 1, alpha : 0.0, beta : 0.0, stochasticity : 1, gamma : 0.3, noise : uniform, 
Running with estimator : kme_dml, regularization : True, sample_splits : 1, reg_lambda : 0.001, reg_lambda_tilde : 0.001, kernel : gauss, density : gaussian, bandwidth : 0.3, bandwidth_mode : heuristic, epsilon : 0.1, normalized : True, random_seed : 93, 
bias_direct: 0.023308235857416947
rmse_direct: 0.03586262327203623
bias_indirect: 0.01708197714073986
rmse_indirect: 0.023731701886393248
bias_total: 0.03383736649442756
rmse_total: 0.04431824356658203
bias_mr: 0.04168400437905668
rmse_mr: 0.044313278847278946
coverage: 1.0
