Experiment: expname : baselines_experiment, data : uniform, n_samples : 500, mediator_dimension : 1, covariate_dimension : 1, alpha : 0.5, beta : 0.25, stochasticity : 1, gamma : 0.3, noise : uniform, 
Running with estimator : linear, regularization : True, sample_splits : 1, reg_lambda : 0.001, reg_lambda_tilde : 0.001, kernel : gauss, density : gaussian, bandwidth : 0.3, bandwidth_mode : heuristic, epsilon : 0.3, normalized : True, random_seed : 74, 
bias_direct: 0.26788532179682284
rmse_direct: 0.3070785183304535
bias_indirect: 0.002355862360531361
rmse_indirect: 0.002677562811334012
bias_total: 0.2696757771908267
rmse_total: 0.309242980305511
bias_mr: 0.24464620487722746
rmse_mr: 0.2633050526330212
coverage: 0.0
