Experiment: expname : baselines_experiment, data : uniform, n_samples : 5000, mediator_dimension : 1, covariate_dimension : 1, alpha : 0.5, beta : 0.25, stochasticity : 1, gamma : 0.3, noise : uniform, 
Running with estimator : ipw, regularization : True, sample_splits : 1, reg_lambda : 0.001, reg_lambda_tilde : 0.001, kernel : gauss, density : gaussian, bandwidth : 0.3, bandwidth_mode : heuristic, epsilon : 0.3, normalized : True, random_seed : 42, 
bias_direct: 0.08992876978998482
rmse_direct: 0.10100631398377752
bias_indirect: 0.06982758620689665
rmse_indirect: 0.07936276378669081
bias_total: 0.037891341470822563
rmse_total: 0.04415715785814316
bias_mr: 0.12049408166119771
rmse_mr: 0.1589987071338371
coverage: 0.0
