Experiment: expname : baselines_experiment, data : uniform, n_samples : 500, mediator_dimension : 1, covariate_dimension : 1, alpha : 0.5, beta : 0.25, stochasticity : 1, gamma : 0.3, noise : uniform, 
Running with estimator : linear, regularization : True, sample_splits : 1, reg_lambda : 0.001, reg_lambda_tilde : 0.001, kernel : gauss, density : gaussian, bandwidth : 0.3, bandwidth_mode : heuristic, epsilon : 0.3, normalized : True, random_seed : 54, 
bias_direct: 0.241572384584031
rmse_direct: 0.27630811723332754
bias_indirect: 0.021583505861390843
rmse_indirect: 0.02453080179931865
bias_total: 0.257975849038688
rmse_total: 0.29525126912314464
bias_mr: 0.21110179080635066
rmse_mr: 0.2322637255562874
coverage: 0.0
