Experiment: expname : nonparametric_experiment, data : uniform, n_samples : 1000, mediator_dimension : 1, covariate_dimension : 1, alpha : 0.0, beta : 0.0, stochasticity : 1, gamma : 0.3, noise : uniform, 
Running with estimator : ipw, regularization : True, sample_splits : 1, reg_lambda : 0.001, reg_lambda_tilde : 0.001, kernel : gauss, density : gaussian, bandwidth : 0.3, bandwidth_mode : heuristic, epsilon : 0.1, normalized : True, random_seed : 44, 
bias_direct: 0.12322967890782506
rmse_direct: 0.14851906609548887
bias_indirect: 0.06982758620689661
rmse_indirect: 0.07936276378669077
bias_total: 0.09473466644479152
rmse_total: 0.1157217871825984
bias_mr: 0.1158547899580746
rmse_mr: 0.140016210957363
coverage: 0.0
