Experiment: expname : baselines_experiment, data : uniform, n_samples : 1000, mediator_dimension : 1, covariate_dimension : 1, alpha : 0.5, beta : 0.25, stochasticity : 1, gamma : 0.3, noise : uniform, 
Running with estimator : linear, regularization : True, sample_splits : 1, reg_lambda : 0.001, reg_lambda_tilde : 0.001, kernel : gauss, density : gaussian, bandwidth : 0.3, bandwidth_mode : heuristic, epsilon : 0.3, normalized : True, random_seed : 59, 
bias_direct: 0.3210342278992474
rmse_direct: 0.36702203668732364
bias_indirect: 0.00027436437165392376
rmse_indirect: 0.00031182969370497396
bias_total: 0.3207940066493993
rmse_total: 0.3667509912788428
bias_mr: 0.30720421295679096
rmse_mr: 0.326923650346945
coverage: 0.0
