Experiment: expname : baselines_experiment, data : uniform, n_samples : 5000, mediator_dimension : 1, covariate_dimension : 1, alpha : 0.5, beta : 0.25, stochasticity : 1, gamma : 0.3, noise : uniform, 
Running with estimator : kme_g_computation, regularization : True, sample_splits : 1, reg_lambda : 0.001, reg_lambda_tilde : 0.001, kernel : gauss, density : gaussian, bandwidth : 0.3, bandwidth_mode : heuristic, epsilon : 0.3, normalized : True, random_seed : 19, 
bias_direct: 0.34962730491589433
rmse_direct: 0.45416522981021995
bias_indirect: 0.3872459740857684
rmse_indirect: 0.5068446618392008
bias_total: 0.053030397864032894
rmse_total: 0.08580271858782168
bias_mr: 0.3952440570520693
rmse_mr: 0.5134198856779733
coverage: 0.0
