Experiment: expname : nonparametric_experiment, data : uniform, n_samples : 1000, mediator_dimension : 1, covariate_dimension : 1, alpha : 0.0, beta : 0.0, stochasticity : 1, gamma : 0.3, noise : uniform, 
Running with estimator : ipw, regularization : True, sample_splits : 1, reg_lambda : 0.001, reg_lambda_tilde : 0.001, kernel : gauss, density : conditional_kernel, bandwidth : 0.3, bandwidth_mode : heuristic, epsilon : 0.1, normalized : True, random_seed : 12, 
bias_direct: 0.09632044117032154
rmse_direct: 0.122398502403279
bias_indirect: 0.03812828002792492
rmse_indirect: 0.04408262152779438
bias_total: 0.09336660916954988
rmse_total: 0.11084499069107942
bias_mr: 0.09104594274985299
rmse_mr: 0.103620951182802
coverage: 0.0
