Experiment: expname : baselines_experiment, data : uniform, n_samples : 500, mediator_dimension : 1, covariate_dimension : 1, alpha : 0.5, beta : 0.25, stochasticity : 1, gamma : 0.3, noise : uniform, 
Running with estimator : linear, regularization : True, sample_splits : 1, reg_lambda : 0.001, reg_lambda_tilde : 0.001, kernel : gauss, density : gaussian, bandwidth : 0.3, bandwidth_mode : heuristic, epsilon : 0.3, normalized : True, random_seed : 48, 
bias_direct: 0.3308326450825048
rmse_direct: 0.3781313285693547
bias_indirect: 0.017515500569031995
rmse_indirect: 0.019907297527756183
bias_total: 0.34767618832736263
rmse_total: 0.39571346907190824
bias_mr: 0.3185948570304462
rmse_mr: 0.33869890146787685
coverage: 0.0
