Experiment: expname : nonparametric_experiment, data : uniform, n_samples : 1000, mediator_dimension : 1, covariate_dimension : 1, alpha : 0.0, beta : 0.0, stochasticity : 1, gamma : 0.3, noise : uniform, 
Running with estimator : kme_g_computation, regularization : True, sample_splits : 1, reg_lambda : 0.001, reg_lambda_tilde : 0.001, kernel : linear, density : conditional_kernel, bandwidth : 0.3, bandwidth_mode : heuristic, epsilon : 0.1, normalized : True, random_seed : 82, 
bias_direct: 0.1581434765619887
rmse_direct: 0.1803898238409345
bias_indirect: 0.1329305569247195
rmse_indirect: 0.15108265321001194
bias_total: 0.025384603336014586
rmse_total: 0.037127867506726094
bias_mr: 0.16405543672697187
rmse_mr: 0.190839047332023
coverage: 0.0
