Experiment: expname : nonparametric_experiment, data : uniform, n_samples : 500, mediator_dimension : 1, covariate_dimension : 1, alpha : 0.0, beta : 0.0, stochasticity : 1, gamma : 0.3, noise : uniform, 
Running with estimator : kme_g_computation, regularization : True, sample_splits : 1, reg_lambda : 0.001, reg_lambda_tilde : 0.001, kernel : linear, density : gaussian, bandwidth : 0.3, bandwidth_mode : heuristic, epsilon : 0.1, normalized : True, random_seed : 72, 
bias_direct: 0.1764015251746104
rmse_direct: 0.20052550650238057
bias_indirect: 0.1707777641308595
rmse_indirect: 0.19409799974478925
bias_total: 0.005623761043750939
rmse_total: 0.006475291379304694
bias_mr: 0.18224503362554795
rmse_mr: 0.21307009866802115
coverage: 0.0
