Experiment: expname : nonparametric_experiment, data : uniform, n_samples : 1000, mediator_dimension : 1, covariate_dimension : 1, alpha : 0.0, beta : 0.0, stochasticity : 1, gamma : 0.3, noise : uniform, 
Running with estimator : kme_g_computation, regularization : True, sample_splits : 1, reg_lambda : 0.001, reg_lambda_tilde : 0.001, kernel : linear, density : gaussian, bandwidth : 0.3, bandwidth_mode : heuristic, epsilon : 0.1, normalized : True, random_seed : 50, 
bias_direct: 0.16543761633569348
rmse_direct: 0.18819200916710432
bias_indirect: 0.2086033427955677
rmse_indirect: 0.23708879286441437
bias_total: 0.04316572645987422
rmse_total: 0.04902403702739975
bias_mr: 0.16864371217380714
rmse_mr: 0.19577832486196867
coverage: 0.0
