Experiment: expname : nonparametric_experiment, data : uniform, n_samples : 1000, mediator_dimension : 1, covariate_dimension : 1, alpha : 0.0, beta : 0.0, stochasticity : 1, gamma : 0.3, noise : uniform, 
Running with estimator : kme_g_computation, regularization : True, sample_splits : 1, reg_lambda : 0.001, reg_lambda_tilde : 0.001, kernel : gauss, density : gaussian, bandwidth : 0.3, bandwidth_mode : heuristic, epsilon : 0.1, normalized : True, random_seed : 67, 
bias_direct: 0.1620294323368818
rmse_direct: 0.18880369530561011
bias_indirect: 0.18920330601874494
rmse_indirect: 0.20685314227038595
bias_total: 0.045555978290058176
rmse_total: 0.05192759445097298
bias_mr: 0.15213923646769204
rmse_mr: 0.1764496285173578
coverage: 0.0
