Experiment: expname : nonparametric_experiment, data : uniform, n_samples : 5000, mediator_dimension : 1, covariate_dimension : 1, alpha : 0.0, beta : 0.0, stochasticity : 1, gamma : 0.3, noise : uniform, 
Running with estimator : kme_g_computation, regularization : True, sample_splits : 1, reg_lambda : 0.001, reg_lambda_tilde : 0.001, kernel : linear, density : gaussian, bandwidth : 0.3, bandwidth_mode : heuristic, epsilon : 0.1, normalized : True, random_seed : 93, 
bias_direct: 0.16742784793654497
rmse_direct: 0.1903227994148258
bias_indirect: 0.17282460642727465
rmse_indirect: 0.19642436216199816
bias_total: 0.005396758490729707
rmse_total: 0.006144582359861778
bias_mr: 0.16697298512733588
rmse_mr: 0.18990206644271548
coverage: 0.0
