Experiment: expname : nonparametric_experiment, data : uniform, n_samples : 5000, mediator_dimension : 1, covariate_dimension : 1, alpha : 0.0, beta : 0.0, stochasticity : 1, gamma : 0.3, noise : uniform, 
Running with estimator : kme_dml, regularization : True, sample_splits : 1, reg_lambda : 0.001, reg_lambda_tilde : 0.001, kernel : linear, density : conditional_kernel, bandwidth : 0.3, bandwidth_mode : heuristic, epsilon : 0.1, normalized : True, random_seed : 57, 
bias_direct: 0.03391170005460043
rmse_direct: 0.0400012572095732
bias_indirect: 0.016528746132538838
rmse_indirect: 0.02264597460410565
bias_total: 0.029505592238225218
rmse_total: 0.03336705357260212
bias_mr: 0.03186668268426319
rmse_mr: 0.03618408104772992
coverage: 1.0
