Experiment: expname : nonparametric_experiment, data : uniform, n_samples : 500, mediator_dimension : 1, covariate_dimension : 1, alpha : 0.0, beta : 0.0, stochasticity : 1, gamma : 0.3, noise : uniform, 
Running with estimator : kme_dml, regularization : True, sample_splits : 1, reg_lambda : 0.001, reg_lambda_tilde : 0.001, kernel : gauss, density : conditional_kernel, bandwidth : 0.3, bandwidth_mode : heuristic, epsilon : 0.1, normalized : True, random_seed : 13, 
bias_direct: 0.058382911023400735
rmse_direct: 0.06972226872768043
bias_indirect: 0.0646141501296156
rmse_indirect: 0.08235323097714738
bias_total: 0.10432554785126956
rmse_total: 0.12150260007403356
bias_mr: 0.0559189346686617
rmse_mr: 0.06549659675922333
coverage: 1.0
