Experiment: expname : nonparametric_experiment, data : uniform, n_samples : 5000, mediator_dimension : 1, covariate_dimension : 1, alpha : 0.0, beta : 0.0, stochasticity : 1, gamma : 0.3, noise : uniform, 
Running with estimator : kme_dml, regularization : True, sample_splits : 1, reg_lambda : 0.001, reg_lambda_tilde : 0.001, kernel : gauss, density : conditional_kernel, bandwidth : 0.3, bandwidth_mode : heuristic, epsilon : 0.1, normalized : True, random_seed : 98, 
bias_direct: 0.04800893691543654
rmse_direct: 0.05435263898021985
bias_indirect: 0.02119422302494399
rmse_indirect: 0.023908033342302914
bias_total: 0.03423555868382405
rmse_total: 0.0399051344616576
bias_mr: 0.02945135008550379
rmse_mr: 0.034174362753523695
coverage: 1.0
