Experiment: expname : nonparametric_experiment, data : uniform, n_samples : 500, mediator_dimension : 1, covariate_dimension : 1, alpha : 0.0, beta : 0.0, stochasticity : 1, gamma : 0.3, noise : uniform, 
Running with estimator : ipw, regularization : True, sample_splits : 1, reg_lambda : 0.001, reg_lambda_tilde : 0.001, kernel : gauss, density : gaussian, bandwidth : 0.3, bandwidth_mode : heuristic, epsilon : 0.1, normalized : True, random_seed : 27, 
bias_direct: 0.12123907528357777
rmse_direct: 0.1374569165952182
bias_indirect: 0.0698275862068966
rmse_indirect: 0.07936276378669078
bias_total: 0.1150730811660393
rmse_total: 0.1328431020101889
bias_mr: 0.1191975073721125
rmse_mr: 0.14878645646745628
coverage: 0.0
