Experiment: expname : baselines_experiment, data : uniform, n_samples : 5000, mediator_dimension : 1, covariate_dimension : 1, alpha : 0.5, beta : 0.25, stochasticity : 1, gamma : 0.3, noise : uniform, 
Running with estimator : kme_dml, regularization : True, sample_splits : 1, reg_lambda : 0.001, reg_lambda_tilde : 0.001, kernel : gauss, density : gaussian, bandwidth : 0.3, bandwidth_mode : heuristic, epsilon : 0.3, normalized : True, random_seed : 81, 
bias_direct: 0.020679332916711386
rmse_direct: 0.02398817537317787
bias_indirect: 0.014855816249940106
rmse_indirect: 0.018939936250731985
bias_total: 0.03253833779198805
rmse_total: 0.03509583088750912
bias_mr: 0.038290481577279344
rmse_mr: 0.04729184806856904
coverage: 1.0
