Experiment: expname : baselines_experiment, data : uniform, n_samples : 5000, mediator_dimension : 1, covariate_dimension : 1, alpha : 0.5, beta : 0.25, stochasticity : 1, gamma : 0.3, noise : uniform, 
Running with estimator : ipw, regularization : True, sample_splits : 1, reg_lambda : 0.001, reg_lambda_tilde : 0.001, kernel : gauss, density : gaussian, bandwidth : 0.3, bandwidth_mode : heuristic, epsilon : 0.3, normalized : True, random_seed : 45, 
bias_direct: 0.09766617571390074
rmse_direct: 0.1241577082893163
bias_indirect: 0.06982758620689664
rmse_indirect: 0.07936276378669083
bias_total: 0.05198121166121172
rmse_total: 0.06812975277194996
bias_mr: 0.13727107745120692
rmse_mr: 0.19504596085195455
coverage: 0.0
