Experiment: expname : baselines_experiment, data : uniform, n_samples : 500, mediator_dimension : 1, covariate_dimension : 1, alpha : 0.5, beta : 0.25, stochasticity : 1, gamma : 0.3, noise : uniform, 
Running with estimator : linear, regularization : True, sample_splits : 1, reg_lambda : 0.001, reg_lambda_tilde : 0.001, kernel : gauss, density : gaussian, bandwidth : 0.3, bandwidth_mode : heuristic, epsilon : 0.3, normalized : True, random_seed : 24, 
bias_direct: 0.3217901439934489
rmse_direct: 0.36787537029387785
bias_indirect: 0.019814078742623614
rmse_indirect: 0.02251975381538277
bias_total: 0.3044418172721295
rmse_total: 0.3484609748735715
bias_mr: 0.3085658610564134
rmse_mr: 0.32824402869647884
coverage: 0.0
