Experiment: expname : nonparametric_experiment, data : uniform, n_samples : 5000, mediator_dimension : 1, covariate_dimension : 1, alpha : 0.0, beta : 0.0, stochasticity : 1, gamma : 0.3, noise : uniform, 
Running with estimator : ipw, regularization : True, sample_splits : 1, reg_lambda : 0.001, reg_lambda_tilde : 0.001, kernel : gauss, density : conditional_kernel, bandwidth : 0.3, bandwidth_mode : heuristic, epsilon : 0.1, normalized : True, random_seed : 1, 
bias_direct: 0.044137293447217195
rmse_direct: 0.05581537141690665
bias_indirect: 0.03274278220458497
rmse_indirect: 0.035254282425267895
bias_total: 0.03878128413064653
rmse_total: 0.04419329063951682
bias_mr: 0.0489415462807825
rmse_mr: 0.060378009074214485
coverage: 0.0
