Experiment: expname : nonparametric_experiment, data : uniform, n_samples : 5000, mediator_dimension : 1, covariate_dimension : 1, alpha : 0.0, beta : 0.0, stochasticity : 1, gamma : 0.3, noise : uniform, 
Running with estimator : kme_dml, regularization : True, sample_splits : 1, reg_lambda : 0.001, reg_lambda_tilde : 0.001, kernel : linear, density : gaussian, bandwidth : 0.3, bandwidth_mode : heuristic, epsilon : 0.1, normalized : True, random_seed : 85, 
bias_direct: 0.03170482636147559
rmse_direct: 0.03898659867337519
bias_indirect: 0.013177485519622152
rmse_indirect: 0.01637834069574036
bias_total: 0.02172960195903296
rmse_total: 0.027099167472979472
bias_mr: 0.02280126113814076
rmse_mr: 0.026763980800230344
coverage: 1.0
