Experiment: expname : baselines_experiment, data : uniform, n_samples : 1000, mediator_dimension : 1, covariate_dimension : 1, alpha : 0.5, beta : 0.25, stochasticity : 1, gamma : 0.3, noise : uniform, 
Running with estimator : kme_dml, regularization : True, sample_splits : 1, reg_lambda : 0.001, reg_lambda_tilde : 0.001, kernel : gauss, density : gaussian, bandwidth : 0.3, bandwidth_mode : heuristic, epsilon : 0.3, normalized : True, random_seed : 62, 
bias_direct: 0.13856748356407667
rmse_direct: 0.1588603023633432
bias_indirect: 0.01255904674598568
rmse_indirect: 0.014975708683403224
bias_total: 0.12605697927489057
rmse_total: 0.14656974796802802
bias_mr: 0.06631575165213678
rmse_mr: 0.0763326729716498
coverage: 1.0
