Experiment: expname : baselines_experiment, data : uniform, n_samples : 1000, mediator_dimension : 1, covariate_dimension : 1, alpha : 0.5, beta : 0.25, stochasticity : 1, gamma : 0.3, noise : uniform, 
Running with estimator : kme_g_computation, regularization : True, sample_splits : 1, reg_lambda : 0.001, reg_lambda_tilde : 0.001, kernel : gauss, density : gaussian, bandwidth : 0.3, bandwidth_mode : heuristic, epsilon : 0.3, normalized : True, random_seed : 1, 
bias_direct: 0.38753575025050074
rmse_direct: 0.5002268828628027
bias_indirect: 0.43261292346607355
rmse_indirect: 0.5434521526275122
bias_total: 0.052241334498364614
rmse_total: 0.06687036283571378
bias_mr: 0.398958059811966
rmse_mr: 0.5186453149020536
coverage: 0.0
