Experiment: expname : baselines_experiment, data : uniform, n_samples : 1000, mediator_dimension : 1, covariate_dimension : 1, alpha : 0.5, beta : 0.25, stochasticity : 1, gamma : 0.3, noise : uniform, 
Running with estimator : linear, regularization : True, sample_splits : 1, reg_lambda : 0.001, reg_lambda_tilde : 0.001, kernel : gauss, density : gaussian, bandwidth : 0.3, bandwidth_mode : heuristic, epsilon : 0.3, normalized : True, random_seed : 84, 
bias_direct: 0.30664840906676283
rmse_direct: 0.35090975892558646
bias_indirect: 0.0015032146516973238
rmse_indirect: 0.0017084833631491702
bias_total: 0.30796455700624886
rmse_total: 0.35237334874622767
bias_mr: 0.2907054026763987
rmse_mr: 0.3099324761499647
coverage: 0.0
