Experiment: expname : nonparametric_experiment, data : uniform, n_samples : 1000, mediator_dimension : 1, covariate_dimension : 1, alpha : 0.0, beta : 0.0, stochasticity : 1, gamma : 0.3, noise : uniform, 
Running with estimator : kme_g_computation, regularization : True, sample_splits : 1, reg_lambda : 0.001, reg_lambda_tilde : 0.001, kernel : gauss, density : conditional_kernel, bandwidth : 0.3, bandwidth_mode : heuristic, epsilon : 0.1, normalized : True, random_seed : 45, 
bias_direct: 0.1655364635181065
rmse_direct: 0.1989344670321489
bias_indirect: 0.19065701413809824
rmse_indirect: 0.20854740877946207
bias_total: 0.0723437355513653
rmse_total: 0.0905572840402113
bias_mr: 0.1786084509476368
rmse_mr: 0.2034610396676339
coverage: 0.0
