Experiment: expname : nonparametric_experiment, data : uniform, n_samples : 500, mediator_dimension : 1, covariate_dimension : 1, alpha : 0.0, beta : 0.0, stochasticity : 1, gamma : 0.3, noise : uniform, 
Running with estimator : ipw, regularization : True, sample_splits : 1, reg_lambda : 0.001, reg_lambda_tilde : 0.001, kernel : gauss, density : gaussian, bandwidth : 0.3, bandwidth_mode : heuristic, epsilon : 0.1, normalized : True, random_seed : 49, 
bias_direct: 0.21387274951024282
rmse_direct: 0.2500684737840621
bias_indirect: 0.0698275862068966
rmse_indirect: 0.07936276378669077
bias_total: 0.19656995275061745
rmse_total: 0.22722240294564175
bias_mr: 0.16139235899875176
rmse_mr: 0.17658419038131756
coverage: 0.0
