Experiment: expname : nonparametric_experiment, data : uniform, n_samples : 1000, mediator_dimension : 1, covariate_dimension : 1, alpha : 0.0, beta : 0.0, stochasticity : 1, gamma : 0.3, noise : uniform, 
Running with estimator : kme_g_computation, regularization : True, sample_splits : 1, reg_lambda : 0.001, reg_lambda_tilde : 0.001, kernel : gauss, density : gaussian, bandwidth : 0.3, bandwidth_mode : heuristic, epsilon : 0.1, normalized : True, random_seed : 94, 
bias_direct: 0.1621733985049599
rmse_direct: 0.18719558527209496
bias_indirect: 0.14601203611018468
rmse_indirect: 0.2036801788987592
bias_total: 0.08156680230833332
rmse_total: 0.1005923675511493
bias_mr: 0.16475303688531373
rmse_mr: 0.19055078165456477
coverage: 0.0
