Experiment: expname : nonparametric_experiment, data : uniform, n_samples : 1000, mediator_dimension : 1, covariate_dimension : 1, alpha : 0.0, beta : 0.0, stochasticity : 1, gamma : 0.3, noise : uniform, 
Running with estimator : kme_dml, regularization : True, sample_splits : 1, reg_lambda : 0.001, reg_lambda_tilde : 0.001, kernel : gauss, density : conditional_kernel, bandwidth : 0.3, bandwidth_mode : heuristic, epsilon : 0.1, normalized : True, random_seed : 78, 
bias_direct: 0.02322807662765683
rmse_direct: 0.03205406056407842
bias_indirect: 0.036912952493597086
rmse_indirect: 0.0548436208888827
bias_total: 0.04726114381842922
rmse_total: 0.06067913937653559
bias_mr: 0.029980910651211196
rmse_mr: 0.03513083663024121
coverage: 1.0
