Experiment: expname : nonparametric_experiment, data : uniform, n_samples : 1000, mediator_dimension : 1, covariate_dimension : 1, alpha : 0.0, beta : 0.0, stochasticity : 1, gamma : 0.3, noise : uniform, 
Running with estimator : kme_g_computation, regularization : True, sample_splits : 1, reg_lambda : 0.001, reg_lambda_tilde : 0.001, kernel : gauss, density : conditional_kernel, bandwidth : 0.3, bandwidth_mode : heuristic, epsilon : 0.1, normalized : True, random_seed : 52, 
bias_direct: 0.17020836676585266
rmse_direct: 0.1925408298106209
bias_indirect: 0.18762982306347967
rmse_indirect: 0.2073481130421776
bias_total: 0.04502433578395413
rmse_total: 0.05664508464899937
bias_mr: 0.189468930341944
rmse_mr: 0.2170107896722446
coverage: 0.0
