Experiment: expname : baselines_experiment, data : uniform, n_samples : 500, mediator_dimension : 1, covariate_dimension : 1, alpha : 0.5, beta : 0.25, stochasticity : 1, gamma : 0.3, noise : uniform, 
Running with estimator : kme_g_computation, regularization : True, sample_splits : 1, reg_lambda : 0.001, reg_lambda_tilde : 0.001, kernel : gauss, density : gaussian, bandwidth : 0.3, bandwidth_mode : heuristic, epsilon : 0.3, normalized : True, random_seed : 99, 
bias_direct: 0.3669363993519561
rmse_direct: 0.4533433428993904
bias_indirect: 0.39772136033765093
rmse_indirect: 0.5309359718322303
bias_total: 0.0819051796062314
rmse_total: 0.09974925998561225
bias_mr: 0.489903258670527
rmse_mr: 0.6209719335139505
coverage: 0.0
