Experiment: expname : baselines_experiment, data : uniform, n_samples : 5000, mediator_dimension : 1, covariate_dimension : 1, alpha : 0.5, beta : 0.25, stochasticity : 1, gamma : 0.3, noise : uniform, 
Running with estimator : linear, regularization : True, sample_splits : 1, reg_lambda : 0.001, reg_lambda_tilde : 0.001, kernel : gauss, density : gaussian, bandwidth : 0.3, bandwidth_mode : heuristic, epsilon : 0.3, normalized : True, random_seed : 85, 
bias_direct: 0.3088434796806551
rmse_direct: 0.35335195726550106
bias_indirect: 0.003674378874496719
rmse_indirect: 0.0041761269223235566
bias_total: 0.3056263568438736
rmse_total: 0.3497747429488454
bias_mr: 0.2936323687691761
rmse_mr: 0.3127252135170912
coverage: 0.0
