Experiment: expname : baselines_experiment, data : uniform, n_samples : 1000, mediator_dimension : 1, covariate_dimension : 1, alpha : 0.5, beta : 0.25, stochasticity : 1, gamma : 0.3, noise : uniform, 
Running with estimator : kme_dml, regularization : True, sample_splits : 1, reg_lambda : 0.001, reg_lambda_tilde : 0.001, kernel : gauss, density : gaussian, bandwidth : 0.3, bandwidth_mode : heuristic, epsilon : 0.3, normalized : True, random_seed : 41, 
bias_direct: 0.03506848136836274
rmse_direct: 0.04050476164001392
bias_indirect: 0.0358766956430605
rmse_indirect: 0.045703244204734206
bias_total: 0.03993949595726868
rmse_total: 0.04602696067362936
bias_mr: 0.04177973258334303
rmse_mr: 0.051583725039557035
coverage: 1.0
