Experiment: expname : baselines_experiment, data : uniform, n_samples : 500, mediator_dimension : 1, covariate_dimension : 1, alpha : 0.5, beta : 0.25, stochasticity : 1, gamma : 0.3, noise : uniform, 
Running with estimator : ipw, regularization : True, sample_splits : 1, reg_lambda : 0.001, reg_lambda_tilde : 0.001, kernel : gauss, density : gaussian, bandwidth : 0.3, bandwidth_mode : heuristic, epsilon : 0.3, normalized : True, random_seed : 5, 
bias_direct: 0.213912849955048
rmse_direct: 0.26116678604872084
bias_indirect: 0.06982758620689661
rmse_indirect: 0.07936276378669078
bias_total: 0.2100746615601229
rmse_total: 0.2401007189282318
bias_mr: 0.1210822437718224
rmse_mr: 0.14874296202372006
coverage: 0.0
