Experiment: expname : baselines_experiment, data : uniform, n_samples : 500, mediator_dimension : 1, covariate_dimension : 1, alpha : 0.5, beta : 0.25, stochasticity : 1, gamma : 0.3, noise : uniform, 
Running with estimator : kme_dml, regularization : True, sample_splits : 1, reg_lambda : 0.001, reg_lambda_tilde : 0.001, kernel : gauss, density : gaussian, bandwidth : 0.3, bandwidth_mode : heuristic, epsilon : 0.3, normalized : True, random_seed : 27, 
bias_direct: 0.04926361356626866
rmse_direct: 0.05803866561474873
bias_indirect: 0.03103611646375141
rmse_indirect: 0.04004439067814995
bias_total: 0.04385952991702769
rmse_total: 0.0566171260631786
bias_mr: 0.06850323534290129
rmse_mr: 0.08409378995165806
coverage: 1.0
