Experiment: expname : nonparametric_experiment, data : uniform, n_samples : 1000, mediator_dimension : 1, covariate_dimension : 1, alpha : 0.0, beta : 0.0, stochasticity : 1, gamma : 0.3, noise : uniform, 
Running with estimator : kme_dml, regularization : True, sample_splits : 1, reg_lambda : 0.001, reg_lambda_tilde : 0.001, kernel : gauss, density : conditional_kernel, bandwidth : 0.3, bandwidth_mode : heuristic, epsilon : 0.1, normalized : True, random_seed : 61, 
bias_direct: 0.04444412167685528
rmse_direct: 0.061818123427672095
bias_indirect: 0.034109355999395276
rmse_indirect: 0.04281000995664256
bias_total: 0.06936771898240236
rmse_total: 0.0885916510686521
bias_mr: 0.07536810908809045
rmse_mr: 0.10553055889610082
coverage: 0.8275862068965517
