Experiment: expname : baselines_experiment, data : uniform, n_samples : 1000, mediator_dimension : 1, covariate_dimension : 1, alpha : 0.5, beta : 0.25, stochasticity : 1, gamma : 0.3, noise : uniform, 
Running with estimator : kme_g_computation, regularization : True, sample_splits : 1, reg_lambda : 0.001, reg_lambda_tilde : 0.001, kernel : gauss, density : gaussian, bandwidth : 0.3, bandwidth_mode : heuristic, epsilon : 0.3, normalized : True, random_seed : 6, 
bias_direct: 0.3636748276602874
rmse_direct: 0.46973899824607357
bias_indirect: 0.39223455702961185
rmse_indirect: 0.4976037535261947
bias_total: 0.03721179096179135
rmse_total: 0.05784249344926066
bias_mr: 0.4072892175763912
rmse_mr: 0.5364376251683486
coverage: 0.0
