Experiment: expname : nonparametric_experiment, data : uniform, n_samples : 500, mediator_dimension : 1, covariate_dimension : 1, alpha : 0.0, beta : 0.0, stochasticity : 1, gamma : 0.3, noise : uniform, 
Running with estimator : kme_dml, regularization : True, sample_splits : 1, reg_lambda : 0.001, reg_lambda_tilde : 0.001, kernel : linear, density : gaussian, bandwidth : 0.3, bandwidth_mode : heuristic, epsilon : 0.1, normalized : True, random_seed : 35, 
bias_direct: 0.06221875848680934
rmse_direct: 0.07200551365699488
bias_indirect: 0.024001445007533807
rmse_indirect: 0.032475648183883876
bias_total: 0.06733051246586215
rmse_total: 0.07488074648808277
bias_mr: 0.06599596815451139
rmse_mr: 0.0750958256961878
coverage: 1.0
