Experiment: expname : baselines_experiment, data : uniform, n_samples : 1000, mediator_dimension : 1, covariate_dimension : 1, alpha : 0.5, beta : 0.25, stochasticity : 1, gamma : 0.3, noise : uniform, 
Running with estimator : linear, regularization : True, sample_splits : 1, reg_lambda : 0.001, reg_lambda_tilde : 0.001, kernel : gauss, density : gaussian, bandwidth : 0.3, bandwidth_mode : heuristic, epsilon : 0.3, normalized : True, random_seed : 96, 
bias_direct: 0.3141894519879305
rmse_direct: 0.3593248832690808
bias_indirect: 0.012338400087862826
rmse_indirect: 0.014023247614164694
bias_total: 0.3033864972443351
rmse_total: 0.34729207194942097
bias_mr: 0.2993449913781635
rmse_mr: 0.31881194535505786
coverage: 0.0
