Experiment: expname : baselines_experiment, data : uniform, n_samples : 5000, mediator_dimension : 1, covariate_dimension : 1, alpha : 0.5, beta : 0.25, stochasticity : 1, gamma : 0.3, noise : uniform, 
Running with estimator : kme_g_computation, regularization : True, sample_splits : 1, reg_lambda : 0.001, reg_lambda_tilde : 0.001, kernel : gauss, density : gaussian, bandwidth : 0.3, bandwidth_mode : heuristic, epsilon : 0.3, normalized : True, random_seed : 23, 
bias_direct: 0.39577915903410904
rmse_direct: 0.515335053959525
bias_indirect: 0.4408269099070466
rmse_indirect: 0.558746779937107
bias_total: 0.04918654794354194
rmse_total: 0.06248162998437223
bias_mr: 0.3899314896277254
rmse_mr: 0.508294561825956
coverage: 0.0
