Experiment: expname : baselines_experiment, data : uniform, n_samples : 500, mediator_dimension : 1, covariate_dimension : 1, alpha : 0.5, beta : 0.25, stochasticity : 1, gamma : 0.3, noise : uniform, 
Running with estimator : linear, regularization : True, sample_splits : 1, reg_lambda : 0.001, reg_lambda_tilde : 0.001, kernel : gauss, density : gaussian, bandwidth : 0.3, bandwidth_mode : heuristic, epsilon : 0.3, normalized : True, random_seed : 66, 
bias_direct: 0.31891173060604805
rmse_direct: 0.364629446474155
bias_indirect: 0.003419203825869335
rmse_indirect: 0.0038861069143503696
bias_total: 0.32190543351136475
rmse_total: 0.36800557361503017
bias_mr: 0.3054575263787602
rmse_mr: 0.3251295584138199
coverage: 0.0
