Experiment: expname : nonparametric_experiment, data : uniform, n_samples : 500, mediator_dimension : 1, covariate_dimension : 1, alpha : 0.0, beta : 0.0, stochasticity : 1, gamma : 0.3, noise : uniform, 
Running with estimator : kme_g_computation, regularization : True, sample_splits : 1, reg_lambda : 0.001, reg_lambda_tilde : 0.001, kernel : linear, density : gaussian, bandwidth : 0.3, bandwidth_mode : heuristic, epsilon : 0.1, normalized : True, random_seed : 60, 
bias_direct: 0.146676148913047
rmse_direct: 0.16685686537062103
bias_indirect: 0.09184174345808227
rmse_indirect: 0.10438302799091141
bias_total: 0.05483440545496475
rmse_total: 0.06394649877085183
bias_mr: 0.14856561132629
rmse_mr: 0.17127954391538408
coverage: 0.0
