Experiment: expname : baselines_experiment, data : uniform, n_samples : 5000, mediator_dimension : 1, covariate_dimension : 1, alpha : 0.5, beta : 0.25, stochasticity : 1, gamma : 0.3, noise : uniform, 
Running with estimator : ipw, regularization : True, sample_splits : 1, reg_lambda : 0.001, reg_lambda_tilde : 0.001, kernel : gauss, density : gaussian, bandwidth : 0.3, bandwidth_mode : heuristic, epsilon : 0.3, normalized : True, random_seed : 55, 
bias_direct: 0.10253268057974993
rmse_direct: 0.12561386675734135
bias_indirect: 0.06982758620689662
rmse_indirect: 0.0793627637866908
bias_total: 0.079383345769731
rmse_total: 0.09310052298497713
bias_mr: 0.12578150968302443
rmse_mr: 0.1735291190730266
coverage: 0.0
