Experiment: expname : nonparametric_experiment, data : uniform, n_samples : 1000, mediator_dimension : 1, covariate_dimension : 1, alpha : 0.0, beta : 0.0, stochasticity : 1, gamma : 0.3, noise : uniform, 
Running with estimator : kme_g_computation, regularization : True, sample_splits : 1, reg_lambda : 0.001, reg_lambda_tilde : 0.001, kernel : linear, density : conditional_kernel, bandwidth : 0.3, bandwidth_mode : heuristic, epsilon : 0.1, normalized : True, random_seed : 48, 
bias_direct: 0.16188678605217988
rmse_direct: 0.18396133886382338
bias_indirect: 0.1789813877742698
rmse_indirect: 0.20342183338208855
bias_total: 0.01710652582006518
rmse_total: 0.02509201415611451
bias_mr: 0.16848742065041183
rmse_mr: 0.19698103888923793
coverage: 0.0
