Experiment: expname : nonparametric_experiment, data : uniform, n_samples : 5000, mediator_dimension : 1, covariate_dimension : 1, alpha : 0.0, beta : 0.0, stochasticity : 1, gamma : 0.3, noise : uniform, 
Running with estimator : kme_g_computation, regularization : True, sample_splits : 1, reg_lambda : 0.001, reg_lambda_tilde : 0.001, kernel : linear, density : gaussian, bandwidth : 0.3, bandwidth_mode : heuristic, epsilon : 0.1, normalized : True, random_seed : 35, 
bias_direct: 0.162269072116091
rmse_direct: 0.18457165544683962
bias_indirect: 0.15910960501627705
rmse_indirect: 0.1808365121921437
bias_total: 0.003170686623312341
rmse_total: 0.004677492307094051
bias_mr: 0.16214692446071394
rmse_mr: 0.18436228006951216
coverage: 0.0
