Experiment: expname : baselines_experiment, data : uniform, n_samples : 1000, mediator_dimension : 1, covariate_dimension : 1, alpha : 0.5, beta : 0.25, stochasticity : 1, gamma : 0.3, noise : uniform, 
Running with estimator : linear, regularization : True, sample_splits : 1, reg_lambda : 0.001, reg_lambda_tilde : 0.001, kernel : gauss, density : gaussian, bandwidth : 0.3, bandwidth_mode : heuristic, epsilon : 0.3, normalized : True, random_seed : 28, 
bias_direct: 0.32559050302206965
rmse_direct: 0.3721750485549491
bias_indirect: 0.004068287659657909
rmse_indirect: 0.004623825197008615
bias_total: 0.3220284911600581
rmse_total: 0.36814456626545805
bias_mr: 0.31264930152140097
rmse_mr: 0.3324718490137957
coverage: 0.0
