Experiment: expname : nonparametric_experiment, data : uniform, n_samples : 1000, mediator_dimension : 1, covariate_dimension : 1, alpha : 0.0, beta : 0.0, stochasticity : 1, gamma : 0.3, noise : uniform, 
Running with estimator : kme_dml, regularization : True, sample_splits : 1, reg_lambda : 0.001, reg_lambda_tilde : 0.001, kernel : gauss, density : conditional_kernel, bandwidth : 0.3, bandwidth_mode : heuristic, epsilon : 0.1, normalized : True, random_seed : 86, 
bias_direct: 0.044635354822294804
rmse_direct: 0.05489072756673167
bias_indirect: 0.00943233496212542
rmse_indirect: 0.011799432621393378
bias_total: 0.04761265372811096
rmse_total: 0.05493722155226436
bias_mr: 0.0744631524084608
rmse_mr: 0.0865786783391087
coverage: 0.9310344827586207
