Experiment: expname : nonparametric_experiment, data : uniform, n_samples : 1000, mediator_dimension : 1, covariate_dimension : 1, alpha : 0.0, beta : 0.0, stochasticity : 1, gamma : 0.3, noise : uniform, 
Running with estimator : kme_dml, regularization : True, sample_splits : 1, reg_lambda : 0.001, reg_lambda_tilde : 0.001, kernel : linear, density : gaussian, bandwidth : 0.3, bandwidth_mode : heuristic, epsilon : 0.1, normalized : True, random_seed : 69, 
bias_direct: 0.030935974052718702
rmse_direct: 0.049676885721281816
bias_indirect: 0.01179083669787904
rmse_indirect: 0.01730752611415789
bias_total: 0.04082907988771983
rmse_total: 0.05751231421087272
bias_mr: 0.04278427227682006
rmse_mr: 0.05541021814112857
coverage: 1.0
