Experiment: expname : nonparametric_experiment, data : uniform, n_samples : 5000, mediator_dimension : 1, covariate_dimension : 1, alpha : 0.0, beta : 0.0, stochasticity : 1, gamma : 0.3, noise : uniform, 
Running with estimator : kme_dml, regularization : True, sample_splits : 1, reg_lambda : 0.001, reg_lambda_tilde : 0.001, kernel : gauss, density : gaussian, bandwidth : 0.3, bandwidth_mode : heuristic, epsilon : 0.1, normalized : True, random_seed : 88, 
bias_direct: 0.028090800982799362
rmse_direct: 0.038459812260895364
bias_indirect: 0.010337482159097756
rmse_indirect: 0.012382066863072177
bias_total: 0.029348612354054834
rmse_total: 0.03610637693776654
bias_mr: 0.016828345167727063
rmse_mr: 0.020892520583831804
coverage: 1.0
