Experiment: expname : nonparametric_experiment, data : uniform, n_samples : 5000, mediator_dimension : 1, covariate_dimension : 1, alpha : 0.0, beta : 0.0, stochasticity : 1, gamma : 0.3, noise : uniform, 
Running with estimator : kme_g_computation, regularization : True, sample_splits : 1, reg_lambda : 0.001, reg_lambda_tilde : 0.001, kernel : linear, density : gaussian, bandwidth : 0.3, bandwidth_mode : heuristic, epsilon : 0.1, normalized : True, random_seed : 41, 
bias_direct: 0.16129587797412395
rmse_direct: 0.18356923640051598
bias_indirect: 0.1384884871060603
rmse_indirect: 0.15739953520965097
bias_total: 0.02280739086806367
rmse_total: 0.02649800745543535
bias_mr: 0.16025722631410463
rmse_mr: 0.18286345188642228
coverage: 0.0
