Experiment: expname : nonparametric_experiment, data : uniform, n_samples : 5000, mediator_dimension : 1, covariate_dimension : 1, alpha : 0.0, beta : 0.0, stochasticity : 1, gamma : 0.3, noise : uniform, 
Running with estimator : kme_dml, regularization : True, sample_splits : 1, reg_lambda : 0.001, reg_lambda_tilde : 0.001, kernel : linear, density : gaussian, bandwidth : 0.3, bandwidth_mode : heuristic, epsilon : 0.1, normalized : True, random_seed : 22, 
bias_direct: 0.04861830643328943
rmse_direct: 0.05675741581258411
bias_indirect: 0.009965529074202463
rmse_indirect: 0.0120254915855191
bias_total: 0.04625351204498827
rmse_total: 0.05215426106235109
bias_mr: 0.03561705028117273
rmse_mr: 0.04195139613136681
coverage: 1.0
