Experiment: expname : nonparametric_experiment, data : uniform, n_samples : 500, mediator_dimension : 1, covariate_dimension : 1, alpha : 0.0, beta : 0.0, stochasticity : 1, gamma : 0.3, noise : uniform, 
Running with estimator : ipw, regularization : True, sample_splits : 1, reg_lambda : 0.001, reg_lambda_tilde : 0.001, kernel : gauss, density : gaussian, bandwidth : 0.3, bandwidth_mode : heuristic, epsilon : 0.1, normalized : True, random_seed : 65, 
bias_direct: 0.13646096058470333
rmse_direct: 0.1671572946596185
bias_indirect: 0.06982758620689661
rmse_indirect: 0.07936276378669078
bias_total: 0.08630014082878103
rmse_total: 0.1103310028047491
bias_mr: 0.16437432671482188
rmse_mr: 0.20923612670815597
coverage: 0.0
