Experiment: expname : nonparametric_experiment, data : uniform, n_samples : 1000, mediator_dimension : 1, covariate_dimension : 1, alpha : 0.0, beta : 0.0, stochasticity : 1, gamma : 0.3, noise : uniform, 
Running with estimator : kme_dml, regularization : True, sample_splits : 1, reg_lambda : 0.001, reg_lambda_tilde : 0.001, kernel : gauss, density : conditional_kernel, bandwidth : 0.3, bandwidth_mode : heuristic, epsilon : 0.1, normalized : True, random_seed : 0, 
bias_direct: 0.04011618205071884
rmse_direct: 0.052564329555007824
bias_indirect: 0.04903230619755113
rmse_indirect: 0.060835298095753824
bias_total: 0.058125789121598666
rmse_total: 0.07214384025215374
bias_mr: 0.07433010681720642
rmse_mr: 0.08037282189711181
coverage: 1.0
