Experiment: expname : nonparametric_experiment, data : uniform, n_samples : 500, mediator_dimension : 1, covariate_dimension : 1, alpha : 0.0, beta : 0.0, stochasticity : 1, gamma : 0.3, noise : uniform, 
Running with estimator : kme_dml, regularization : True, sample_splits : 1, reg_lambda : 0.001, reg_lambda_tilde : 0.001, kernel : linear, density : gaussian, bandwidth : 0.3, bandwidth_mode : heuristic, epsilon : 0.1, normalized : True, random_seed : 83, 
bias_direct: 0.10234094397570305
rmse_direct: 0.12036249927511275
bias_indirect: 0.03128010163340375
rmse_indirect: 0.03504474562223613
bias_total: 0.1058440974748376
rmse_total: 0.12068527280718207
bias_mr: 0.07196265309641864
rmse_mr: 0.08714805266278801
coverage: 1.0
