Experiment: expname : baselines_experiment, data : uniform, n_samples : 5000, mediator_dimension : 1, covariate_dimension : 1, alpha : 0.5, beta : 0.25, stochasticity : 1, gamma : 0.3, noise : uniform, 
Running with estimator : linear, regularization : True, sample_splits : 1, reg_lambda : 0.001, reg_lambda_tilde : 0.001, kernel : gauss, density : gaussian, bandwidth : 0.3, bandwidth_mode : heuristic, epsilon : 0.3, normalized : True, random_seed : 53, 
bias_direct: 0.31802352059448824
rmse_direct: 0.36362973315750635
bias_indirect: 0.0030920352700110486
rmse_indirect: 0.0035142624582054785
bias_total: 0.3207307692531201
rmse_total: 0.36667965031117167
bias_mr: 0.30390808735171515
rmse_mr: 0.32340560605330987
coverage: 0.0
