Experiment: expname : nonparametric_experiment, data : uniform, n_samples : 1000, mediator_dimension : 1, covariate_dimension : 1, alpha : 0.0, beta : 0.0, stochasticity : 1, gamma : 0.3, noise : uniform, 
Running with estimator : kme_dml, regularization : True, sample_splits : 1, reg_lambda : 0.001, reg_lambda_tilde : 0.001, kernel : gauss, density : gaussian, bandwidth : 0.3, bandwidth_mode : heuristic, epsilon : 0.1, normalized : True, random_seed : 3, 
bias_direct: 0.03783198396618729
rmse_direct: 0.04416433403700008
bias_indirect: 0.016695532168089392
rmse_indirect: 0.01965035185964285
bias_total: 0.03728453408397018
rmse_total: 0.051255727804878186
bias_mr: 0.048712857610971376
rmse_mr: 0.05410625595624691
coverage: 1.0
