Experiment: expname : nonparametric_experiment, data : uniform, n_samples : 1000, mediator_dimension : 1, covariate_dimension : 1, alpha : 0.0, beta : 0.0, stochasticity : 1, gamma : 0.3, noise : uniform, 
Running with estimator : ipw, regularization : True, sample_splits : 1, reg_lambda : 0.001, reg_lambda_tilde : 0.001, kernel : gauss, density : conditional_kernel, bandwidth : 0.3, bandwidth_mode : heuristic, epsilon : 0.1, normalized : True, random_seed : 72, 
bias_direct: 0.1835099213632688
rmse_direct: 0.21824632877460348
bias_indirect: 0.05285355007620549
rmse_indirect: 0.05969791554219512
bias_total: 0.1958341928835523
rmse_total: 0.21820023872399408
bias_mr: 0.0892800334703754
rmse_mr: 0.0999450406051954
coverage: 0.0
