Experiment: expname : nonparametric_experiment, data : uniform, n_samples : 1000, mediator_dimension : 1, covariate_dimension : 1, alpha : 0.0, beta : 0.0, stochasticity : 1, gamma : 0.3, noise : uniform, 
Running with estimator : kme_g_computation, regularization : True, sample_splits : 1, reg_lambda : 0.001, reg_lambda_tilde : 0.001, kernel : linear, density : gaussian, bandwidth : 0.3, bandwidth_mode : heuristic, epsilon : 0.1, normalized : True, random_seed : 85, 
bias_direct: 0.1544094392040896
rmse_direct: 0.17712040261383333
bias_indirect: 0.1584653196170363
rmse_indirect: 0.180104257561194
bias_total: 0.013149434512829244
rmse_total: 0.017953709743310717
bias_mr: 0.15255169003256586
rmse_mr: 0.17425644164154958
coverage: 0.0
