Experiment: expname : nonparametric_experiment, data : uniform, n_samples : 500, mediator_dimension : 1, covariate_dimension : 1, alpha : 0.0, beta : 0.0, stochasticity : 1, gamma : 0.3, noise : uniform, 
Running with estimator : kme_dml, regularization : True, sample_splits : 1, reg_lambda : 0.001, reg_lambda_tilde : 0.001, kernel : linear, density : conditional_kernel, bandwidth : 0.3, bandwidth_mode : heuristic, epsilon : 0.1, normalized : True, random_seed : 7, 
bias_direct: 0.13024328935811907
rmse_direct: 0.16497082079485365
bias_indirect: 0.041555051485137794
rmse_indirect: 0.05931699093415485
bias_total: 0.09121376142303493
rmse_total: 0.11451558883713457
bias_mr: 0.055585738532955155
rmse_mr: 0.06165581908059397
coverage: 1.0
