Experiment: expname : nonparametric_experiment, data : uniform, n_samples : 5000, mediator_dimension : 1, covariate_dimension : 1, alpha : 0.0, beta : 0.0, stochasticity : 1, gamma : 0.3, noise : uniform, 
Running with estimator : kme_dml, regularization : True, sample_splits : 1, reg_lambda : 0.001, reg_lambda_tilde : 0.001, kernel : gauss, density : gaussian, bandwidth : 0.3, bandwidth_mode : heuristic, epsilon : 0.1, normalized : True, random_seed : 98, 
bias_direct: 0.048228392294164764
rmse_direct: 0.05427367785422361
bias_indirect: 0.01795643163542564
rmse_indirect: 0.020854613053545447
bias_total: 0.03491720634245563
rmse_total: 0.04079784597559909
bias_mr: 0.031024245006714312
rmse_mr: 0.03733950620646498
coverage: 0.9655172413793104
