Experiment: expname : baselines_experiment, data : uniform, n_samples : 5000, mediator_dimension : 1, covariate_dimension : 1, alpha : 0.5, beta : 0.25, stochasticity : 1, gamma : 0.3, noise : uniform, 
Running with estimator : linear, regularization : True, sample_splits : 1, reg_lambda : 0.001, reg_lambda_tilde : 0.001, kernel : gauss, density : gaussian, bandwidth : 0.3, bandwidth_mode : heuristic, epsilon : 0.3, normalized : True, random_seed : 44, 
bias_direct: 0.3036459813996447
rmse_direct: 0.34757934797326984
bias_indirect: 8.834574944173314e-05
rmse_indirect: 0.00010040964073608518
bias_total: 0.3035686297879112
rmse_total: 0.3474937023594515
bias_mr: 0.2873544471643193
rmse_mr: 0.30641380954028274
coverage: 0.0
