Experiment: expname : nonparametric_experiment, data : uniform, n_samples : 500, mediator_dimension : 1, covariate_dimension : 1, alpha : 0.0, beta : 0.0, stochasticity : 1, gamma : 0.3, noise : uniform, 
Running with estimator : kme_dml, regularization : True, sample_splits : 1, reg_lambda : 0.001, reg_lambda_tilde : 0.001, kernel : linear, density : conditional_kernel, bandwidth : 0.3, bandwidth_mode : heuristic, epsilon : 0.1, normalized : True, random_seed : 74, 
bias_direct: 0.0380108078514576
rmse_direct: 0.060465154212928966
bias_indirect: 0.021790442235351933
rmse_indirect: 0.03375339884288168
bias_total: 0.02489939276761736
rmse_total: 0.03373396227995908
bias_mr: 0.04279255056058024
rmse_mr: 0.06535992804211294
coverage: 1.0
