Experiment: expname : nonparametric_experiment, data : uniform, n_samples : 1000, mediator_dimension : 1, covariate_dimension : 1, alpha : 0.0, beta : 0.0, stochasticity : 1, gamma : 0.3, noise : uniform, 
Running with estimator : kme_dml, regularization : True, sample_splits : 1, reg_lambda : 0.001, reg_lambda_tilde : 0.001, kernel : linear, density : conditional_kernel, bandwidth : 0.3, bandwidth_mode : heuristic, epsilon : 0.1, normalized : True, random_seed : 54, 
bias_direct: 0.05575172136669003
rmse_direct: 0.06694007056752267
bias_indirect: 0.01010535775923784
rmse_indirect: 0.0123530345791254
bias_total: 0.06079526215269798
rmse_total: 0.06884980453705777
bias_mr: 0.07351574407427862
rmse_mr: 0.0818093203791203
coverage: 1.0
