Experiment: expname : nonparametric_experiment, data : uniform, n_samples : 1000, mediator_dimension : 1, covariate_dimension : 1, alpha : 0.0, beta : 0.0, stochasticity : 1, gamma : 0.3, noise : uniform, 
Running with estimator : kme_dml, regularization : True, sample_splits : 1, reg_lambda : 0.001, reg_lambda_tilde : 0.001, kernel : linear, density : gaussian, bandwidth : 0.3, bandwidth_mode : heuristic, epsilon : 0.1, normalized : True, random_seed : 31, 
bias_direct: 0.08096872427367487
rmse_direct: 0.09657467589705054
bias_indirect: 0.015544626745876696
rmse_indirect: 0.02145920589558013
bias_total: 0.08385274869599905
rmse_total: 0.09956890052641765
bias_mr: 0.07532336703055814
rmse_mr: 0.08808363739450742
coverage: 1.0
