Experiment: expname : nonparametric_experiment, data : uniform, n_samples : 500, mediator_dimension : 1, covariate_dimension : 1, alpha : 0.0, beta : 0.0, stochasticity : 1, gamma : 0.3, noise : uniform, 
Running with estimator : kme_g_computation, regularization : True, sample_splits : 1, reg_lambda : 0.001, reg_lambda_tilde : 0.001, kernel : linear, density : conditional_kernel, bandwidth : 0.3, bandwidth_mode : heuristic, epsilon : 0.1, normalized : True, random_seed : 42, 
bias_direct: 0.17347258448093078
rmse_direct: 0.19741710340410018
bias_indirect: 0.1658677189622012
rmse_indirect: 0.18851745041404785
bias_total: 0.007604865518729565
rmse_total: 0.010005557588094162
bias_mr: 0.1740729553612606
rmse_mr: 0.20092776589476477
coverage: 0.0
