Experiment: expname : baselines_experiment, data : uniform, n_samples : 1000, mediator_dimension : 1, covariate_dimension : 1, alpha : 0.5, beta : 0.25, stochasticity : 1, gamma : 0.3, noise : uniform, 
Running with estimator : kme_dml, regularization : True, sample_splits : 1, reg_lambda : 0.001, reg_lambda_tilde : 0.001, kernel : gauss, density : gaussian, bandwidth : 0.3, bandwidth_mode : heuristic, epsilon : 0.3, normalized : True, random_seed : 83, 
bias_direct: 0.10022514326090975
rmse_direct: 0.12691282769549433
bias_indirect: 0.02691230414869132
rmse_indirect: 0.031602519636958114
bias_total: 0.09635072693204594
rmse_total: 0.12238989700514318
bias_mr: 0.10192710959550821
rmse_mr: 0.11333108038020806
coverage: 0.9655172413793104
