Experiment: expname : nonparametric_experiment, data : uniform, n_samples : 1000, mediator_dimension : 1, covariate_dimension : 1, alpha : 0.0, beta : 0.0, stochasticity : 1, gamma : 0.3, noise : uniform, 
Running with estimator : ipw, regularization : True, sample_splits : 1, reg_lambda : 0.001, reg_lambda_tilde : 0.001, kernel : linear, density : conditional_kernel, bandwidth : 0.3, bandwidth_mode : heuristic, epsilon : 0.1, normalized : True, random_seed : 40, 
bias_direct: 0.18015348655677454
rmse_direct: 0.19091548868695934
bias_indirect: 0.0272520385074517
rmse_indirect: 0.03127374474472717
bias_total: 0.18522660405774616
rmse_total: 0.19960811327291494
bias_mr: 0.1187794437477211
rmse_mr: 0.1268168360738862
coverage: 0.0
