Experiment: expname : nonparametric_experiment, data : uniform, n_samples : 5000, mediator_dimension : 1, covariate_dimension : 1, alpha : 0.0, beta : 0.0, stochasticity : 1, gamma : 0.3, noise : uniform, 
Running with estimator : ipw, regularization : True, sample_splits : 1, reg_lambda : 0.001, reg_lambda_tilde : 0.001, kernel : linear, density : conditional_kernel, bandwidth : 0.3, bandwidth_mode : heuristic, epsilon : 0.1, normalized : True, random_seed : 37, 
bias_direct: 0.031041612513166048
rmse_direct: 0.03978136689954181
bias_indirect: 0.03226567985384603
rmse_indirect: 0.038402365475404064
bias_total: 0.034574980666205415
rmse_total: 0.04130296074125985
bias_mr: 0.02482386780901703
rmse_mr: 0.031732701192566305
coverage: 0.0
