Experiment: expname : baselines_experiment, data : uniform, n_samples : 500, mediator_dimension : 1, covariate_dimension : 1, alpha : 0.5, beta : 0.25, stochasticity : 1, gamma : 0.3, noise : uniform, 
Running with estimator : linear, regularization : True, sample_splits : 1, reg_lambda : 0.001, reg_lambda_tilde : 0.001, kernel : gauss, density : gaussian, bandwidth : 0.3, bandwidth_mode : heuristic, epsilon : 0.3, normalized : True, random_seed : 62, 
bias_direct: 0.27200056212891144
rmse_direct: 0.31206526735254
bias_indirect: 0.01987836278120884
rmse_indirect: 0.02259281604260021
bias_total: 0.28826228619377803
rmse_total: 0.33070962319880026
bias_mr: 0.24984280505743886
rmse_mr: 0.268649918902824
coverage: 0.0
