Experiment: expname : nonparametric_experiment, data : uniform, n_samples : 1000, mediator_dimension : 1, covariate_dimension : 1, alpha : 0.0, beta : 0.0, stochasticity : 1, gamma : 0.3, noise : uniform, 
Running with estimator : kme_g_computation, regularization : True, sample_splits : 1, reg_lambda : 0.001, reg_lambda_tilde : 0.001, kernel : linear, density : gaussian, bandwidth : 0.3, bandwidth_mode : heuristic, epsilon : 0.1, normalized : True, random_seed : 36, 
bias_direct: 0.1341672528492358
rmse_direct: 0.15364781918604273
bias_indirect: 0.1594457163433532
rmse_indirect: 0.1812185658146663
bias_total: 0.02527846349411739
rmse_total: 0.031173719014957343
bias_mr: 0.13506382263711056
rmse_mr: 0.155991852451597
coverage: 0.0
