Experiment: expname : baselines_experiment, data : uniform, n_samples : 5000, mediator_dimension : 1, covariate_dimension : 1, alpha : 0.5, beta : 0.25, stochasticity : 1, gamma : 0.3, noise : uniform, 
Running with estimator : kme_g_computation, regularization : True, sample_splits : 1, reg_lambda : 0.001, reg_lambda_tilde : 0.001, kernel : gauss, density : gaussian, bandwidth : 0.3, bandwidth_mode : heuristic, epsilon : 0.3, normalized : True, random_seed : 64, 
bias_direct: 0.3809004573852651
rmse_direct: 0.4946544910952228
bias_indirect: 0.4355771076577268
rmse_indirect: 0.5616125362166803
bias_total: 0.05496655994892499
rmse_total: 0.0730937722590836
bias_mr: 0.3895998601859506
rmse_mr: 0.5067515361359985
coverage: 0.0
