Experiment: expname : baselines_experiment, data : uniform, n_samples : 500, mediator_dimension : 1, covariate_dimension : 1, alpha : 0.5, beta : 0.25, stochasticity : 1, gamma : 0.3, noise : uniform, 
Running with estimator : kme_g_computation, regularization : True, sample_splits : 1, reg_lambda : 0.001, reg_lambda_tilde : 0.001, kernel : gauss, density : gaussian, bandwidth : 0.3, bandwidth_mode : heuristic, epsilon : 0.3, normalized : True, random_seed : 49, 
bias_direct: 0.41119215074783
rmse_direct: 0.5426462174115082
bias_indirect: 0.5071056942912482
rmse_indirect: 0.6305147905306094
bias_total: 0.09591354354341833
rmse_total: 0.10508060330857351
bias_mr: 0.3708843829414726
rmse_mr: 0.48822722149279907
coverage: 0.0
