Experiment: expname : baselines_experiment, data : uniform, n_samples : 1000, mediator_dimension : 1, covariate_dimension : 1, alpha : 0.5, beta : 0.25, stochasticity : 1, gamma : 0.3, noise : uniform, 
Running with estimator : linear, regularization : True, sample_splits : 1, reg_lambda : 0.001, reg_lambda_tilde : 0.001, kernel : gauss, density : gaussian, bandwidth : 0.3, bandwidth_mode : heuristic, epsilon : 0.3, normalized : True, random_seed : 20, 
bias_direct: 0.29983663065615257
rmse_direct: 0.34337104494311194
bias_indirect: 0.017113284387339847
rmse_indirect: 0.019450157455289146
bias_total: 0.31482026187529
rmse_total: 0.36003195871417065
bias_mr: 0.2832142328312758
rmse_mr: 0.3020409750495184
coverage: 0.0
