Experiment: expname : nonparametric_experiment, data : uniform, n_samples : 5000, mediator_dimension : 1, covariate_dimension : 1, alpha : 0.0, beta : 0.0, stochasticity : 1, gamma : 0.3, noise : uniform, 
Running with estimator : kme_dml, regularization : True, sample_splits : 1, reg_lambda : 0.001, reg_lambda_tilde : 0.001, kernel : gauss, density : conditional_kernel, bandwidth : 0.3, bandwidth_mode : heuristic, epsilon : 0.1, normalized : True, random_seed : 26, 
bias_direct: 0.018873680306226145
rmse_direct: 0.02359526500636431
bias_indirect: 0.02313273377216925
rmse_indirect: 0.027320300969268383
bias_total: 0.023085729516490162
rmse_total: 0.027187227270668506
bias_mr: 0.0164242989590622
rmse_mr: 0.019699630174063912
coverage: 1.0
