Experiment: expname : baselines_experiment, data : uniform, n_samples : 5000, mediator_dimension : 1, covariate_dimension : 1, alpha : 0.5, beta : 0.25, stochasticity : 1, gamma : 0.3, noise : uniform, 
Running with estimator : linear, regularization : True, sample_splits : 1, reg_lambda : 0.001, reg_lambda_tilde : 0.001, kernel : gauss, density : gaussian, bandwidth : 0.3, bandwidth_mode : heuristic, epsilon : 0.3, normalized : True, random_seed : 62, 
bias_direct: 0.2896538549498609
rmse_direct: 0.3322214746845828
bias_indirect: 0.0014029633709773432
rmse_indirect: 0.001594542453212531
bias_total: 0.28842548257616085
rmse_total: 0.33088677286629037
bias_mr: 0.2716855881141517
rmse_mr: 0.29027771529883606
coverage: 0.0
