Experiment: expname : baselines_experiment, data : uniform, n_samples : 5000, mediator_dimension : 1, covariate_dimension : 1, alpha : 0.5, beta : 0.25, stochasticity : 1, gamma : 0.3, noise : uniform, 
Running with estimator : ipw, regularization : True, sample_splits : 1, reg_lambda : 0.001, reg_lambda_tilde : 0.001, kernel : gauss, density : gaussian, bandwidth : 0.3, bandwidth_mode : heuristic, epsilon : 0.3, normalized : True, random_seed : 97, 
bias_direct: 0.09994619535730342
rmse_direct: 0.1280369141821461
bias_indirect: 0.06982758620689664
rmse_indirect: 0.07936276378669084
bias_total: 0.08811578691352319
rmse_total: 0.09802479407601929
bias_mr: 0.11948412789914534
rmse_mr: 0.17124986990809796
coverage: 0.0
