Experiment: expname : nonparametric_experiment, data : uniform, n_samples : 500, mediator_dimension : 1, covariate_dimension : 1, alpha : 0.0, beta : 0.0, stochasticity : 1, gamma : 0.3, noise : uniform, 
Running with estimator : kme_dml, regularization : True, sample_splits : 1, reg_lambda : 0.001, reg_lambda_tilde : 0.001, kernel : gauss, density : gaussian, bandwidth : 0.3, bandwidth_mode : heuristic, epsilon : 0.1, normalized : True, random_seed : 84, 
bias_direct: 0.02689511461054003
rmse_direct: 0.042739770485716894
bias_indirect: 0.05400561436786797
rmse_indirect: 0.06802488119252303
bias_total: 0.04790354934273665
rmse_total: 0.057349501985331765
bias_mr: 0.0664331677767092
rmse_mr: 0.07591842855267439
coverage: 1.0
