Experiment: expname : nonparametric_experiment, data : uniform, n_samples : 1000, mediator_dimension : 1, covariate_dimension : 1, alpha : 0.0, beta : 0.0, stochasticity : 1, gamma : 0.3, noise : uniform, 
Running with estimator : ipw, regularization : True, sample_splits : 1, reg_lambda : 0.001, reg_lambda_tilde : 0.001, kernel : linear, density : conditional_kernel, bandwidth : 0.3, bandwidth_mode : heuristic, epsilon : 0.1, normalized : True, random_seed : 1, 
bias_direct: 0.09638782891872924
rmse_direct: 0.12393866006390877
bias_indirect: 0.021415492669770168
rmse_indirect: 0.030003320309784413
bias_total: 0.09603678595068163
rmse_total: 0.12206308304003813
bias_mr: 0.11530193938068053
rmse_mr: 0.13613532168823383
coverage: 0.0
