Experiment: expname : nonparametric_experiment, data : uniform, n_samples : 5000, mediator_dimension : 1, covariate_dimension : 1, alpha : 0.0, beta : 0.0, stochasticity : 1, gamma : 0.3, noise : uniform, 
Running with estimator : kme_dml, regularization : True, sample_splits : 1, reg_lambda : 0.001, reg_lambda_tilde : 0.001, kernel : linear, density : conditional_kernel, bandwidth : 0.3, bandwidth_mode : heuristic, epsilon : 0.1, normalized : True, random_seed : 88, 
bias_direct: 0.028862120686776026
rmse_direct: 0.036380837295222825
bias_indirect: 0.008286727096079282
rmse_indirect: 0.009738041176029175
bias_total: 0.028624195569817237
rmse_total: 0.03533214213570451
bias_mr: 0.020153651441562566
rmse_mr: 0.024142737568550246
coverage: 1.0
