Experiment: expname : nonparametric_experiment, data : uniform, n_samples : 500, mediator_dimension : 1, covariate_dimension : 1, alpha : 0.0, beta : 0.0, stochasticity : 1, gamma : 0.3, noise : uniform, 
Running with estimator : kme_dml, regularization : True, sample_splits : 1, reg_lambda : 0.001, reg_lambda_tilde : 0.001, kernel : linear, density : gaussian, bandwidth : 0.3, bandwidth_mode : heuristic, epsilon : 0.1, normalized : True, random_seed : 85, 
bias_direct: 0.08690816926116716
rmse_direct: 0.12392445809825195
bias_indirect: 0.024167281594736804
rmse_indirect: 0.036028982172329305
bias_total: 0.09458020760044686
rmse_total: 0.12015301340295619
bias_mr: 0.10233866491114098
rmse_mr: 0.11694842003198715
coverage: 1.0
