Experiment: expname : nonparametric_experiment, data : uniform, n_samples : 5000, mediator_dimension : 1, covariate_dimension : 1, alpha : 0.0, beta : 0.0, stochasticity : 1, gamma : 0.3, noise : uniform, 
Running with estimator : kme_g_computation, regularization : True, sample_splits : 1, reg_lambda : 0.001, reg_lambda_tilde : 0.001, kernel : gauss, density : conditional_kernel, bandwidth : 0.3, bandwidth_mode : heuristic, epsilon : 0.1, normalized : True, random_seed : 87, 
bias_direct: 0.15834792246836307
rmse_direct: 0.1788717527738098
bias_indirect: 0.1672789041689049
rmse_indirect: 0.18824600224561966
bias_total: 0.010723150952207099
rmse_total: 0.013128850270284554
bias_mr: 0.1640424451851744
rmse_mr: 0.18583032315814565
coverage: 0.0
