Experiment: expname : nonparametric_experiment, data : uniform, n_samples : 1000, mediator_dimension : 1, covariate_dimension : 1, alpha : 0.0, beta : 0.0, stochasticity : 1, gamma : 0.3, noise : uniform, 
Running with estimator : kme_dml, regularization : True, sample_splits : 1, reg_lambda : 0.001, reg_lambda_tilde : 0.001, kernel : linear, density : gaussian, bandwidth : 0.3, bandwidth_mode : heuristic, epsilon : 0.1, normalized : True, random_seed : 87, 
bias_direct: 0.03432667518461205
rmse_direct: 0.03929655364711892
bias_indirect: 0.01568876280749295
rmse_indirect: 0.019547018572324274
bias_total: 0.03834640612548636
rmse_total: 0.047238884030106294
bias_mr: 0.03496279320184644
rmse_mr: 0.04974609403705578
coverage: 1.0
