Experiment: expname : nonparametric_experiment, data : uniform, n_samples : 500, mediator_dimension : 1, covariate_dimension : 1, alpha : 0.0, beta : 0.0, stochasticity : 1, gamma : 0.3, noise : uniform, 
Running with estimator : kme_g_computation, regularization : True, sample_splits : 1, reg_lambda : 0.001, reg_lambda_tilde : 0.001, kernel : gauss, density : gaussian, bandwidth : 0.3, bandwidth_mode : heuristic, epsilon : 0.1, normalized : True, random_seed : 83, 
bias_direct: 0.21489134800094817
rmse_direct: 0.23661741224127095
bias_indirect: 0.17689126657032508
rmse_indirect: 0.2190301156535087
bias_total: 0.072589530060768
rmse_total: 0.09519010404532176
bias_mr: 0.2402012669802575
rmse_mr: 0.28548288179035347
coverage: 0.0
