Experiment: expname : baselines_experiment, data : uniform, n_samples : 1000, mediator_dimension : 1, covariate_dimension : 1, alpha : 0.5, beta : 0.25, stochasticity : 1, gamma : 0.3, noise : uniform, 
Running with estimator : linear, regularization : True, sample_splits : 1, reg_lambda : 0.001, reg_lambda_tilde : 0.001, kernel : gauss, density : gaussian, bandwidth : 0.3, bandwidth_mode : heuristic, epsilon : 0.3, normalized : True, random_seed : 39, 
bias_direct: 0.3908483949118777
rmse_direct: 0.439896881172166
bias_indirect: 0.0029790853668680587
rmse_indirect: 0.0033858888888212146
bias_total: 0.3938274802787458
rmse_total: 0.4429836669361338
bias_mr: 0.3783031710493595
rmse_mr: 0.40324115660148474
coverage: 0.0
