Experiment: expname : nonparametric_experiment, data : uniform, n_samples : 1000, mediator_dimension : 1, covariate_dimension : 1, alpha : 0.0, beta : 0.0, stochasticity : 1, gamma : 0.3, noise : uniform, 
Running with estimator : kme_dml, regularization : True, sample_splits : 1, reg_lambda : 0.001, reg_lambda_tilde : 0.001, kernel : gauss, density : conditional_kernel, bandwidth : 0.3, bandwidth_mode : heuristic, epsilon : 0.1, normalized : True, random_seed : 4, 
bias_direct: 0.034435874911117166
rmse_direct: 0.03848966797775142
bias_indirect: 0.02574571257795885
rmse_indirect: 0.03118904535985258
bias_total: 0.058122424534765696
rmse_total: 0.06655212575977193
bias_mr: 0.05066557690879546
rmse_mr: 0.05935081768215527
coverage: 1.0
