Experiment: expname : nonparametric_experiment, data : uniform, n_samples : 500, mediator_dimension : 1, covariate_dimension : 1, alpha : 0.0, beta : 0.0, stochasticity : 1, gamma : 0.3, noise : uniform, 
Running with estimator : kme_g_computation, regularization : True, sample_splits : 1, reg_lambda : 0.001, reg_lambda_tilde : 0.001, kernel : gauss, density : gaussian, bandwidth : 0.3, bandwidth_mode : heuristic, epsilon : 0.1, normalized : True, random_seed : 49, 
bias_direct: 0.1556965401852286
rmse_direct: 0.18044324012872331
bias_indirect: 0.21030622457101128
rmse_indirect: 0.2348479792416992
bias_total: 0.05460968438578263
rmse_total: 0.05864811808807349
bias_mr: 0.1469202087638575
rmse_mr: 0.1672891747249124
coverage: 0.0
