Experiment: expname : nonparametric_experiment, data : uniform, n_samples : 500, mediator_dimension : 1, covariate_dimension : 1, alpha : 0.0, beta : 0.0, stochasticity : 1, gamma : 0.3, noise : uniform, 
Running with estimator : kme_dml, regularization : True, sample_splits : 1, reg_lambda : 0.001, reg_lambda_tilde : 0.001, kernel : linear, density : gaussian, bandwidth : 0.3, bandwidth_mode : heuristic, epsilon : 0.1, normalized : True, random_seed : 93, 
bias_direct: 0.050167460567158345
rmse_direct: 0.08835990842205928
bias_indirect: 0.01920230214777506
rmse_indirect: 0.02195279910954731
bias_total: 0.03913540597633754
rmse_total: 0.07732639188296123
bias_mr: 0.07830879267523579
rmse_mr: 0.10846980616535326
coverage: 0.896551724137931
