Experiment: expname : nonparametric_experiment, data : uniform, n_samples : 5000, mediator_dimension : 1, covariate_dimension : 1, alpha : 0.0, beta : 0.0, stochasticity : 1, gamma : 0.3, noise : uniform, 
Running with estimator : ipw, regularization : True, sample_splits : 1, reg_lambda : 0.001, reg_lambda_tilde : 0.001, kernel : gauss, density : conditional_kernel, bandwidth : 0.3, bandwidth_mode : heuristic, epsilon : 0.1, normalized : True, random_seed : 47, 
bias_direct: 0.10003823229679627
rmse_direct: 0.12010541174288597
bias_indirect: 0.013272003693803009
rmse_indirect: 0.01843072537965991
bias_total: 0.10893781839514902
rmse_total: 0.1324076126256312
bias_mr: 0.06477737563099252
rmse_mr: 0.0769613399477161
coverage: 0.0
