Experiment: expname : nonparametric_experiment, data : uniform, n_samples : 500, mediator_dimension : 1, covariate_dimension : 1, alpha : 0.0, beta : 0.0, stochasticity : 1, gamma : 0.3, noise : uniform, 
Running with estimator : kme_dml, regularization : True, sample_splits : 1, reg_lambda : 0.001, reg_lambda_tilde : 0.001, kernel : linear, density : gaussian, bandwidth : 0.3, bandwidth_mode : heuristic, epsilon : 0.1, normalized : True, random_seed : 48, 
bias_direct: 0.04924577678113315
rmse_direct: 0.05644407869340457
bias_indirect: 0.019173831813763975
rmse_indirect: 0.02103914145591827
bias_total: 0.05418735032891197
rmse_total: 0.0649943910484886
bias_mr: 0.026303927532793096
rmse_mr: 0.03245991768588324
coverage: 1.0
