Experiment: expname : nonparametric_experiment, data : uniform, n_samples : 500, mediator_dimension : 1, covariate_dimension : 1, alpha : 0.0, beta : 0.0, stochasticity : 1, gamma : 0.3, noise : uniform, 
Running with estimator : ipw, regularization : True, sample_splits : 1, reg_lambda : 0.001, reg_lambda_tilde : 0.001, kernel : linear, density : gaussian, bandwidth : 0.3, bandwidth_mode : heuristic, epsilon : 0.1, normalized : True, random_seed : 42, 
bias_direct: 0.33298340268397913
rmse_direct: 0.377024052374533
bias_indirect: 0.06982758620689661
rmse_indirect: 0.0793627637866908
bias_total: 0.3361775196520902
rmse_total: 0.3785984028111634
bias_mr: 0.15097329103071255
rmse_mr: 0.18290908792756408
coverage: 0.0
