Experiment: expname : baselines_experiment, data : uniform, n_samples : 1000, mediator_dimension : 1, covariate_dimension : 1, alpha : 0.5, beta : 0.25, stochasticity : 1, gamma : 0.3, noise : uniform, 
Running with estimator : kme_dml, regularization : True, sample_splits : 1, reg_lambda : 0.001, reg_lambda_tilde : 0.001, kernel : gauss, density : gaussian, bandwidth : 0.3, bandwidth_mode : heuristic, epsilon : 0.3, normalized : True, random_seed : 15, 
bias_direct: 0.15651145780146258
rmse_direct: 0.20315025132677833
bias_indirect: 0.030245539359545645
rmse_indirect: 0.04123120879697542
bias_total: 0.12707241453807802
rmse_total: 0.1636668594388444
bias_mr: 0.07581257949196642
rmse_mr: 0.09511917066671163
coverage: 0.8275862068965517
