Experiment: expname : nonparametric_experiment, data : uniform, n_samples : 5000, mediator_dimension : 1, covariate_dimension : 1, alpha : 0.0, beta : 0.0, stochasticity : 1, gamma : 0.3, noise : uniform, 
Running with estimator : kme_dml, regularization : True, sample_splits : 1, reg_lambda : 0.001, reg_lambda_tilde : 0.001, kernel : linear, density : conditional_kernel, bandwidth : 0.3, bandwidth_mode : heuristic, epsilon : 0.1, normalized : True, random_seed : 65, 
bias_direct: 0.03882920397536487
rmse_direct: 0.04851530742899079
bias_indirect: 0.010590750298292062
rmse_indirect: 0.012873404852923695
bias_total: 0.04231864443843755
rmse_total: 0.049365251432285234
bias_mr: 0.043019888081999774
rmse_mr: 0.04897939710060237
coverage: 0.9310344827586207
