Experiment: expname : baselines_experiment, data : uniform, n_samples : 500, mediator_dimension : 1, covariate_dimension : 1, alpha : 0.5, beta : 0.25, stochasticity : 1, gamma : 0.3, noise : uniform, 
Running with estimator : kme_g_computation, regularization : True, sample_splits : 1, reg_lambda : 0.001, reg_lambda_tilde : 0.001, kernel : gauss, density : gaussian, bandwidth : 0.3, bandwidth_mode : heuristic, epsilon : 0.3, normalized : True, random_seed : 37, 
bias_direct: 0.30528005719050344
rmse_direct: 0.42955180547989225
bias_indirect: 0.41450633571908313
rmse_indirect: 0.5326437461951005
bias_total: 0.11964191099443093
rmse_total: 0.18250191401428034
bias_mr: 0.3452352845770449
rmse_mr: 0.46769784640876
coverage: 0.0
