Experiment: expname : nonparametric_experiment, data : uniform, n_samples : 1000, mediator_dimension : 1, covariate_dimension : 1, alpha : 0.0, beta : 0.0, stochasticity : 1, gamma : 0.3, noise : uniform, 
Running with estimator : kme_dml, regularization : True, sample_splits : 1, reg_lambda : 0.001, reg_lambda_tilde : 0.001, kernel : linear, density : conditional_kernel, bandwidth : 0.3, bandwidth_mode : heuristic, epsilon : 0.1, normalized : True, random_seed : 62, 
bias_direct: 0.14561777557009403
rmse_direct: 0.1676577551579278
bias_indirect: 0.01350701696451221
rmse_indirect: 0.016957912701147774
bias_total: 0.13859723503393034
rmse_total: 0.15891099573593512
bias_mr: 0.06504235635553467
rmse_mr: 0.07774579354690432
coverage: 1.0
