Experiment: expname : nonparametric_experiment, data : uniform, n_samples : 1000, mediator_dimension : 1, covariate_dimension : 1, alpha : 0.0, beta : 0.0, stochasticity : 1, gamma : 0.3, noise : uniform, 
Running with estimator : kme_g_computation, regularization : True, sample_splits : 1, reg_lambda : 0.001, reg_lambda_tilde : 0.001, kernel : gauss, density : gaussian, bandwidth : 0.3, bandwidth_mode : heuristic, epsilon : 0.1, normalized : True, random_seed : 6, 
bias_direct: 0.16726782363825332
rmse_direct: 0.19036585040647738
bias_indirect: 0.13332256873971166
rmse_indirect: 0.1443510089678844
bias_total: 0.035531228997820664
rmse_total: 0.05446262201948352
bias_mr: 0.18037752788705888
rmse_mr: 0.21658095089825324
coverage: 0.0
