Experiment: expname : nonparametric_experiment, data : uniform, n_samples : 500, mediator_dimension : 1, covariate_dimension : 1, alpha : 0.0, beta : 0.0, stochasticity : 1, gamma : 0.3, noise : uniform, 
Running with estimator : kme_dml, regularization : True, sample_splits : 1, reg_lambda : 0.001, reg_lambda_tilde : 0.001, kernel : linear, density : gaussian, bandwidth : 0.3, bandwidth_mode : heuristic, epsilon : 0.1, normalized : True, random_seed : 90, 
bias_direct: 0.03330818055821978
rmse_direct: 0.05255463284496252
bias_indirect: 0.027180600336240028
rmse_indirect: 0.031901096092185444
bias_total: 0.051349218565799895
rmse_total: 0.06634537066092114
bias_mr: 0.03538712529540743
rmse_mr: 0.050796399048054414
coverage: 1.0
