Experiment: expname : nonparametric_experiment, data : uniform, n_samples : 5000, mediator_dimension : 1, covariate_dimension : 1, alpha : 0.0, beta : 0.0, stochasticity : 1, gamma : 0.3, noise : uniform, 
Running with estimator : ipw, regularization : True, sample_splits : 1, reg_lambda : 0.001, reg_lambda_tilde : 0.001, kernel : linear, density : conditional_kernel, bandwidth : 0.3, bandwidth_mode : heuristic, epsilon : 0.1, normalized : True, random_seed : 3, 
bias_direct: 0.055852048890352356
rmse_direct: 0.060720796613577446
bias_indirect: 0.03599114622378198
rmse_indirect: 0.03964695829850481
bias_total: 0.03550674040800497
rmse_total: 0.04319026559863555
bias_mr: 0.03922716866566805
rmse_mr: 0.05500894665184244
coverage: 0.0
