Experiment: expname : baselines_experiment, data : uniform, n_samples : 500, mediator_dimension : 1, covariate_dimension : 1, alpha : 0.5, beta : 0.25, stochasticity : 1, gamma : 0.3, noise : uniform, 
Running with estimator : linear, regularization : True, sample_splits : 1, reg_lambda : 0.001, reg_lambda_tilde : 0.001, kernel : gauss, density : gaussian, bandwidth : 0.3, bandwidth_mode : heuristic, epsilon : 0.3, normalized : True, random_seed : 28, 
bias_direct: 0.25332084738933824
rmse_direct: 0.2897903762358005
bias_indirect: 0.01687819928588008
rmse_indirect: 0.01918297074026163
bias_total: 0.2404934159320694
rmse_total: 0.27509304958345526
bias_mr: 0.22531999838425812
rmse_mr: 0.2446980871996274
coverage: 0.0
