Experiment: expname : nonparametric_experiment, data : uniform, n_samples : 5000, mediator_dimension : 1, covariate_dimension : 1, alpha : 0.0, beta : 0.0, stochasticity : 1, gamma : 0.3, noise : uniform, 
Running with estimator : kme_g_computation, regularization : True, sample_splits : 1, reg_lambda : 0.001, reg_lambda_tilde : 0.001, kernel : linear, density : conditional_kernel, bandwidth : 0.3, bandwidth_mode : heuristic, epsilon : 0.1, normalized : True, random_seed : 17, 
bias_direct: 0.1556178699260036
rmse_direct: 0.1767630506166471
bias_indirect: 0.1454229451146573
rmse_indirect: 0.16528091939294554
bias_total: 0.010194924811346302
rmse_total: 0.011858455067892439
bias_mr: 0.15547610680938778
rmse_mr: 0.17783703366092063
coverage: 0.0
