Experiment: expname : nonparametric_experiment, data : uniform, n_samples : 1000, mediator_dimension : 1, covariate_dimension : 1, alpha : 0.0, beta : 0.0, stochasticity : 1, gamma : 0.3, noise : uniform, 
Running with estimator : kme_dml, regularization : True, sample_splits : 1, reg_lambda : 0.001, reg_lambda_tilde : 0.001, kernel : gauss, density : conditional_kernel, bandwidth : 0.3, bandwidth_mode : heuristic, epsilon : 0.1, normalized : True, random_seed : 67, 
bias_direct: 0.037751886147671956
rmse_direct: 0.047738616680519264
bias_indirect: 0.019638286878680487
rmse_indirect: 0.02361684743025234
bias_total: 0.05243906706349833
rmse_total: 0.06786311878563113
bias_mr: 0.03879303047804873
rmse_mr: 0.05100084835094654
coverage: 1.0
