Experiment: expname : nonparametric_experiment, data : uniform, n_samples : 1000, mediator_dimension : 1, covariate_dimension : 1, alpha : 0.0, beta : 0.0, stochasticity : 1, gamma : 0.3, noise : uniform, 
Running with estimator : kme_g_computation, regularization : True, sample_splits : 1, reg_lambda : 0.001, reg_lambda_tilde : 0.001, kernel : linear, density : conditional_kernel, bandwidth : 0.3, bandwidth_mode : heuristic, epsilon : 0.1, normalized : True, random_seed : 66, 
bias_direct: 0.1770171061392266
rmse_direct: 0.20102389834088105
bias_indirect: 0.19973474962869495
rmse_indirect: 0.22700912762079942
bias_total: 0.02271764348946834
rmse_total: 0.02670894505162052
bias_mr: 0.17694062179557926
rmse_mr: 0.2013662331674728
coverage: 0.0
