Experiment: expname : baselines_experiment, data : uniform, n_samples : 1000, mediator_dimension : 1, covariate_dimension : 1, alpha : 0.5, beta : 0.25, stochasticity : 1, gamma : 0.3, noise : uniform, 
Running with estimator : kme_g_computation, regularization : True, sample_splits : 1, reg_lambda : 0.001, reg_lambda_tilde : 0.001, kernel : gauss, density : gaussian, bandwidth : 0.3, bandwidth_mode : heuristic, epsilon : 0.3, normalized : True, random_seed : 69, 
bias_direct: 0.3753331384938549
rmse_direct: 0.4964043266421441
bias_indirect: 0.4827895062154914
rmse_indirect: 0.6210782048092008
bias_total: 0.10745636772163637
rmse_total: 0.13792515739626704
bias_mr: 0.3796845396050716
rmse_mr: 0.4985619819801844
coverage: 0.0
