Experiment: expname : nonparametric_experiment, data : uniform, n_samples : 500, mediator_dimension : 1, covariate_dimension : 1, alpha : 0.0, beta : 0.0, stochasticity : 1, gamma : 0.3, noise : uniform, 
Running with estimator : kme_dml, regularization : True, sample_splits : 1, reg_lambda : 0.001, reg_lambda_tilde : 0.001, kernel : linear, density : gaussian, bandwidth : 0.3, bandwidth_mode : heuristic, epsilon : 0.1, normalized : True, random_seed : 32, 
bias_direct: 0.07706736940697224
rmse_direct: 0.09330122851698942
bias_indirect: 0.03136410371437197
rmse_indirect: 0.03979804840600925
bias_total: 0.08271798639425168
rmse_total: 0.10547632257711625
bias_mr: 0.1008440504272173
rmse_mr: 0.10865200195429962
coverage: 1.0
