Experiment: expname : nonparametric_experiment, data : uniform, n_samples : 500, mediator_dimension : 1, covariate_dimension : 1, alpha : 0.0, beta : 0.0, stochasticity : 1, gamma : 0.3, noise : uniform, 
Running with estimator : kme_dml, regularization : True, sample_splits : 1, reg_lambda : 0.001, reg_lambda_tilde : 0.001, kernel : linear, density : gaussian, bandwidth : 0.3, bandwidth_mode : heuristic, epsilon : 0.1, normalized : True, random_seed : 80, 
bias_direct: 0.05003153954856941
rmse_direct: 0.06695295921722065
bias_indirect: 0.02140500810173607
rmse_indirect: 0.024251022287668664
bias_total: 0.05290336393599646
rmse_total: 0.06903849802093401
bias_mr: 0.12794395090683083
rmse_mr: 0.13867499057019064
coverage: 0.8620689655172413
