Experiment: expname : baselines_experiment, data : uniform, n_samples : 5000, mediator_dimension : 1, covariate_dimension : 1, alpha : 0.5, beta : 0.25, stochasticity : 1, gamma : 0.3, noise : uniform, 
Running with estimator : linear, regularization : True, sample_splits : 1, reg_lambda : 0.001, reg_lambda_tilde : 0.001, kernel : gauss, density : gaussian, bandwidth : 0.3, bandwidth_mode : heuristic, epsilon : 0.3, normalized : True, random_seed : 51, 
bias_direct: 0.2870996341717438
rmse_direct: 0.32944874998968005
bias_indirect: 0.009839185633690605
rmse_indirect: 0.011182757527752921
bias_total: 0.29571438781546405
rmse_total: 0.3388394979322641
bias_mr: 0.26837771897289203
rmse_mr: 0.28719094862787814
coverage: 0.0
