Experiment: expname : baselines_experiment, data : uniform, n_samples : 1000, mediator_dimension : 1, covariate_dimension : 1, alpha : 0.5, beta : 0.25, stochasticity : 1, gamma : 0.3, noise : uniform, 
Running with estimator : linear, regularization : True, sample_splits : 1, reg_lambda : 0.001, reg_lambda_tilde : 0.001, kernel : gauss, density : gaussian, bandwidth : 0.3, bandwidth_mode : heuristic, epsilon : 0.3, normalized : True, random_seed : 42, 
bias_direct: 0.2927581395397048
rmse_direct: 0.33560457806289967
bias_indirect: 0.0040310717153912885
rmse_indirect: 0.004581527297935042
bias_total: 0.2962875667749585
rmse_total: 0.33946816074386116
bias_mr: 0.2755965626770234
rmse_mr: 0.29440979978467724
coverage: 0.0
