Experiment: expname : nonparametric_experiment, data : uniform, n_samples : 1000, mediator_dimension : 1, covariate_dimension : 1, alpha : 0.0, beta : 0.0, stochasticity : 1, gamma : 0.3, noise : uniform, 
Running with estimator : kme_g_computation, regularization : True, sample_splits : 1, reg_lambda : 0.001, reg_lambda_tilde : 0.001, kernel : linear, density : conditional_kernel, bandwidth : 0.3, bandwidth_mode : heuristic, epsilon : 0.1, normalized : True, random_seed : 34, 
bias_direct: 0.15845721525124043
rmse_direct: 0.18014635746344562
bias_indirect: 0.15311041684815133
rmse_indirect: 0.17401812730668675
bias_total: 0.005346798403089109
rmse_total: 0.0062270662017533
bias_mr: 0.1604940079529324
rmse_mr: 0.1867111625999253
coverage: 0.0
