Experiment: expname : baselines_experiment, data : uniform, n_samples : 5000, mediator_dimension : 1, covariate_dimension : 1, alpha : 0.5, beta : 0.25, stochasticity : 1, gamma : 0.3, noise : uniform, 
Running with estimator : linear, regularization : True, sample_splits : 1, reg_lambda : 0.001, reg_lambda_tilde : 0.001, kernel : gauss, density : gaussian, bandwidth : 0.3, bandwidth_mode : heuristic, epsilon : 0.3, normalized : True, random_seed : 25, 
bias_direct: 0.31638976149572284
rmse_direct: 0.36179325811119456
bias_indirect: 0.0034446326760780768
rmse_indirect: 0.0039150081544205035
bias_total: 0.3194057287721112
rmse_total: 0.36518585071395465
bias_mr: 0.3016897192706988
rmse_mr: 0.32143867114470404
coverage: 0.0
