Experiment: expname : nonparametric_experiment, data : uniform, n_samples : 1000, mediator_dimension : 1, covariate_dimension : 1, alpha : 0.0, beta : 0.0, stochasticity : 1, gamma : 0.3, noise : uniform, 
Running with estimator : ipw, regularization : True, sample_splits : 1, reg_lambda : 0.001, reg_lambda_tilde : 0.001, kernel : linear, density : gaussian, bandwidth : 0.3, bandwidth_mode : heuristic, epsilon : 0.1, normalized : True, random_seed : 36, 
bias_direct: 0.19926548841065295
rmse_direct: 0.21963963620938431
bias_indirect: 0.06982758620689661
rmse_indirect: 0.0793627637866908
bias_total: 0.15351514048422793
rmse_total: 0.17561502405855545
bias_mr: 0.1421380289565434
rmse_mr: 0.18229976403126466
coverage: 0.0
