Experiment: expname : nonparametric_experiment, data : uniform, n_samples : 5000, mediator_dimension : 1, covariate_dimension : 1, alpha : 0.0, beta : 0.0, stochasticity : 1, gamma : 0.3, noise : uniform, 
Running with estimator : kme_dml, regularization : True, sample_splits : 1, reg_lambda : 0.001, reg_lambda_tilde : 0.001, kernel : linear, density : gaussian, bandwidth : 0.3, bandwidth_mode : heuristic, epsilon : 0.1, normalized : True, random_seed : 73, 
bias_direct: 0.0568628875583287
rmse_direct: 0.06372851146647034
bias_indirect: 0.00876592074538586
rmse_indirect: 0.010908417403129197
bias_total: 0.05120623378260983
rmse_total: 0.06018145680746756
bias_mr: 0.04028848104512864
rmse_mr: 0.04860773086269037
coverage: 0.8620689655172413
