Experiment: expname : nonparametric_experiment, data : uniform, n_samples : 5000, mediator_dimension : 1, covariate_dimension : 1, alpha : 0.0, beta : 0.0, stochasticity : 1, gamma : 0.3, noise : uniform, 
Running with estimator : kme_g_computation, regularization : True, sample_splits : 1, reg_lambda : 0.001, reg_lambda_tilde : 0.001, kernel : linear, density : gaussian, bandwidth : 0.3, bandwidth_mode : heuristic, epsilon : 0.1, normalized : True, random_seed : 6, 
bias_direct: 0.16695701142453037
rmse_direct: 0.18974645041567037
bias_indirect: 0.1419386683806031
rmse_indirect: 0.16132083491406496
bias_total: 0.025018343043927298
rmse_total: 0.028426334391019416
bias_mr: 0.16742393715073178
rmse_mr: 0.1909873316853931
coverage: 0.0
