Experiment: expname : baselines_experiment, data : uniform, n_samples : 1000, mediator_dimension : 1, covariate_dimension : 1, alpha : 0.5, beta : 0.25, stochasticity : 1, gamma : 0.3, noise : uniform, 
Running with estimator : kme_g_computation, regularization : True, sample_splits : 1, reg_lambda : 0.001, reg_lambda_tilde : 0.001, kernel : gauss, density : gaussian, bandwidth : 0.3, bandwidth_mode : heuristic, epsilon : 0.3, normalized : True, random_seed : 57, 
bias_direct: 0.3699320597143328
rmse_direct: 0.4751104349630912
bias_indirect: 0.3628649161484603
rmse_indirect: 0.476788557612934
bias_total: 0.023877390999851554
rmse_total: 0.02941707688296738
bias_mr: 0.40172126624361854
rmse_mr: 0.5224563741875019
coverage: 0.0
