Experiment: expname : baselines_experiment, data : uniform, n_samples : 500, mediator_dimension : 1, covariate_dimension : 1, alpha : 0.5, beta : 0.25, stochasticity : 1, gamma : 0.3, noise : uniform, 
Running with estimator : kme_dml, regularization : True, sample_splits : 1, reg_lambda : 0.001, reg_lambda_tilde : 0.001, kernel : gauss, density : gaussian, bandwidth : 0.3, bandwidth_mode : heuristic, epsilon : 0.3, normalized : True, random_seed : 37, 
bias_direct: 0.11089854229182144
rmse_direct: 0.12418955670774594
bias_indirect: 0.0646246918299665
rmse_indirect: 0.07744667914651039
bias_total: 0.150626385239323
rmse_total: 0.16771576982266787
bias_mr: 0.08184053507534672
rmse_mr: 0.1059640681987905
coverage: 0.9655172413793104
