Experiment: expname : nonparametric_experiment, data : uniform, n_samples : 500, mediator_dimension : 1, covariate_dimension : 1, alpha : 0.0, beta : 0.0, stochasticity : 1, gamma : 0.3, noise : uniform, 
Running with estimator : kme_dml, regularization : True, sample_splits : 1, reg_lambda : 0.001, reg_lambda_tilde : 0.001, kernel : gauss, density : conditional_kernel, bandwidth : 0.3, bandwidth_mode : heuristic, epsilon : 0.1, normalized : True, random_seed : 35, 
bias_direct: 0.06999921535994096
rmse_direct: 0.0890709830899551
bias_indirect: 0.053658984627909675
rmse_indirect: 0.06510057731926351
bias_total: 0.06501783170177275
rmse_total: 0.07571501309277963
bias_mr: 0.06723967354325698
rmse_mr: 0.08020202056926978
coverage: 1.0
