Experiment: expname : nonparametric_experiment, data : uniform, n_samples : 5000, mediator_dimension : 1, covariate_dimension : 1, alpha : 0.0, beta : 0.0, stochasticity : 1, gamma : 0.3, noise : uniform, 
Running with estimator : kme_dml, regularization : True, sample_splits : 1, reg_lambda : 0.001, reg_lambda_tilde : 0.001, kernel : gauss, density : gaussian, bandwidth : 0.3, bandwidth_mode : heuristic, epsilon : 0.1, normalized : True, random_seed : 85, 
bias_direct: 0.030666906050013237
rmse_direct: 0.038166555086049894
bias_indirect: 0.011106076596507239
rmse_indirect: 0.01414641097850888
bias_total: 0.02436644249390432
rmse_total: 0.030727925813441335
bias_mr: 0.026559205068098984
rmse_mr: 0.030243672424696003
coverage: 1.0
