Experiment: expname : nonparametric_experiment, data : uniform, n_samples : 1000, mediator_dimension : 1, covariate_dimension : 1, alpha : 0.0, beta : 0.0, stochasticity : 1, gamma : 0.3, noise : uniform, 
Running with estimator : kme_dml, regularization : True, sample_splits : 1, reg_lambda : 0.001, reg_lambda_tilde : 0.001, kernel : gauss, density : gaussian, bandwidth : 0.3, bandwidth_mode : heuristic, epsilon : 0.1, normalized : True, random_seed : 25, 
bias_direct: 0.10678083281251816
rmse_direct: 0.1284686874351187
bias_indirect: 0.009689714413904024
rmse_indirect: 0.011749114330436608
bias_total: 0.10356345437673213
rmse_total: 0.12156165135305211
bias_mr: 0.08941825996493996
rmse_mr: 0.10270812102845847
coverage: 0.8275862068965517
