Experiment: expname : nonparametric_experiment, data : uniform, n_samples : 1000, mediator_dimension : 1, covariate_dimension : 1, alpha : 0.0, beta : 0.0, stochasticity : 1, gamma : 0.3, noise : uniform, 
Running with estimator : kme_g_computation, regularization : True, sample_splits : 1, reg_lambda : 0.001, reg_lambda_tilde : 0.001, kernel : linear, density : conditional_kernel, bandwidth : 0.3, bandwidth_mode : heuristic, epsilon : 0.1, normalized : True, random_seed : 28, 
bias_direct: 0.15974259208254188
rmse_direct: 0.1814315906413018
bias_indirect: 0.17802524563620797
rmse_indirect: 0.20233513399318284
bias_total: 0.018282653553666123
rmse_total: 0.021279949789713704
bias_mr: 0.1606043968333009
rmse_mr: 0.18360495048910674
coverage: 0.0
