Experiment: expname : nonparametric_experiment, data : uniform, n_samples : 500, mediator_dimension : 1, covariate_dimension : 1, alpha : 0.0, beta : 0.0, stochasticity : 1, gamma : 0.3, noise : uniform, 
Running with estimator : kme_g_computation, regularization : True, sample_splits : 1, reg_lambda : 0.001, reg_lambda_tilde : 0.001, kernel : linear, density : conditional_kernel, bandwidth : 0.3, bandwidth_mode : heuristic, epsilon : 0.1, normalized : True, random_seed : 64, 
bias_direct: 0.1713453880171519
rmse_direct: 0.19476358551972875
bias_indirect: 0.19185038833365278
rmse_indirect: 0.21804818017908184
bias_total: 0.020505000316500807
rmse_total: 0.02328864801291635
bias_mr: 0.17934512352056148
rmse_mr: 0.21212233456526916
coverage: 0.0
