Experiment: expname : nonparametric_experiment, data : uniform, n_samples : 500, mediator_dimension : 1, covariate_dimension : 1, alpha : 0.0, beta : 0.0, stochasticity : 1, gamma : 0.3, noise : uniform, 
Running with estimator : kme_dml, regularization : True, sample_splits : 1, reg_lambda : 0.001, reg_lambda_tilde : 0.001, kernel : linear, density : conditional_kernel, bandwidth : 0.3, bandwidth_mode : heuristic, epsilon : 0.1, normalized : True, random_seed : 37, 
bias_direct: 0.058035330374006516
rmse_direct: 0.0746476046244846
bias_indirect: 0.05465088901459024
rmse_indirect: 0.07579222452938769
bias_total: 0.11064997876500612
rmse_total: 0.118200119248194
bias_mr: 0.05532208657844196
rmse_mr: 0.0710210891808133
coverage: 1.0
