Experiment: expname : nonparametric_experiment, data : uniform, n_samples : 500, mediator_dimension : 1, covariate_dimension : 1, alpha : 0.0, beta : 0.0, stochasticity : 1, gamma : 0.3, noise : uniform, 
Running with estimator : ipw, regularization : True, sample_splits : 1, reg_lambda : 0.001, reg_lambda_tilde : 0.001, kernel : gauss, density : conditional_kernel, bandwidth : 0.3, bandwidth_mode : heuristic, epsilon : 0.1, normalized : True, random_seed : 37, 
bias_direct: 0.1444214483844967
rmse_direct: 0.17126157204506756
bias_indirect: 0.0075318912008738225
rmse_indirect: 0.012182162693338302
bias_total: 0.14879844924325128
rmse_total: 0.17513750652303267
bias_mr: 0.13883813643097387
rmse_mr: 0.1551016514834622
coverage: 0.0
