Experiment: expname : nonparametric_experiment, data : uniform, n_samples : 5000, mediator_dimension : 1, covariate_dimension : 1, alpha : 0.0, beta : 0.0, stochasticity : 1, gamma : 0.3, noise : uniform, 
Running with estimator : kme_dml, regularization : True, sample_splits : 1, reg_lambda : 0.001, reg_lambda_tilde : 0.001, kernel : gauss, density : conditional_kernel, bandwidth : 0.3, bandwidth_mode : heuristic, epsilon : 0.1, normalized : True, random_seed : 0, 
bias_direct: 0.039292222443436865
rmse_direct: 0.04949600190366102
bias_indirect: 0.011513863005957803
rmse_indirect: 0.015034162253313393
bias_total: 0.045626190513483794
rmse_total: 0.06020010519680591
bias_mr: 0.03576401138343071
rmse_mr: 0.04607654842190112
coverage: 0.8620689655172413
