Experiment: expname : baselines_experiment, data : uniform, n_samples : 1000, mediator_dimension : 1, covariate_dimension : 1, alpha : 0.5, beta : 0.25, stochasticity : 1, gamma : 0.3, noise : uniform, 
Running with estimator : ipw, regularization : True, sample_splits : 1, reg_lambda : 0.001, reg_lambda_tilde : 0.001, kernel : gauss, density : gaussian, bandwidth : 0.3, bandwidth_mode : heuristic, epsilon : 0.3, normalized : True, random_seed : 90, 
bias_direct: 0.062214623687724964
rmse_direct: 0.08984806725533646
bias_indirect: 0.06982758620689661
rmse_indirect: 0.07936276378669078
bias_total: 0.06699387288881781
rmse_total: 0.0877518440348597
bias_mr: 0.12945852960192272
rmse_mr: 0.16744690720605837
coverage: 0.0
