Experiment: expname : nonparametric_experiment, data : uniform, n_samples : 5000, mediator_dimension : 1, covariate_dimension : 1, alpha : 0.0, beta : 0.0, stochasticity : 1, gamma : 0.3, noise : uniform, 
Running with estimator : kme_dml, regularization : True, sample_splits : 1, reg_lambda : 0.001, reg_lambda_tilde : 0.001, kernel : gauss, density : gaussian, bandwidth : 0.3, bandwidth_mode : heuristic, epsilon : 0.1, normalized : True, random_seed : 75, 
bias_direct: 0.03760026874076906
rmse_direct: 0.04489461781385926
bias_indirect: 0.011775062377762624
rmse_indirect: 0.013086878084548392
bias_total: 0.04910499226387712
rmse_total: 0.05639253176468729
bias_mr: 0.019966900667078357
rmse_mr: 0.0258128975570227
coverage: 1.0
