Experiment: expname : nonparametric_experiment, data : uniform, n_samples : 5000, mediator_dimension : 1, covariate_dimension : 1, alpha : 0.0, beta : 0.0, stochasticity : 1, gamma : 0.3, noise : uniform, 
Running with estimator : kme_dml, regularization : True, sample_splits : 1, reg_lambda : 0.001, reg_lambda_tilde : 0.001, kernel : gauss, density : conditional_kernel, bandwidth : 0.3, bandwidth_mode : heuristic, epsilon : 0.1, normalized : True, random_seed : 25, 
bias_direct: 0.02931952099447389
rmse_direct: 0.03361215966524277
bias_indirect: 0.011268532039316216
rmse_indirect: 0.01526698662418022
bias_total: 0.019849764108238
rmse_total: 0.02377793261745763
bias_mr: 0.01711632699338302
rmse_mr: 0.02158362256880042
coverage: 1.0
