Experiment: expname : nonparametric_experiment, data : uniform, n_samples : 1000, mediator_dimension : 1, covariate_dimension : 1, alpha : 0.0, beta : 0.0, stochasticity : 1, gamma : 0.3, noise : uniform, 
Running with estimator : kme_dml, regularization : True, sample_splits : 1, reg_lambda : 0.001, reg_lambda_tilde : 0.001, kernel : linear, density : gaussian, bandwidth : 0.3, bandwidth_mode : heuristic, epsilon : 0.1, normalized : True, random_seed : 83, 
bias_direct: 0.08207500720427109
rmse_direct: 0.09151773953497963
bias_indirect: 0.014547746482388012
rmse_indirect: 0.017427772295028277
bias_total: 0.0787433143003223
rmse_total: 0.09113440695067214
bias_mr: 0.048448271628651604
rmse_mr: 0.06425969200110696
coverage: 0.9655172413793104
