Experiment: expname : nonparametric_experiment, data : uniform, n_samples : 1000, mediator_dimension : 1, covariate_dimension : 1, alpha : 0.0, beta : 0.0, stochasticity : 1, gamma : 0.3, noise : uniform, 
Running with estimator : kme_dml, regularization : True, sample_splits : 1, reg_lambda : 0.001, reg_lambda_tilde : 0.001, kernel : linear, density : gaussian, bandwidth : 0.3, bandwidth_mode : heuristic, epsilon : 0.1, normalized : True, random_seed : 7, 
bias_direct: 0.06287591056968689
rmse_direct: 0.06953407797861401
bias_indirect: 0.03733111658884483
rmse_indirect: 0.044280419646354374
bias_total: 0.07105518170354848
rmse_total: 0.08665095616389738
bias_mr: 0.09086386612382627
rmse_mr: 0.1123920897839822
coverage: 0.7586206896551724
