Experiment: expname : baselines_experiment, data : uniform, n_samples : 5000, mediator_dimension : 1, covariate_dimension : 1, alpha : 0.5, beta : 0.25, stochasticity : 1, gamma : 0.3, noise : uniform, 
Running with estimator : kme_g_computation, regularization : True, sample_splits : 1, reg_lambda : 0.001, reg_lambda_tilde : 0.001, kernel : gauss, density : gaussian, bandwidth : 0.3, bandwidth_mode : heuristic, epsilon : 0.3, normalized : True, random_seed : 25, 
bias_direct: 0.3615918693480654
rmse_direct: 0.47118224727250824
bias_indirect: 0.40893414918954146
rmse_indirect: 0.5340238869696141
bias_total: 0.050550352316244045
rmse_total: 0.06918634696003495
bias_mr: 0.39078662981915735
rmse_mr: 0.5138209865757292
coverage: 0.0
