Experiment: expname : nonparametric_experiment, data : uniform, n_samples : 1000, mediator_dimension : 1, covariate_dimension : 1, alpha : 0.0, beta : 0.0, stochasticity : 1, gamma : 0.3, noise : uniform, 
Running with estimator : kme_dml, regularization : True, sample_splits : 1, reg_lambda : 0.001, reg_lambda_tilde : 0.001, kernel : linear, density : conditional_kernel, bandwidth : 0.3, bandwidth_mode : heuristic, epsilon : 0.1, normalized : True, random_seed : 19, 
bias_direct: 0.09916239566156305
rmse_direct: 0.11280584432734955
bias_indirect: 0.018481430656456067
rmse_indirect: 0.02457358522816653
bias_total: 0.11472544778107145
rmse_total: 0.13131892889568542
bias_mr: 0.07155989322979567
rmse_mr: 0.09053723893501359
coverage: 0.8275862068965517
