Experiment: expname : nonparametric_experiment, data : uniform, n_samples : 500, mediator_dimension : 1, covariate_dimension : 1, alpha : 0.0, beta : 0.0, stochasticity : 1, gamma : 0.3, noise : uniform, 
Running with estimator : kme_g_computation, regularization : True, sample_splits : 1, reg_lambda : 0.001, reg_lambda_tilde : 0.001, kernel : linear, density : gaussian, bandwidth : 0.3, bandwidth_mode : heuristic, epsilon : 0.1, normalized : True, random_seed : 56, 
bias_direct: 0.14939023869207038
rmse_direct: 0.16963194035863727
bias_indirect: 0.155354896831961
rmse_indirect: 0.17656898216503947
bias_total: 0.006435505198912739
rmse_total: 0.009796955401084228
bias_mr: 0.15202387921678964
rmse_mr: 0.1755257636690333
coverage: 0.0
