Experiment: expname : nonparametric_experiment, data : uniform, n_samples : 500, mediator_dimension : 1, covariate_dimension : 1, alpha : 0.0, beta : 0.0, stochasticity : 1, gamma : 0.3, noise : uniform, 
Running with estimator : ipw, regularization : True, sample_splits : 1, reg_lambda : 0.001, reg_lambda_tilde : 0.001, kernel : gauss, density : gaussian, bandwidth : 0.3, bandwidth_mode : heuristic, epsilon : 0.1, normalized : True, random_seed : 68, 
bias_direct: 0.12259320698466278
rmse_direct: 0.16549250785931896
bias_indirect: 0.06982758620689661
rmse_indirect: 0.0793627637866908
bias_total: 0.1356447964823711
rmse_total: 0.19940892812119979
bias_mr: 0.08859676705279308
rmse_mr: 0.11723443976724246
coverage: 0.0
