Experiment: expname : nonparametric_experiment, data : uniform, n_samples : 5000, mediator_dimension : 1, covariate_dimension : 1, alpha : 0.0, beta : 0.0, stochasticity : 1, gamma : 0.3, noise : uniform, 
Running with estimator : kme_dml, regularization : True, sample_splits : 1, reg_lambda : 0.001, reg_lambda_tilde : 0.001, kernel : gauss, density : gaussian, bandwidth : 0.3, bandwidth_mode : heuristic, epsilon : 0.1, normalized : True, random_seed : 18, 
bias_direct: 0.02763725027279147
rmse_direct: 0.03411800475952284
bias_indirect: 0.0052098659253704115
rmse_indirect: 0.006097315358635471
bias_total: 0.026143846790430716
rmse_total: 0.03455323991365106
bias_mr: 0.026845467410697457
rmse_mr: 0.034113964462941945
coverage: 1.0
