Experiment: expname : nonparametric_experiment, data : uniform, n_samples : 1000, mediator_dimension : 1, covariate_dimension : 1, alpha : 0.0, beta : 0.0, stochasticity : 1, gamma : 0.3, noise : uniform, 
Running with estimator : kme_g_computation, regularization : True, sample_splits : 1, reg_lambda : 0.001, reg_lambda_tilde : 0.001, kernel : gauss, density : gaussian, bandwidth : 0.3, bandwidth_mode : heuristic, epsilon : 0.1, normalized : True, random_seed : 87, 
bias_direct: 0.16445409418751097
rmse_direct: 0.1965698974658303
bias_indirect: 0.2066533491239033
rmse_indirect: 0.23150398320272264
bias_total: 0.04544896655470036
rmse_total: 0.050278960353679375
bias_mr: 0.1617945756564011
rmse_mr: 0.19576126743868044
coverage: 0.0
