Experiment: expname : baselines_experiment, data : uniform, n_samples : 5000, mediator_dimension : 1, covariate_dimension : 1, alpha : 0.5, beta : 0.25, stochasticity : 1, gamma : 0.3, noise : uniform, 
Running with estimator : ipw, regularization : True, sample_splits : 1, reg_lambda : 0.001, reg_lambda_tilde : 0.001, kernel : gauss, density : gaussian, bandwidth : 0.3, bandwidth_mode : heuristic, epsilon : 0.3, normalized : True, random_seed : 10, 
bias_direct: 0.1068883428574057
rmse_direct: 0.13889321174236752
bias_indirect: 0.06982758620689662
rmse_indirect: 0.0793627637866908
bias_total: 0.061982033290814295
rmse_total: 0.07437399225525272
bias_mr: 0.10665735458698675
rmse_mr: 0.18080384848064845
coverage: 0.0
