Experiment: expname : nonparametric_experiment, data : uniform, n_samples : 500, mediator_dimension : 1, covariate_dimension : 1, alpha : 0.0, beta : 0.0, stochasticity : 1, gamma : 0.3, noise : uniform, 
Running with estimator : kme_g_computation, regularization : True, sample_splits : 1, reg_lambda : 0.001, reg_lambda_tilde : 0.001, kernel : gauss, density : conditional_kernel, bandwidth : 0.3, bandwidth_mode : heuristic, epsilon : 0.1, normalized : True, random_seed : 43, 
bias_direct: 0.17237445697110054
rmse_direct: 0.19743956875448915
bias_indirect: 0.12690471326960176
rmse_indirect: 0.20678803661372158
bias_total: 0.13090901440309444
rmse_total: 0.16855005235345508
bias_mr: 0.27591047188416473
rmse_mr: 0.3280897824683123
coverage: 0.0
