Experiment: expname : nonparametric_experiment, data : uniform, n_samples : 500, mediator_dimension : 1, covariate_dimension : 1, alpha : 0.0, beta : 0.0, stochasticity : 1, gamma : 0.3, noise : uniform, 
Running with estimator : kme_dml, regularization : True, sample_splits : 1, reg_lambda : 0.001, reg_lambda_tilde : 0.001, kernel : gauss, density : gaussian, bandwidth : 0.3, bandwidth_mode : heuristic, epsilon : 0.1, normalized : True, random_seed : 60, 
bias_direct: 0.11996665147209479
rmse_direct: 0.15446108942485134
bias_indirect: 0.0500607302674111
rmse_indirect: 0.05986171993722685
bias_total: 0.09474705964675981
rmse_total: 0.11112508355638183
bias_mr: 0.09054151608615432
rmse_mr: 0.10762852147399599
coverage: 1.0
