Experiment: expname : nonparametric_experiment, data : uniform, n_samples : 5000, mediator_dimension : 1, covariate_dimension : 1, alpha : 0.0, beta : 0.0, stochasticity : 1, gamma : 0.3, noise : uniform, 
Running with estimator : kme_dml, regularization : True, sample_splits : 1, reg_lambda : 0.001, reg_lambda_tilde : 0.001, kernel : linear, density : gaussian, bandwidth : 0.3, bandwidth_mode : heuristic, epsilon : 0.1, normalized : True, random_seed : 35, 
bias_direct: 0.03474618926124514
rmse_direct: 0.042989653083000186
bias_indirect: 0.01037652072183635
rmse_indirect: 0.012737308172139474
bias_total: 0.043247336532003265
rmse_total: 0.05043344212494733
bias_mr: 0.02995546406728604
rmse_mr: 0.035537390550025
coverage: 1.0
