Experiment: expname : nonparametric_experiment, data : uniform, n_samples : 5000, mediator_dimension : 1, covariate_dimension : 1, alpha : 0.0, beta : 0.0, stochasticity : 1, gamma : 0.3, noise : uniform, 
Running with estimator : kme_g_computation, regularization : True, sample_splits : 1, reg_lambda : 0.001, reg_lambda_tilde : 0.001, kernel : gauss, density : gaussian, bandwidth : 0.3, bandwidth_mode : heuristic, epsilon : 0.1, normalized : True, random_seed : 58, 
bias_direct: 0.1618083230755534
rmse_direct: 0.1841121072284601
bias_indirect: 0.16244193559037615
rmse_indirect: 0.18594401062961932
bias_total: 0.014913803044540815
rmse_total: 0.01898348764401573
bias_mr: 0.16816015044126448
rmse_mr: 0.19214177618409578
coverage: 0.0
