Experiment: expname : baselines_experiment, data : uniform, n_samples : 500, mediator_dimension : 1, covariate_dimension : 1, alpha : 0.5, beta : 0.25, stochasticity : 1, gamma : 0.3, noise : uniform, 
Running with estimator : kme_g_computation, regularization : True, sample_splits : 1, reg_lambda : 0.001, reg_lambda_tilde : 0.001, kernel : gauss, density : gaussian, bandwidth : 0.3, bandwidth_mode : heuristic, epsilon : 0.3, normalized : True, random_seed : 26, 
bias_direct: 0.38740798083046346
rmse_direct: 0.5132576020365734
bias_indirect: 0.5116614945952985
rmse_indirect: 0.6216444281535463
bias_total: 0.13358646814587158
rmse_total: 0.15589956415684877
bias_mr: 0.39043371751908945
rmse_mr: 0.5127296911631665
coverage: 0.0
