Experiment: expname : nonparametric_experiment, data : uniform, n_samples : 1000, mediator_dimension : 1, covariate_dimension : 1, alpha : 0.0, beta : 0.0, stochasticity : 1, gamma : 0.3, noise : uniform, 
Running with estimator : kme_dml, regularization : True, sample_splits : 1, reg_lambda : 0.001, reg_lambda_tilde : 0.001, kernel : linear, density : conditional_kernel, bandwidth : 0.3, bandwidth_mode : heuristic, epsilon : 0.1, normalized : True, random_seed : 1, 
bias_direct: 0.04450695069405258
rmse_direct: 0.058709083612348736
bias_indirect: 0.024068769413111247
rmse_indirect: 0.02742626036921012
bias_total: 0.051257283316988554
rmse_total: 0.07259843210786963
bias_mr: 0.07891766766133108
rmse_mr: 0.08811840105479524
coverage: 1.0
