Experiment: expname : baselines_experiment, data : uniform, n_samples : 500, mediator_dimension : 1, covariate_dimension : 1, alpha : 0.5, beta : 0.25, stochasticity : 1, gamma : 0.3, noise : uniform, 
Running with estimator : kme_g_computation, regularization : True, sample_splits : 1, reg_lambda : 0.001, reg_lambda_tilde : 0.001, kernel : gauss, density : gaussian, bandwidth : 0.3, bandwidth_mode : heuristic, epsilon : 0.3, normalized : True, random_seed : 21, 
bias_direct: 0.369844617281381
rmse_direct: 0.48334086186405706
bias_indirect: 0.4624143049129141
rmse_indirect: 0.5936521793930939
bias_total: 0.09256968763153291
rmse_total: 0.128854593958788
bias_mr: 0.37557149974063136
rmse_mr: 0.4872026161997141
coverage: 0.0
