Experiment: expname : nonparametric_experiment, data : uniform, n_samples : 500, mediator_dimension : 1, covariate_dimension : 1, alpha : 0.0, beta : 0.0, stochasticity : 1, gamma : 0.3, noise : uniform, 
Running with estimator : kme_dml, regularization : True, sample_splits : 1, reg_lambda : 0.001, reg_lambda_tilde : 0.001, kernel : linear, density : gaussian, bandwidth : 0.3, bandwidth_mode : heuristic, epsilon : 0.1, normalized : True, random_seed : 42, 
bias_direct: 0.12637385070425006
rmse_direct: 0.14233504118623105
bias_indirect: 0.04130288355043738
rmse_indirect: 0.04786931766690566
bias_total: 0.15752556465071593
rmse_total: 0.18076333566693664
bias_mr: 0.08033148035439187
rmse_mr: 0.11234888426192502
coverage: 0.8275862068965517
