Experiment: expname : nonparametric_experiment, data : uniform, n_samples : 1000, mediator_dimension : 1, covariate_dimension : 1, alpha : 0.0, beta : 0.0, stochasticity : 1, gamma : 0.3, noise : uniform, 
Running with estimator : kme_dml, regularization : True, sample_splits : 1, reg_lambda : 0.001, reg_lambda_tilde : 0.001, kernel : linear, density : gaussian, bandwidth : 0.3, bandwidth_mode : heuristic, epsilon : 0.1, normalized : True, random_seed : 88, 
bias_direct: 0.02542789893109754
rmse_direct: 0.033148696795901204
bias_indirect: 0.013611026011208898
rmse_indirect: 0.016026288550549262
bias_total: 0.02674654300543747
rmse_total: 0.03614830356480737
bias_mr: 0.08370673335060051
rmse_mr: 0.08783869532614468
coverage: 1.0
