Experiment: expname : nonparametric_experiment, data : uniform, n_samples : 1000, mediator_dimension : 1, covariate_dimension : 1, alpha : 0.0, beta : 0.0, stochasticity : 1, gamma : 0.3, noise : uniform, 
Running with estimator : kme_dml, regularization : True, sample_splits : 1, reg_lambda : 0.001, reg_lambda_tilde : 0.001, kernel : linear, density : gaussian, bandwidth : 0.3, bandwidth_mode : heuristic, epsilon : 0.1, normalized : True, random_seed : 11, 
bias_direct: 0.09228973992635021
rmse_direct: 0.11030522369218079
bias_indirect: 0.01685952057675132
rmse_indirect: 0.01996580415009796
bias_total: 0.0973720140392711
rmse_total: 0.11414377168423273
bias_mr: 0.06821857244543726
rmse_mr: 0.08339519204706254
coverage: 0.9310344827586207
