Experiment: expname : nonparametric_experiment, data : uniform, n_samples : 5000, mediator_dimension : 1, covariate_dimension : 1, alpha : 0.0, beta : 0.0, stochasticity : 1, gamma : 0.3, noise : uniform, 
Running with estimator : kme_dml, regularization : True, sample_splits : 1, reg_lambda : 0.001, reg_lambda_tilde : 0.001, kernel : linear, density : conditional_kernel, bandwidth : 0.3, bandwidth_mode : heuristic, epsilon : 0.1, normalized : True, random_seed : 62, 
bias_direct: 0.01832634563660556
rmse_direct: 0.0244735053655195
bias_indirect: 0.005482000882609006
rmse_indirect: 0.0067359952821688515
bias_total: 0.02067331853874627
rmse_total: 0.02825576255533526
bias_mr: 0.018840138213689232
rmse_mr: 0.021550207253530917
coverage: 1.0
