Experiment: expname : nonparametric_experiment, data : uniform, n_samples : 5000, mediator_dimension : 1, covariate_dimension : 1, alpha : 0.0, beta : 0.0, stochasticity : 1, gamma : 0.3, noise : uniform, 
Running with estimator : kme_dml, regularization : True, sample_splits : 1, reg_lambda : 0.001, reg_lambda_tilde : 0.001, kernel : linear, density : gaussian, bandwidth : 0.3, bandwidth_mode : heuristic, epsilon : 0.1, normalized : True, random_seed : 72, 
bias_direct: 0.03108539171437864
rmse_direct: 0.03633788500778588
bias_indirect: 0.007634343073339272
rmse_indirect: 0.009236132702434223
bias_total: 0.023469377245913654
rmse_total: 0.02839553039222781
bias_mr: 0.016741032444278915
rmse_mr: 0.022318839595197006
coverage: 1.0
