Experiment: expname : baselines_experiment, data : uniform, n_samples : 1000, mediator_dimension : 1, covariate_dimension : 1, alpha : 0.5, beta : 0.25, stochasticity : 1, gamma : 0.3, noise : uniform, 
Running with estimator : kme_g_computation, regularization : True, sample_splits : 1, reg_lambda : 0.001, reg_lambda_tilde : 0.001, kernel : gauss, density : gaussian, bandwidth : 0.3, bandwidth_mode : heuristic, epsilon : 0.3, normalized : True, random_seed : 49, 
bias_direct: 0.36410267267302815
rmse_direct: 0.4745520888340728
bias_indirect: 0.3723424810133853
rmse_indirect: 0.49640783276906586
bias_total: 0.026212290038376485
rmse_total: 0.03166651252496553
bias_mr: 0.39123890752910384
rmse_mr: 0.5147314802979783
coverage: 0.0
