Experiment: expname : nonparametric_experiment, data : uniform, n_samples : 1000, mediator_dimension : 1, covariate_dimension : 1, alpha : 0.0, beta : 0.0, stochasticity : 1, gamma : 0.3, noise : uniform, 
Running with estimator : ipw, regularization : True, sample_splits : 1, reg_lambda : 0.001, reg_lambda_tilde : 0.001, kernel : gauss, density : conditional_kernel, bandwidth : 0.3, bandwidth_mode : heuristic, epsilon : 0.1, normalized : True, random_seed : 57, 
bias_direct: 0.15161577849764046
rmse_direct: 0.17924135977737893
bias_indirect: 0.033117455220084316
rmse_indirect: 0.038882103007694936
bias_total: 0.1660681137020591
rmse_total: 0.19219685921880447
bias_mr: 0.08097642231331588
rmse_mr: 0.10324168678196835
coverage: 0.0
