Experiment: expname : baselines_experiment, data : uniform, n_samples : 5000, mediator_dimension : 1, covariate_dimension : 1, alpha : 0.5, beta : 0.25, stochasticity : 1, gamma : 0.3, noise : uniform, 
Running with estimator : kme_g_computation, regularization : True, sample_splits : 1, reg_lambda : 0.001, reg_lambda_tilde : 0.001, kernel : gauss, density : gaussian, bandwidth : 0.3, bandwidth_mode : heuristic, epsilon : 0.3, normalized : True, random_seed : 17, 
bias_direct: 0.3698665377144071
rmse_direct: 0.4805862024470155
bias_indirect: 0.38213838488825613
rmse_indirect: 0.5087045802888915
bias_total: 0.029351479951418364
rmse_total: 0.03474233188507789
bias_mr: 0.38692786039474464
rmse_mr: 0.5061612256782688
coverage: 0.0
