Experiment: expname : baselines_experiment, data : uniform, n_samples : 1000, mediator_dimension : 1, covariate_dimension : 1, alpha : 0.5, beta : 0.25, stochasticity : 1, gamma : 0.3, noise : uniform, 
Running with estimator : linear, regularization : True, sample_splits : 1, reg_lambda : 0.001, reg_lambda_tilde : 0.001, kernel : gauss, density : gaussian, bandwidth : 0.3, bandwidth_mode : heuristic, epsilon : 0.3, normalized : True, random_seed : 82, 
bias_direct: 0.27724700608696684
rmse_direct: 0.31848200781276437
bias_indirect: 0.005062786194894523
rmse_indirect: 0.0057541256502469385
bias_total: 0.27339928857884693
rmse_total: 0.3137696494646655
bias_mr: 0.25755055884580014
rmse_mr: 0.2762729977512917
coverage: 0.0
