Experiment: expname : nonparametric_experiment, data : uniform, n_samples : 1000, mediator_dimension : 1, covariate_dimension : 1, alpha : 0.0, beta : 0.0, stochasticity : 1, gamma : 0.3, noise : uniform, 
Running with estimator : kme_dml, regularization : True, sample_splits : 1, reg_lambda : 0.001, reg_lambda_tilde : 0.001, kernel : linear, density : gaussian, bandwidth : 0.3, bandwidth_mode : heuristic, epsilon : 0.1, normalized : True, random_seed : 36, 
bias_direct: 0.02967076250580112
rmse_direct: 0.03665847097220798
bias_indirect: 0.05643739294156251
rmse_indirect: 0.07039903366286744
bias_total: 0.06489848316149202
rmse_total: 0.07401528503136952
bias_mr: 0.10750490908569318
rmse_mr: 0.11250236537674557
coverage: 0.896551724137931
