Experiment: expname : baselines_experiment, data : uniform, n_samples : 500, mediator_dimension : 1, covariate_dimension : 1, alpha : 0.5, beta : 0.25, stochasticity : 1, gamma : 0.3, noise : uniform, 
Running with estimator : ipw, regularization : True, sample_splits : 1, reg_lambda : 0.001, reg_lambda_tilde : 0.001, kernel : gauss, density : gaussian, bandwidth : 0.3, bandwidth_mode : heuristic, epsilon : 0.3, normalized : True, random_seed : 68, 
bias_direct: 0.12021803150605814
rmse_direct: 0.16099838720273826
bias_indirect: 0.0698275862068966
rmse_indirect: 0.07936276378669077
bias_total: 0.1228951790836098
rmse_total: 0.179939054048332
bias_mr: 0.14415061276543223
rmse_mr: 0.16664201473681609
coverage: 0.0
