Experiment: expname : nonparametric_experiment, data : uniform, n_samples : 1000, mediator_dimension : 1, covariate_dimension : 1, alpha : 0.0, beta : 0.0, stochasticity : 1, gamma : 0.3, noise : uniform, 
Running with estimator : kme_g_computation, regularization : True, sample_splits : 1, reg_lambda : 0.001, reg_lambda_tilde : 0.001, kernel : linear, density : conditional_kernel, bandwidth : 0.3, bandwidth_mode : heuristic, epsilon : 0.1, normalized : True, random_seed : 57, 
bias_direct: 0.15611491325357052
rmse_direct: 0.1773662186580378
bias_indirect: 0.12414193685019922
rmse_indirect: 0.14109393452208702
bias_total: 0.03197297640337129
rmse_total: 0.03630456661649715
bias_mr: 0.157461513245877
rmse_mr: 0.1808111995889405
coverage: 0.0
