Experiment: expname : baselines_experiment, data : uniform, n_samples : 500, mediator_dimension : 1, covariate_dimension : 1, alpha : 0.5, beta : 0.25, stochasticity : 1, gamma : 0.3, noise : uniform, 
Running with estimator : linear, regularization : True, sample_splits : 1, reg_lambda : 0.001, reg_lambda_tilde : 0.001, kernel : gauss, density : gaussian, bandwidth : 0.3, bandwidth_mode : heuristic, epsilon : 0.3, normalized : True, random_seed : 22, 
bias_direct: 0.31481873585166703
rmse_direct: 0.36003024762110164
bias_indirect: 0.0017504103938314724
rmse_indirect: 0.001989434465109652
bias_total: 0.3163513173964885
rmse_total: 0.36175008134044717
bias_mr: 0.30061798753493085
rmse_mr: 0.3199910789707659
coverage: 0.0
