Experiment: expname : baselines_experiment, data : uniform, n_samples : 1000, mediator_dimension : 1, covariate_dimension : 1, alpha : 0.5, beta : 0.25, stochasticity : 1, gamma : 0.3, noise : uniform, 
Running with estimator : kme_g_computation, regularization : True, sample_splits : 1, reg_lambda : 0.001, reg_lambda_tilde : 0.001, kernel : gauss, density : gaussian, bandwidth : 0.3, bandwidth_mode : heuristic, epsilon : 0.3, normalized : True, random_seed : 31, 
bias_direct: 0.4015315276752562
rmse_direct: 0.5268809147573348
bias_indirect: 0.5538928513215101
rmse_indirect: 0.6867773506425993
bias_total: 0.152361323646254
rmse_total: 0.17223666312054806
bias_mr: 0.3794812799063525
rmse_mr: 0.4952414611322501
coverage: 0.0
