Experiment: expname : baselines_experiment, data : uniform, n_samples : 1000, mediator_dimension : 1, covariate_dimension : 1, alpha : 0.5, beta : 0.25, stochasticity : 1, gamma : 0.3, noise : uniform, 
Running with estimator : linear, regularization : True, sample_splits : 1, reg_lambda : 0.001, reg_lambda_tilde : 0.001, kernel : gauss, density : gaussian, bandwidth : 0.3, bandwidth_mode : heuristic, epsilon : 0.3, normalized : True, random_seed : 0, 
bias_direct: 0.2792393669207314
rmse_direct: 0.3209354335112952
bias_indirect: 0.00030519990869218576
rmse_indirect: 0.00034687592077850196
bias_total: 0.2794713188513375
rmse_total: 0.3212216411514674
bias_mr: 0.25976140100141754
rmse_mr: 0.2782580917851935
coverage: 0.0
