Experiment: expname : nonparametric_experiment, data : uniform, n_samples : 500, mediator_dimension : 1, covariate_dimension : 1, alpha : 0.0, beta : 0.0, stochasticity : 1, gamma : 0.3, noise : uniform, 
Running with estimator : kme_dml, regularization : True, sample_splits : 1, reg_lambda : 0.001, reg_lambda_tilde : 0.001, kernel : gauss, density : conditional_kernel, bandwidth : 0.3, bandwidth_mode : heuristic, epsilon : 0.1, normalized : True, random_seed : 14, 
bias_direct: 0.08263401014187499
rmse_direct: 0.0924556337568761
bias_indirect: 0.04253531523640985
rmse_indirect: 0.05136817866854253
bias_total: 0.08729286627607319
rmse_total: 0.10647006447709106
bias_mr: 0.06665734582043234
rmse_mr: 0.07493539639761397
coverage: 1.0
