Experiment: expname : baselines_experiment, data : uniform, n_samples : 500, mediator_dimension : 1, covariate_dimension : 1, alpha : 0.5, beta : 0.25, stochasticity : 1, gamma : 0.3, noise : uniform, 
Running with estimator : kme_g_computation, regularization : True, sample_splits : 1, reg_lambda : 0.001, reg_lambda_tilde : 0.001, kernel : gauss, density : gaussian, bandwidth : 0.3, bandwidth_mode : heuristic, epsilon : 0.3, normalized : True, random_seed : 16, 
bias_direct: 0.3857339301964214
rmse_direct: 0.508911124861414
bias_indirect: 0.4207035302377551
rmse_indirect: 0.559125474122714
bias_total: 0.06741674852814072
rmse_total: 0.09780401698032509
bias_mr: 0.39728438526263293
rmse_mr: 0.519140937692684
coverage: 0.0
