Experiment: expname : nonparametric_experiment, data : uniform, n_samples : 5000, mediator_dimension : 1, covariate_dimension : 1, alpha : 0.0, beta : 0.0, stochasticity : 1, gamma : 0.3, noise : uniform, 
Running with estimator : kme_g_computation, regularization : True, sample_splits : 1, reg_lambda : 0.001, reg_lambda_tilde : 0.001, kernel : linear, density : gaussian, bandwidth : 0.3, bandwidth_mode : heuristic, epsilon : 0.1, normalized : True, random_seed : 19, 
bias_direct: 0.16017772369482253
rmse_direct: 0.18210594778248462
bias_indirect: 0.157077537669905
rmse_indirect: 0.1785269668829368
bias_total: 0.0031001860249175337
rmse_total: 0.0037703327930213018
bias_mr: 0.16007802853908268
rmse_mr: 0.18193266805204808
coverage: 0.0
