Experiment: expname : baselines_experiment, data : uniform, n_samples : 5000, mediator_dimension : 1, covariate_dimension : 1, alpha : 0.5, beta : 0.25, stochasticity : 1, gamma : 0.3, noise : uniform, 
Running with estimator : linear, regularization : True, sample_splits : 1, reg_lambda : 0.001, reg_lambda_tilde : 0.001, kernel : gauss, density : gaussian, bandwidth : 0.3, bandwidth_mode : heuristic, epsilon : 0.3, normalized : True, random_seed : 4, 
bias_direct: 0.3033216463873064
rmse_direct: 0.34722028920025755
bias_indirect: 0.0098954301119086
rmse_indirect: 0.011246682367226743
bias_total: 0.3119856451963998
rmse_total: 0.3568583856652369
bias_mr: 0.28704009929073904
rmse_mr: 0.3060449197763672
coverage: 0.0
