Experiment: expname : baselines_experiment, data : uniform, n_samples : 1000, mediator_dimension : 1, covariate_dimension : 1, alpha : 0.5, beta : 0.25, stochasticity : 1, gamma : 0.3, noise : uniform, 
Running with estimator : ipw, regularization : True, sample_splits : 1, reg_lambda : 0.001, reg_lambda_tilde : 0.001, kernel : gauss, density : gaussian, bandwidth : 0.3, bandwidth_mode : heuristic, epsilon : 0.3, normalized : True, random_seed : 2, 
bias_direct: 0.27636587156952014
rmse_direct: 0.31811881856725177
bias_indirect: 0.06982758620689661
rmse_indirect: 0.07936276378669077
bias_total: 0.2815135142359437
rmse_total: 0.31359876367189343
bias_mr: 0.19959689689443938
rmse_mr: 0.23372318928200933
coverage: 0.0
