Experiment: expname : nonparametric_experiment, data : uniform, n_samples : 1000, mediator_dimension : 1, covariate_dimension : 1, alpha : 0.0, beta : 0.0, stochasticity : 1, gamma : 0.3, noise : uniform, 
Running with estimator : kme_dml, regularization : True, sample_splits : 1, reg_lambda : 0.001, reg_lambda_tilde : 0.001, kernel : gauss, density : gaussian, bandwidth : 0.3, bandwidth_mode : heuristic, epsilon : 0.1, normalized : True, random_seed : 45, 
bias_direct: 0.04146023943896897
rmse_direct: 0.06070868586321556
bias_indirect: 0.024006220881834964
rmse_indirect: 0.03426369161147518
bias_total: 0.05476504413535688
rmse_total: 0.0775047433210226
bias_mr: 0.05497956415929494
rmse_mr: 0.07383848200204625
coverage: 0.896551724137931
