Experiment: expname : nonparametric_experiment, data : uniform, n_samples : 500, mediator_dimension : 1, covariate_dimension : 1, alpha : 0.0, beta : 0.0, stochasticity : 1, gamma : 0.3, noise : uniform, 
Running with estimator : ipw, regularization : True, sample_splits : 1, reg_lambda : 0.001, reg_lambda_tilde : 0.001, kernel : gauss, density : gaussian, bandwidth : 0.3, bandwidth_mode : heuristic, epsilon : 0.1, normalized : True, random_seed : 97, 
bias_direct: 0.0730185477037324
rmse_direct: 0.0910323334687407
bias_indirect: 0.0698275862068966
rmse_indirect: 0.07936276378669078
bias_total: 0.09967990984725496
rmse_total: 0.13474913526175064
bias_mr: 0.08249292587799259
rmse_mr: 0.10927099047166565
coverage: 0.0
