Experiment: expname : nonparametric_experiment, data : uniform, n_samples : 500, mediator_dimension : 1, covariate_dimension : 1, alpha : 0.0, beta : 0.0, stochasticity : 1, gamma : 0.3, noise : uniform, 
Running with estimator : ipw, regularization : True, sample_splits : 1, reg_lambda : 0.001, reg_lambda_tilde : 0.001, kernel : gauss, density : gaussian, bandwidth : 0.3, bandwidth_mode : heuristic, epsilon : 0.1, normalized : True, random_seed : 19, 
bias_direct: 0.25740570557699843
rmse_direct: 0.2800934542568721
bias_indirect: 0.06982758620689661
rmse_indirect: 0.07936276378669077
bias_total: 0.252129843508033
rmse_total: 0.2741576482934107
bias_mr: 0.1246885924904362
rmse_mr: 0.13846122416381004
coverage: 0.0
