Experiment: expname : baselines_experiment, data : uniform, n_samples : 1000, mediator_dimension : 1, covariate_dimension : 1, alpha : 0.5, beta : 0.25, stochasticity : 1, gamma : 0.3, noise : uniform, 
Running with estimator : ipw, regularization : True, sample_splits : 1, reg_lambda : 0.001, reg_lambda_tilde : 0.001, kernel : gauss, density : gaussian, bandwidth : 0.3, bandwidth_mode : heuristic, epsilon : 0.3, normalized : True, random_seed : 96, 
bias_direct: 0.2322780416927941
rmse_direct: 0.292618427703898
bias_indirect: 0.06982758620689661
rmse_indirect: 0.07936276378669078
bias_total: 0.2276228692790012
rmse_total: 0.2576897825668979
bias_mr: 0.175817346844737
rmse_mr: 0.2193801716954954
coverage: 0.0
