Experiment: expname : nonparametric_experiment, data : uniform, n_samples : 500, mediator_dimension : 1, covariate_dimension : 1, alpha : 0.0, beta : 0.0, stochasticity : 1, gamma : 0.3, noise : uniform, 
Running with estimator : kme_g_computation, regularization : True, sample_splits : 1, reg_lambda : 0.001, reg_lambda_tilde : 0.001, kernel : linear, density : conditional_kernel, bandwidth : 0.3, bandwidth_mode : heuristic, epsilon : 0.1, normalized : True, random_seed : 79, 
bias_direct: 0.17233007218756333
rmse_direct: 0.1961181981204646
bias_indirect: 0.17683878872059514
rmse_indirect: 0.20098667393311498
bias_total: 0.004576717501067617
rmse_total: 0.006786273171631322
bias_mr: 0.17237086132474982
rmse_mr: 0.19649096004286587
coverage: 0.0
