Experiment: expname : nonparametric_experiment, data : uniform, n_samples : 1000, mediator_dimension : 1, covariate_dimension : 1, alpha : 0.0, beta : 0.0, stochasticity : 1, gamma : 0.3, noise : uniform, 
Running with estimator : kme_dml, regularization : True, sample_splits : 1, reg_lambda : 0.001, reg_lambda_tilde : 0.001, kernel : linear, density : conditional_kernel, bandwidth : 0.3, bandwidth_mode : heuristic, epsilon : 0.1, normalized : True, random_seed : 42, 
bias_direct: 0.08816818053580129
rmse_direct: 0.10195972897807855
bias_indirect: 0.01926783847500117
rmse_indirect: 0.022614787010211253
bias_total: 0.09803348259659236
rmse_total: 0.10890778394828357
bias_mr: 0.043567067595754266
rmse_mr: 0.05549899913714626
coverage: 1.0
