Experiment: expname : nonparametric_experiment, data : uniform, n_samples : 5000, mediator_dimension : 1, covariate_dimension : 1, alpha : 0.0, beta : 0.0, stochasticity : 1, gamma : 0.3, noise : uniform, 
Running with estimator : kme_dml, regularization : True, sample_splits : 1, reg_lambda : 0.001, reg_lambda_tilde : 0.001, kernel : linear, density : conditional_kernel, bandwidth : 0.3, bandwidth_mode : heuristic, epsilon : 0.1, normalized : True, random_seed : 11, 
bias_direct: 0.03125687481772846
rmse_direct: 0.03967685703671214
bias_indirect: 0.017241362744286514
rmse_indirect: 0.02016899653649162
bias_total: 0.01628817000223025
rmse_total: 0.02222026979390821
bias_mr: 0.04936294674884818
rmse_mr: 0.054129385619853136
coverage: 0.8620689655172413
