Experiment: expname : baselines_experiment, data : uniform, n_samples : 5000, mediator_dimension : 1, covariate_dimension : 1, alpha : 0.5, beta : 0.25, stochasticity : 1, gamma : 0.3, noise : uniform, 
Running with estimator : linear, regularization : True, sample_splits : 1, reg_lambda : 0.001, reg_lambda_tilde : 0.001, kernel : gauss, density : gaussian, bandwidth : 0.3, bandwidth_mode : heuristic, epsilon : 0.3, normalized : True, random_seed : 12, 
bias_direct: 0.3124562453048324
rmse_direct: 0.35738458720167543
bias_indirect: 0.0025164629254497664
rmse_indirect: 0.0028600938909543717
bias_total: 0.3102529422101053
rmse_total: 0.3549233020948452
bias_mr: 0.29771025211861946
rmse_mr: 0.3169381719378567
coverage: 0.0
