Experiment: expname : nonparametric_experiment, data : uniform, n_samples : 5000, mediator_dimension : 1, covariate_dimension : 1, alpha : 0.0, beta : 0.0, stochasticity : 1, gamma : 0.3, noise : uniform, 
Running with estimator : ipw, regularization : True, sample_splits : 1, reg_lambda : 0.001, reg_lambda_tilde : 0.001, kernel : gauss, density : conditional_kernel, bandwidth : 0.3, bandwidth_mode : heuristic, epsilon : 0.1, normalized : True, random_seed : 36, 
bias_direct: 0.055280960964131216
rmse_direct: 0.07145146569636149
bias_indirect: 0.03603950411037031
rmse_indirect: 0.040126120888797315
bias_total: 0.058118726990123964
rmse_total: 0.06945100449394448
bias_mr: 0.0468947553809936
rmse_mr: 0.05346555707159653
coverage: 0.0
