Experiment: expname : nonparametric_experiment, data : uniform, n_samples : 500, mediator_dimension : 1, covariate_dimension : 1, alpha : 0.0, beta : 0.0, stochasticity : 1, gamma : 0.3, noise : uniform, 
Running with estimator : kme_g_computation, regularization : True, sample_splits : 1, reg_lambda : 0.001, reg_lambda_tilde : 0.001, kernel : gauss, density : conditional_kernel, bandwidth : 0.3, bandwidth_mode : heuristic, epsilon : 0.1, normalized : True, random_seed : 57, 
bias_direct: 0.19254333869100212
rmse_direct: 0.2180801899690227
bias_indirect: 0.2643366687067534
rmse_indirect: 0.29654416891948204
bias_total: 0.07179333001575125
rmse_total: 0.07965307733968822
bias_mr: 0.18504204540960548
rmse_mr: 0.2075088585489574
coverage: 0.0
