Experiment: expname : baselines_experiment, data : uniform, n_samples : 500, mediator_dimension : 1, covariate_dimension : 1, alpha : 0.5, beta : 0.25, stochasticity : 1, gamma : 0.3, noise : uniform, 
Running with estimator : kme_g_computation, regularization : True, sample_splits : 1, reg_lambda : 0.001, reg_lambda_tilde : 0.001, kernel : gauss, density : gaussian, bandwidth : 0.3, bandwidth_mode : heuristic, epsilon : 0.3, normalized : True, random_seed : 56, 
bias_direct: 0.3375033289527981
rmse_direct: 0.4266211670098501
bias_indirect: 0.30160952496434734
rmse_indirect: 0.44645304045628564
bias_total: 0.12836180844821782
rmse_total: 0.1492198099841369
bias_mr: 0.4053228123936982
rmse_mr: 0.5130382489522953
coverage: 0.0
