Experiment: expname : nonparametric_experiment, data : uniform, n_samples : 500, mediator_dimension : 1, covariate_dimension : 1, alpha : 0.0, beta : 0.0, stochasticity : 1, gamma : 0.3, noise : uniform, 
Running with estimator : ipw, regularization : True, sample_splits : 1, reg_lambda : 0.001, reg_lambda_tilde : 0.001, kernel : linear, density : gaussian, bandwidth : 0.3, bandwidth_mode : heuristic, epsilon : 0.1, normalized : True, random_seed : 23, 
bias_direct: 0.1463098822050424
rmse_direct: 0.19157948013082923
bias_indirect: 0.06982758620689661
rmse_indirect: 0.07936276378669077
bias_total: 0.1057187573772118
rmse_total: 0.1464882367843527
bias_mr: 0.15633970216585796
rmse_mr: 0.20686623120639863
coverage: 0.0
