Experiment: expname : baselines_experiment, data : uniform, n_samples : 1000, mediator_dimension : 1, covariate_dimension : 1, alpha : 0.5, beta : 0.25, stochasticity : 1, gamma : 0.3, noise : uniform, 
Running with estimator : kme_g_computation, regularization : True, sample_splits : 1, reg_lambda : 0.001, reg_lambda_tilde : 0.001, kernel : gauss, density : gaussian, bandwidth : 0.3, bandwidth_mode : heuristic, epsilon : 0.3, normalized : True, random_seed : 22, 
bias_direct: 0.3859982802465604
rmse_direct: 0.49901903939204206
bias_indirect: 0.4168151576296944
rmse_indirect: 0.538118062958569
bias_total: 0.055460613477056026
rmse_total: 0.08206824651643635
bias_mr: 0.42572941492673155
rmse_mr: 0.5390089448956535
coverage: 0.0
