Experiment: expname : nonparametric_experiment, data : uniform, n_samples : 1000, mediator_dimension : 1, covariate_dimension : 1, alpha : 0.0, beta : 0.0, stochasticity : 1, gamma : 0.3, noise : uniform, 
Running with estimator : kme_g_computation, regularization : True, sample_splits : 1, reg_lambda : 0.001, reg_lambda_tilde : 0.001, kernel : gauss, density : conditional_kernel, bandwidth : 0.3, bandwidth_mode : heuristic, epsilon : 0.1, normalized : True, random_seed : 15, 
bias_direct: 0.17573271722700282
rmse_direct: 0.1973825168451634
bias_indirect: 0.18934470419590893
rmse_indirect: 0.24398710639007984
bias_total: 0.07821192139665706
rmse_total: 0.09712681872900117
bias_mr: 0.21256889654636021
rmse_mr: 0.26915998849009254
coverage: 0.0
