Experiment: expname : baselines_experiment, data : uniform, n_samples : 5000, mediator_dimension : 1, covariate_dimension : 1, alpha : 0.5, beta : 0.25, stochasticity : 1, gamma : 0.3, noise : uniform, 
Running with estimator : kme_dml, regularization : True, sample_splits : 1, reg_lambda : 0.001, reg_lambda_tilde : 0.001, kernel : gauss, density : gaussian, bandwidth : 0.3, bandwidth_mode : heuristic, epsilon : 0.3, normalized : True, random_seed : 82, 
bias_direct: 0.033387173317537204
rmse_direct: 0.03722019861694426
bias_indirect: 0.010012375277295624
rmse_indirect: 0.014475498359910088
bias_total: 0.026794282978498795
rmse_total: 0.03312812184554038
bias_mr: 0.04858661470817814
rmse_mr: 0.05902645418828885
coverage: 0.9655172413793104
