Experiment: expname : nonparametric_experiment, data : uniform, n_samples : 500, mediator_dimension : 1, covariate_dimension : 1, alpha : 0.0, beta : 0.0, stochasticity : 1, gamma : 0.3, noise : uniform, 
Running with estimator : ipw, regularization : True, sample_splits : 1, reg_lambda : 0.001, reg_lambda_tilde : 0.001, kernel : linear, density : conditional_kernel, bandwidth : 0.3, bandwidth_mode : heuristic, epsilon : 0.1, normalized : True, random_seed : 88, 
bias_direct: 0.20885581375377033
rmse_direct: 0.24277724563758885
bias_indirect: 0.025059954658326986
rmse_indirect: 0.026321649495102514
bias_total: 0.21151442853001068
rmse_total: 0.25207814662137756
bias_mr: 0.09726313865077356
rmse_mr: 0.1343556731454308
coverage: 0.0
