Experiment: expname : nonparametric_experiment, data : uniform, n_samples : 5000, mediator_dimension : 1, covariate_dimension : 1, alpha : 0.0, beta : 0.0, stochasticity : 1, gamma : 0.3, noise : uniform, 
Running with estimator : kme_dml, regularization : True, sample_splits : 1, reg_lambda : 0.001, reg_lambda_tilde : 0.001, kernel : gauss, density : gaussian, bandwidth : 0.3, bandwidth_mode : heuristic, epsilon : 0.1, normalized : True, random_seed : 90, 
bias_direct: 0.030331243810697264
rmse_direct: 0.03919412603071235
bias_indirect: 0.013413014613467915
rmse_indirect: 0.016343940682757692
bias_total: 0.029561083842703926
rmse_total: 0.038373936541316225
bias_mr: 0.030193984996420467
rmse_mr: 0.037522508169687815
coverage: 1.0
