Experiment: expname : nonparametric_experiment, data : uniform, n_samples : 5000, mediator_dimension : 1, covariate_dimension : 1, alpha : 0.0, beta : 0.0, stochasticity : 1, gamma : 0.3, noise : uniform, 
Running with estimator : kme_dml, regularization : True, sample_splits : 1, reg_lambda : 0.001, reg_lambda_tilde : 0.001, kernel : linear, density : conditional_kernel, bandwidth : 0.3, bandwidth_mode : heuristic, epsilon : 0.1, normalized : True, random_seed : 50, 
bias_direct: 0.020604860988166177
rmse_direct: 0.02382921032241604
bias_indirect: 0.00973493955964857
rmse_indirect: 0.01266561369991302
bias_total: 0.02712035739911202
rmse_total: 0.03005386480552174
bias_mr: 0.02179490681391638
rmse_mr: 0.026047221793373744
coverage: 1.0
