Experiment: expname : nonparametric_experiment, data : uniform, n_samples : 1000, mediator_dimension : 1, covariate_dimension : 1, alpha : 0.0, beta : 0.0, stochasticity : 1, gamma : 0.3, noise : uniform, 
Running with estimator : kme_dml, regularization : True, sample_splits : 1, reg_lambda : 0.001, reg_lambda_tilde : 0.001, kernel : linear, density : conditional_kernel, bandwidth : 0.3, bandwidth_mode : heuristic, epsilon : 0.1, normalized : True, random_seed : 75, 
bias_direct: 0.07097447185428894
rmse_direct: 0.08098151330555475
bias_indirect: 0.018642350383789613
rmse_indirect: 0.022375226341774516
bias_total: 0.06775012259984811
rmse_total: 0.0853105681238992
bias_mr: 0.04454282275249906
rmse_mr: 0.060291199950374616
coverage: 1.0
