Experiment: expname : nonparametric_experiment, data : uniform, n_samples : 1000, mediator_dimension : 1, covariate_dimension : 1, alpha : 0.0, beta : 0.0, stochasticity : 1, gamma : 0.3, noise : uniform, 
Running with estimator : kme_dml, regularization : True, sample_splits : 1, reg_lambda : 0.001, reg_lambda_tilde : 0.001, kernel : gauss, density : gaussian, bandwidth : 0.3, bandwidth_mode : heuristic, epsilon : 0.1, normalized : True, random_seed : 0, 
bias_direct: 0.042201250133996115
rmse_direct: 0.05518580517265902
bias_indirect: 0.04676683533256097
rmse_indirect: 0.05980708777996823
bias_total: 0.05624736904425346
rmse_total: 0.0719310187193103
bias_mr: 0.07607706801567211
rmse_mr: 0.08224843387481583
coverage: 1.0
