Experiment: expname : nonparametric_experiment, data : uniform, n_samples : 5000, mediator_dimension : 1, covariate_dimension : 1, alpha : 0.0, beta : 0.0, stochasticity : 1, gamma : 0.3, noise : uniform, 
Running with estimator : ipw, regularization : True, sample_splits : 1, reg_lambda : 0.001, reg_lambda_tilde : 0.001, kernel : gauss, density : conditional_kernel, bandwidth : 0.3, bandwidth_mode : heuristic, epsilon : 0.1, normalized : True, random_seed : 63, 
bias_direct: 0.054098793708384475
rmse_direct: 0.06325354377419144
bias_indirect: 0.01577136000519267
rmse_indirect: 0.017859704924492376
bias_total: 0.04925213409338159
rmse_total: 0.05695651809604015
bias_mr: 0.050086899256473846
rmse_mr: 0.0619507063899618
coverage: 0.0
