Experiment: expname : nonparametric_experiment, data : uniform, n_samples : 1000, mediator_dimension : 1, covariate_dimension : 1, alpha : 0.0, beta : 0.0, stochasticity : 1, gamma : 0.3, noise : uniform, 
Running with estimator : kme_dml, regularization : True, sample_splits : 1, reg_lambda : 0.001, reg_lambda_tilde : 0.001, kernel : linear, density : gaussian, bandwidth : 0.3, bandwidth_mode : heuristic, epsilon : 0.1, normalized : True, random_seed : 82, 
bias_direct: 0.0731820435895144
rmse_direct: 0.08367187919452075
bias_indirect: 0.02629677837777246
rmse_indirect: 0.031877790079927186
bias_total: 0.09854566686060401
rmse_total: 0.11345454884799366
bias_mr: 0.09811761601133384
rmse_mr: 0.10625050389828097
coverage: 0.8620689655172413
