Experiment: expname : baselines_experiment, data : uniform, n_samples : 5000, mediator_dimension : 1, covariate_dimension : 1, alpha : 0.5, beta : 0.25, stochasticity : 1, gamma : 0.3, noise : uniform, 
Running with estimator : ipw, regularization : True, sample_splits : 1, reg_lambda : 0.001, reg_lambda_tilde : 0.001, kernel : gauss, density : gaussian, bandwidth : 0.3, bandwidth_mode : heuristic, epsilon : 0.3, normalized : True, random_seed : 88, 
bias_direct: 0.07383224110445172
rmse_direct: 0.1036244676258329
bias_indirect: 0.0698275862068966
rmse_indirect: 0.07936276378669078
bias_total: 0.05168753392321691
rmse_total: 0.06485397839090534
bias_mr: 0.14616539343970766
rmse_mr: 0.20130605444358277
coverage: 0.0
