Experiment: expname : nonparametric_experiment, data : uniform, n_samples : 500, mediator_dimension : 1, covariate_dimension : 1, alpha : 0.0, beta : 0.0, stochasticity : 1, gamma : 0.3, noise : uniform, 
Running with estimator : kme_dml, regularization : True, sample_splits : 1, reg_lambda : 0.001, reg_lambda_tilde : 0.001, kernel : linear, density : gaussian, bandwidth : 0.3, bandwidth_mode : heuristic, epsilon : 0.1, normalized : True, random_seed : 46, 
bias_direct: 0.07161074414260157
rmse_direct: 0.08756991263430017
bias_indirect: 0.02067539176281471
rmse_indirect: 0.026453165475631056
bias_total: 0.06785366377754691
rmse_total: 0.09049013778833832
bias_mr: 0.0840295330591385
rmse_mr: 0.0952083079230085
coverage: 1.0
