Experiment: expname : baselines_experiment, data : uniform, n_samples : 1000, mediator_dimension : 1, covariate_dimension : 1, alpha : 0.5, beta : 0.25, stochasticity : 1, gamma : 0.3, noise : uniform, 
Running with estimator : kme_g_computation, regularization : True, sample_splits : 1, reg_lambda : 0.001, reg_lambda_tilde : 0.001, kernel : gauss, density : gaussian, bandwidth : 0.3, bandwidth_mode : heuristic, epsilon : 0.3, normalized : True, random_seed : 63, 
bias_direct: 0.36500862244888665
rmse_direct: 0.4697461582373837
bias_indirect: 0.35861245774687867
rmse_indirect: 0.4742161546627167
bias_total: 0.0685583658323864
rmse_total: 0.09076183895401806
bias_mr: 0.40891530559068634
rmse_mr: 0.5295343202871137
coverage: 0.0
