Experiment: expname : baselines_experiment, data : uniform, n_samples : 1000, mediator_dimension : 1, covariate_dimension : 1, alpha : 0.5, beta : 0.25, stochasticity : 1, gamma : 0.3, noise : uniform, 
Running with estimator : kme_g_computation, regularization : True, sample_splits : 1, reg_lambda : 0.001, reg_lambda_tilde : 0.001, kernel : gauss, density : gaussian, bandwidth : 0.3, bandwidth_mode : heuristic, epsilon : 0.3, normalized : True, random_seed : 0, 
bias_direct: 0.36578368530013927
rmse_direct: 0.5008560711776823
bias_indirect: 0.4199012441953044
rmse_indirect: 0.5457380217977453
bias_total: 0.064522024094038
rmse_total: 0.08931971472922651
bias_mr: 0.34691819404578983
rmse_mr: 0.4733503221307075
coverage: 0.0
