Experiment: expname : nonparametric_experiment, data : uniform, n_samples : 5000, mediator_dimension : 1, covariate_dimension : 1, alpha : 0.0, beta : 0.0, stochasticity : 1, gamma : 0.3, noise : uniform, 
Running with estimator : kme_dml, regularization : True, sample_splits : 1, reg_lambda : 0.001, reg_lambda_tilde : 0.001, kernel : linear, density : gaussian, bandwidth : 0.3, bandwidth_mode : heuristic, epsilon : 0.1, normalized : True, random_seed : 49, 
bias_direct: 0.05891887872960897
rmse_direct: 0.06542352709084062
bias_indirect: 0.01695950958808815
rmse_indirect: 0.02210258049290201
bias_total: 0.07300239988223982
rmse_total: 0.08049215835438728
bias_mr: 0.04221019265439247
rmse_mr: 0.05477976571155048
coverage: 0.8275862068965517
