Experiment: expname : nonparametric_experiment, data : uniform, n_samples : 500, mediator_dimension : 1, covariate_dimension : 1, alpha : 0.0, beta : 0.0, stochasticity : 1, gamma : 0.3, noise : uniform, 
Running with estimator : kme_dml, regularization : True, sample_splits : 1, reg_lambda : 0.001, reg_lambda_tilde : 0.001, kernel : gauss, density : gaussian, bandwidth : 0.3, bandwidth_mode : heuristic, epsilon : 0.1, normalized : True, random_seed : 68, 
bias_direct: 0.13737273774337527
rmse_direct: 0.18930581097104227
bias_indirect: 0.02458654245298812
rmse_indirect: 0.030592876370519575
bias_total: 0.1317601681440634
rmse_total: 0.191956663974634
bias_mr: 0.13823119125723446
rmse_mr: 0.147632875578122
coverage: 0.896551724137931
