Experiment: expname : nonparametric_experiment, data : uniform, n_samples : 500, mediator_dimension : 1, covariate_dimension : 1, alpha : 0.0, beta : 0.0, stochasticity : 1, gamma : 0.3, noise : uniform, 
Running with estimator : ipw, regularization : True, sample_splits : 1, reg_lambda : 0.001, reg_lambda_tilde : 0.001, kernel : gauss, density : conditional_kernel, bandwidth : 0.3, bandwidth_mode : heuristic, epsilon : 0.1, normalized : True, random_seed : 89, 
bias_direct: 0.2232078168368366
rmse_direct: 0.2651172145752775
bias_indirect: 0.05053492870722328
rmse_indirect: 0.05971898683549184
bias_total: 0.20400684230412122
rmse_total: 0.24586028630408507
bias_mr: 0.17550163300176888
rmse_mr: 0.1982981101590863
coverage: 0.0
