Experiment: expname : nonparametric_experiment, data : uniform, n_samples : 5000, mediator_dimension : 1, covariate_dimension : 1, alpha : 0.0, beta : 0.0, stochasticity : 1, gamma : 0.3, noise : uniform, 
Running with estimator : kme_dml, regularization : True, sample_splits : 1, reg_lambda : 0.001, reg_lambda_tilde : 0.001, kernel : gauss, density : gaussian, bandwidth : 0.3, bandwidth_mode : heuristic, epsilon : 0.1, normalized : True, random_seed : 87, 
bias_direct: 0.059266251506172526
rmse_direct: 0.06565367459929561
bias_indirect: 0.007196766774194822
rmse_indirect: 0.008673882163727071
bias_total: 0.056137044757405365
rmse_total: 0.06139646267530772
bias_mr: 0.04441965469747827
rmse_mr: 0.048294477730278215
coverage: 1.0
