Experiment: expname : nonparametric_experiment, data : uniform, n_samples : 500, mediator_dimension : 1, covariate_dimension : 1, alpha : 0.0, beta : 0.0, stochasticity : 1, gamma : 0.3, noise : uniform, 
Running with estimator : kme_g_computation, regularization : True, sample_splits : 1, reg_lambda : 0.001, reg_lambda_tilde : 0.001, kernel : gauss, density : conditional_kernel, bandwidth : 0.3, bandwidth_mode : heuristic, epsilon : 0.1, normalized : True, random_seed : 34, 
bias_direct: 0.1601197006621299
rmse_direct: 0.18199337146371627
bias_indirect: 0.13218918633821997
rmse_indirect: 0.15652695408928122
bias_total: 0.05556386061644643
rmse_total: 0.07465614132910983
bias_mr: 0.18791137366276606
rmse_mr: 0.22125050480586705
coverage: 0.0
