Experiment: expname : nonparametric_experiment, data : uniform, n_samples : 5000, mediator_dimension : 1, covariate_dimension : 1, alpha : 0.0, beta : 0.0, stochasticity : 1, gamma : 0.3, noise : uniform, 
Running with estimator : kme_g_computation, regularization : True, sample_splits : 1, reg_lambda : 0.001, reg_lambda_tilde : 0.001, kernel : linear, density : conditional_kernel, bandwidth : 0.3, bandwidth_mode : heuristic, epsilon : 0.1, normalized : True, random_seed : 56, 
bias_direct: 0.1653963693006857
rmse_direct: 0.1879058385442318
bias_indirect: 0.1649868946248379
rmse_indirect: 0.18751637782559746
bias_total: 0.001512271064475167
rmse_total: 0.0020511799143222388
bias_mr: 0.1649754100077968
rmse_mr: 0.18842877665884317
coverage: 0.0
