Experiment: expname : baselines_experiment, data : uniform, n_samples : 1000, mediator_dimension : 1, covariate_dimension : 1, alpha : 0.5, beta : 0.25, stochasticity : 1, gamma : 0.3, noise : uniform, 
Running with estimator : linear, regularization : True, sample_splits : 1, reg_lambda : 0.001, reg_lambda_tilde : 0.001, kernel : gauss, density : gaussian, bandwidth : 0.3, bandwidth_mode : heuristic, epsilon : 0.3, normalized : True, random_seed : 17, 
bias_direct: 0.3296966056646971
rmse_direct: 0.3768380875639963
bias_indirect: 0.012932877993824499
rmse_indirect: 0.01469890335697459
bias_total: 0.3183731524878818
rmse_total: 0.36402314865531704
bias_mr: 0.3171026434470499
rmse_mr: 0.33724117539908016
coverage: 0.0
