Experiment: expname : baselines_experiment, data : uniform, n_samples : 1000, mediator_dimension : 1, covariate_dimension : 1, alpha : 0.5, beta : 0.25, stochasticity : 1, gamma : 0.3, noise : uniform, 
Running with estimator : kme_g_computation, regularization : True, sample_splits : 1, reg_lambda : 0.001, reg_lambda_tilde : 0.001, kernel : gauss, density : gaussian, bandwidth : 0.3, bandwidth_mode : heuristic, epsilon : 0.3, normalized : True, random_seed : 10, 
bias_direct: 0.3761674906728684
rmse_direct: 0.5058171015346198
bias_indirect: 0.39773521636487646
rmse_indirect: 0.537837958191322
bias_total: 0.03903510626393829
rmse_total: 0.05452671427151742
bias_mr: 0.35894681216324287
rmse_mr: 0.48184679704081107
coverage: 0.0
