Experiment: expname : nonparametric_experiment, data : uniform, n_samples : 500, mediator_dimension : 1, covariate_dimension : 1, alpha : 0.0, beta : 0.0, stochasticity : 1, gamma : 0.3, noise : uniform, 
Running with estimator : kme_dml, regularization : True, sample_splits : 1, reg_lambda : 0.001, reg_lambda_tilde : 0.001, kernel : gauss, density : conditional_kernel, bandwidth : 0.3, bandwidth_mode : heuristic, epsilon : 0.1, normalized : True, random_seed : 0, 
bias_direct: 0.09979656818680614
rmse_direct: 0.11859178147386028
bias_indirect: 0.03918597254707712
rmse_indirect: 0.048043988427814995
bias_total: 0.06362010095795995
rmse_total: 0.08915911258742312
bias_mr: 0.05541432170236868
rmse_mr: 0.06732628663661816
coverage: 1.0
