Experiment: expname : nonparametric_experiment, data : uniform, n_samples : 1000, mediator_dimension : 1, covariate_dimension : 1, alpha : 0.0, beta : 0.0, stochasticity : 1, gamma : 0.3, noise : uniform, 
Running with estimator : kme_g_computation, regularization : True, sample_splits : 1, reg_lambda : 0.001, reg_lambda_tilde : 0.001, kernel : gauss, density : gaussian, bandwidth : 0.3, bandwidth_mode : heuristic, epsilon : 0.1, normalized : True, random_seed : 13, 
bias_direct: 0.154228121688393
rmse_direct: 0.17429098656553266
bias_indirect: 0.09818282852333456
rmse_indirect: 0.12827509936308817
bias_total: 0.0680196962678627
rmse_total: 0.08952574481902476
bias_mr: 0.16836228413607762
rmse_mr: 0.19415460467226575
coverage: 0.0
