Experiment: expname : nonparametric_experiment, data : uniform, n_samples : 1000, mediator_dimension : 1, covariate_dimension : 1, alpha : 0.0, beta : 0.0, stochasticity : 1, gamma : 0.3, noise : uniform, 
Running with estimator : ipw, regularization : True, sample_splits : 1, reg_lambda : 0.001, reg_lambda_tilde : 0.001, kernel : linear, density : conditional_kernel, bandwidth : 0.3, bandwidth_mode : heuristic, epsilon : 0.1, normalized : True, random_seed : 31, 
bias_direct: 0.10394525118457179
rmse_direct: 0.12921982779710192
bias_indirect: 0.020727098306241944
rmse_indirect: 0.026502963497129384
bias_total: 0.09229425641480041
rmse_total: 0.11636563474901299
bias_mr: 0.1186065838882825
rmse_mr: 0.13512979580267734
coverage: 0.0
