Experiment: expname : nonparametric_experiment, data : uniform, n_samples : 5000, mediator_dimension : 1, covariate_dimension : 1, alpha : 0.0, beta : 0.0, stochasticity : 1, gamma : 0.3, noise : uniform, 
Running with estimator : kme_dml, regularization : True, sample_splits : 1, reg_lambda : 0.001, reg_lambda_tilde : 0.001, kernel : gauss, density : conditional_kernel, bandwidth : 0.3, bandwidth_mode : heuristic, epsilon : 0.1, normalized : True, random_seed : 96, 
bias_direct: 0.04141403542837741
rmse_direct: 0.04817996995074636
bias_indirect: 0.02075020084287882
rmse_indirect: 0.02692462528669761
bias_total: 0.024216215215704398
rmse_total: 0.026004271886112384
bias_mr: 0.03176294578577575
rmse_mr: 0.036297699622264416
coverage: 1.0
