Experiment: expname : nonparametric_experiment, data : uniform, n_samples : 5000, mediator_dimension : 1, covariate_dimension : 1, alpha : 0.0, beta : 0.0, stochasticity : 1, gamma : 0.3, noise : uniform, 
Running with estimator : kme_dml, regularization : True, sample_splits : 1, reg_lambda : 0.001, reg_lambda_tilde : 0.001, kernel : gauss, density : gaussian, bandwidth : 0.3, bandwidth_mode : heuristic, epsilon : 0.1, normalized : True, random_seed : 63, 
bias_direct: 0.028417431941742562
rmse_direct: 0.03303308798304762
bias_indirect: 0.007979499029607177
rmse_indirect: 0.010282180546434799
bias_total: 0.02813604171496297
rmse_total: 0.034904242351522126
bias_mr: 0.030759370770257075
rmse_mr: 0.04040937807177014
coverage: 1.0
