Experiment: expname : nonparametric_experiment, data : uniform, n_samples : 500, mediator_dimension : 1, covariate_dimension : 1, alpha : 0.0, beta : 0.0, stochasticity : 1, gamma : 0.3, noise : uniform, 
Running with estimator : kme_g_computation, regularization : True, sample_splits : 1, reg_lambda : 0.001, reg_lambda_tilde : 0.001, kernel : gauss, density : gaussian, bandwidth : 0.3, bandwidth_mode : heuristic, epsilon : 0.1, normalized : True, random_seed : 85, 
bias_direct: 0.1838024646609355
rmse_direct: 0.20944741419678295
bias_indirect: 0.2546933718432605
rmse_indirect: 0.28400052957719807
bias_total: 0.07089090718232502
rmse_total: 0.08723744147265791
bias_mr: 0.1970578128029735
rmse_mr: 0.22689205986359068
coverage: 0.0
