Experiment: expname : nonparametric_experiment, data : uniform, n_samples : 500, mediator_dimension : 1, covariate_dimension : 1, alpha : 0.0, beta : 0.0, stochasticity : 1, gamma : 0.3, noise : uniform, 
Running with estimator : kme_dml, regularization : True, sample_splits : 1, reg_lambda : 0.001, reg_lambda_tilde : 0.001, kernel : linear, density : conditional_kernel, bandwidth : 0.3, bandwidth_mode : heuristic, epsilon : 0.1, normalized : True, random_seed : 19, 
bias_direct: 0.1002654997305782
rmse_direct: 0.11136038102837352
bias_indirect: 0.024239421607725534
rmse_indirect: 0.02701511424094208
bias_total: 0.09407984010372238
rmse_total: 0.10545422556183978
bias_mr: 0.07884999227227418
rmse_mr: 0.09046903506693875
coverage: 1.0
