Experiment: expname : nonparametric_experiment, data : uniform, n_samples : 1000, mediator_dimension : 1, covariate_dimension : 1, alpha : 0.0, beta : 0.0, stochasticity : 1, gamma : 0.3, noise : uniform, 
Running with estimator : ipw, regularization : True, sample_splits : 1, reg_lambda : 0.001, reg_lambda_tilde : 0.001, kernel : linear, density : conditional_kernel, bandwidth : 0.3, bandwidth_mode : heuristic, epsilon : 0.1, normalized : True, random_seed : 99, 
bias_direct: 0.11592987961484022
rmse_direct: 0.13639357153001755
bias_indirect: 0.030915019410255613
rmse_indirect: 0.03878846701500978
bias_total: 0.10511146880136481
rmse_total: 0.12367519671548688
bias_mr: 0.06556607188503985
rmse_mr: 0.0846336475693648
coverage: 0.0
