Experiment: expname : nonparametric_experiment, data : uniform, n_samples : 500, mediator_dimension : 1, covariate_dimension : 1, alpha : 0.0, beta : 0.0, stochasticity : 1, gamma : 0.3, noise : uniform, 
Running with estimator : kme_dml, regularization : True, sample_splits : 1, reg_lambda : 0.001, reg_lambda_tilde : 0.001, kernel : gauss, density : gaussian, bandwidth : 0.3, bandwidth_mode : heuristic, epsilon : 0.1, normalized : True, random_seed : 62, 
bias_direct: 0.08347857721305525
rmse_direct: 0.09481575683747902
bias_indirect: 0.01573916969302872
rmse_indirect: 0.018970779993989925
bias_total: 0.0921288554543394
rmse_total: 0.10110109303241273
bias_mr: 0.0837975553546269
rmse_mr: 0.09851757988517301
coverage: 1.0
