Experiment: expname : nonparametric_experiment, data : uniform, n_samples : 500, mediator_dimension : 1, covariate_dimension : 1, alpha : 0.0, beta : 0.0, stochasticity : 1, gamma : 0.3, noise : uniform, 
Running with estimator : kme_dml, regularization : True, sample_splits : 1, reg_lambda : 0.001, reg_lambda_tilde : 0.001, kernel : linear, density : gaussian, bandwidth : 0.3, bandwidth_mode : heuristic, epsilon : 0.1, normalized : True, random_seed : 13, 
bias_direct: 0.06778297156674658
rmse_direct: 0.08129954088386088
bias_indirect: 0.05027267307841368
rmse_indirect: 0.0596710671095942
bias_total: 0.11406096525653024
rmse_total: 0.13408592892239368
bias_mr: 0.05766786330197786
rmse_mr: 0.06676575158436236
coverage: 1.0
