Experiment: expname : baselines_experiment, data : uniform, n_samples : 5000, mediator_dimension : 1, covariate_dimension : 1, alpha : 0.5, beta : 0.25, stochasticity : 1, gamma : 0.3, noise : uniform, 
Running with estimator : kme_dml, regularization : True, sample_splits : 1, reg_lambda : 0.001, reg_lambda_tilde : 0.001, kernel : gauss, density : gaussian, bandwidth : 0.3, bandwidth_mode : heuristic, epsilon : 0.3, normalized : True, random_seed : 65, 
bias_direct: 0.0446314109092329
rmse_direct: 0.05094217605585242
bias_indirect: 0.008241689228783839
rmse_indirect: 0.011182834459583802
bias_total: 0.045472779943832115
rmse_total: 0.05229212697906961
bias_mr: 0.0349394380310896
rmse_mr: 0.04361408347380241
coverage: 0.8620689655172413
