Experiment: expname : nonparametric_experiment, data : uniform, n_samples : 500, mediator_dimension : 1, covariate_dimension : 1, alpha : 0.0, beta : 0.0, stochasticity : 1, gamma : 0.3, noise : uniform, 
Running with estimator : kme_g_computation, regularization : True, sample_splits : 1, reg_lambda : 0.001, reg_lambda_tilde : 0.001, kernel : linear, density : gaussian, bandwidth : 0.3, bandwidth_mode : heuristic, epsilon : 0.1, normalized : True, random_seed : 63, 
bias_direct: 0.1633841281047621
rmse_direct: 0.18560409912424675
bias_indirect: 0.12332078432187679
rmse_indirect: 0.14016065242252831
bias_total: 0.04006334378288527
rmse_total: 0.045493594512066804
bias_mr: 0.16515267801939176
rmse_mr: 0.18989592663515092
coverage: 0.0
