Experiment: expname : nonparametric_experiment, data : uniform, n_samples : 500, mediator_dimension : 1, covariate_dimension : 1, alpha : 0.0, beta : 0.0, stochasticity : 1, gamma : 0.3, noise : uniform, 
Running with estimator : kme_dml, regularization : True, sample_splits : 1, reg_lambda : 0.001, reg_lambda_tilde : 0.001, kernel : gauss, density : conditional_kernel, bandwidth : 0.3, bandwidth_mode : heuristic, epsilon : 0.1, normalized : True, random_seed : 77, 
bias_direct: 0.07536048312073208
rmse_direct: 0.09898887551624908
bias_indirect: 0.0613059347919087
rmse_indirect: 0.07561571905488411
bias_total: 0.03900493512424238
rmse_total: 0.05922868918620053
bias_mr: 0.046491876610554324
rmse_mr: 0.05794020791245548
coverage: 1.0
