Experiment: expname : nonparametric_experiment, data : uniform, n_samples : 500, mediator_dimension : 1, covariate_dimension : 1, alpha : 0.0, beta : 0.0, stochasticity : 1, gamma : 0.3, noise : uniform, 
Running with estimator : kme_dml, regularization : True, sample_splits : 1, reg_lambda : 0.001, reg_lambda_tilde : 0.001, kernel : gauss, density : conditional_kernel, bandwidth : 0.3, bandwidth_mode : heuristic, epsilon : 0.1, normalized : True, random_seed : 15, 
bias_direct: 0.1089192714426213
rmse_direct: 0.13703330410303063
bias_indirect: 0.016050310060206654
rmse_indirect: 0.020727832312811265
bias_total: 0.0953914079582283
rmse_total: 0.12040801973809359
bias_mr: 0.0947556963234569
rmse_mr: 0.10463260134610648
coverage: 1.0
