Experiment: expname : nonparametric_experiment, data : uniform, n_samples : 5000, mediator_dimension : 1, covariate_dimension : 1, alpha : 0.0, beta : 0.0, stochasticity : 1, gamma : 0.3, noise : uniform, 
Running with estimator : kme_dml, regularization : True, sample_splits : 1, reg_lambda : 0.001, reg_lambda_tilde : 0.001, kernel : gauss, density : conditional_kernel, bandwidth : 0.3, bandwidth_mode : heuristic, epsilon : 0.1, normalized : True, random_seed : 72, 
bias_direct: 0.03277067656559805
rmse_direct: 0.04056919457239124
bias_indirect: 0.017418121282656275
rmse_indirect: 0.021855024563061685
bias_total: 0.01896395174292397
rmse_total: 0.024735354848424186
bias_mr: 0.023818460537535505
rmse_mr: 0.028222642425147347
coverage: 1.0
