Experiment: expname : nonparametric_experiment, data : uniform, n_samples : 5000, mediator_dimension : 1, covariate_dimension : 1, alpha : 0.0, beta : 0.0, stochasticity : 1, gamma : 0.3, noise : uniform, 
Running with estimator : kme_g_computation, regularization : True, sample_splits : 1, reg_lambda : 0.001, reg_lambda_tilde : 0.001, kernel : gauss, density : gaussian, bandwidth : 0.3, bandwidth_mode : heuristic, epsilon : 0.1, normalized : True, random_seed : 9, 
bias_direct: 0.15632154148043909
rmse_direct: 0.17624263313155186
bias_indirect: 0.14484050732269813
rmse_indirect: 0.17072451833598842
bias_total: 0.022943716012481585
rmse_total: 0.026496651036180763
bias_mr: 0.15893892196739187
rmse_mr: 0.18044521788434012
coverage: 0.0
