Experiment: expname : nonparametric_experiment, data : uniform, n_samples : 1000, mediator_dimension : 1, covariate_dimension : 1, alpha : 0.0, beta : 0.0, stochasticity : 1, gamma : 0.3, noise : uniform, 
Running with estimator : ipw, regularization : True, sample_splits : 1, reg_lambda : 0.001, reg_lambda_tilde : 0.001, kernel : gauss, density : conditional_kernel, bandwidth : 0.3, bandwidth_mode : heuristic, epsilon : 0.1, normalized : True, random_seed : 91, 
bias_direct: 0.0851260911522861
rmse_direct: 0.09639425404508298
bias_indirect: 0.0322394370036472
rmse_indirect: 0.03798225648996628
bias_total: 0.0835258925602178
rmse_total: 0.09632614075740539
bias_mr: 0.07942748383516654
rmse_mr: 0.09438256134607417
coverage: 0.0
