Experiment: expname : nonparametric_experiment, data : uniform, n_samples : 5000, mediator_dimension : 1, covariate_dimension : 1, alpha : 0.0, beta : 0.0, stochasticity : 1, gamma : 0.3, noise : uniform, 
Running with estimator : kme_dml, regularization : True, sample_splits : 1, reg_lambda : 0.001, reg_lambda_tilde : 0.001, kernel : gauss, density : gaussian, bandwidth : 0.3, bandwidth_mode : heuristic, epsilon : 0.1, normalized : True, random_seed : 57, 
bias_direct: 0.03451897177931579
rmse_direct: 0.04145918083423225
bias_indirect: 0.02213525295822585
rmse_indirect: 0.027740082145285446
bias_total: 0.029507135541115014
rmse_total: 0.03331939938628899
bias_mr: 0.02759727514723623
rmse_mr: 0.03220339694613803
coverage: 1.0
