Experiment: expname : baselines_experiment, data : uniform, n_samples : 1000, mediator_dimension : 1, covariate_dimension : 1, alpha : 0.5, beta : 0.25, stochasticity : 1, gamma : 0.3, noise : uniform, 
Running with estimator : kme_g_computation, regularization : True, sample_splits : 1, reg_lambda : 0.001, reg_lambda_tilde : 0.001, kernel : gauss, density : gaussian, bandwidth : 0.3, bandwidth_mode : heuristic, epsilon : 0.3, normalized : True, random_seed : 7, 
bias_direct: 0.30011582401807635
rmse_direct: 0.3983895525067647
bias_indirect: 0.35477764956208496
rmse_indirect: 0.47657734040268307
bias_total: 0.08873380264628543
rmse_total: 0.14160543541506326
bias_mr: 0.3950665855122988
rmse_mr: 0.5057704186409356
coverage: 0.0
