Experiment: expname : baselines_experiment, data : uniform, n_samples : 1000, mediator_dimension : 1, covariate_dimension : 1, alpha : 0.5, beta : 0.25, stochasticity : 1, gamma : 0.3, noise : uniform, 
Running with estimator : linear, regularization : True, sample_splits : 1, reg_lambda : 0.001, reg_lambda_tilde : 0.001, kernel : gauss, density : gaussian, bandwidth : 0.3, bandwidth_mode : heuristic, epsilon : 0.3, normalized : True, random_seed : 74, 
bias_direct: 0.3487704778057752
rmse_direct: 0.3968192126444224
bias_indirect: 0.00011138571341424579
rmse_indirect: 0.0001265957846045904
bias_total: 0.34888186351918943
rmse_total: 0.396931810043896
bias_mr: 0.337137047179611
rmse_mr: 0.35823342472862746
coverage: 0.0
