Experiment: expname : baselines_experiment, data : uniform, n_samples : 500, mediator_dimension : 1, covariate_dimension : 1, alpha : 0.5, beta : 0.25, stochasticity : 1, gamma : 0.3, noise : uniform, 
Running with estimator : kme_g_computation, regularization : True, sample_splits : 1, reg_lambda : 0.001, reg_lambda_tilde : 0.001, kernel : gauss, density : gaussian, bandwidth : 0.3, bandwidth_mode : heuristic, epsilon : 0.3, normalized : True, random_seed : 19, 
bias_direct: 0.3917752821246822
rmse_direct: 0.49955989342908597
bias_indirect: 0.4527909999376105
rmse_indirect: 0.5971565339613688
bias_total: 0.07855897461526785
rmse_total: 0.10983832989448628
bias_mr: 0.4154656476270061
rmse_mr: 0.5286576558696596
coverage: 0.0
