Experiment: expname : nonparametric_experiment, data : uniform, n_samples : 1000, mediator_dimension : 1, covariate_dimension : 1, alpha : 0.0, beta : 0.0, stochasticity : 1, gamma : 0.3, noise : uniform, 
Running with estimator : kme_dml, regularization : True, sample_splits : 1, reg_lambda : 0.001, reg_lambda_tilde : 0.001, kernel : gauss, density : conditional_kernel, bandwidth : 0.3, bandwidth_mode : heuristic, epsilon : 0.1, normalized : True, random_seed : 68, 
bias_direct: 0.05533401678624094
rmse_direct: 0.07758802345851415
bias_indirect: 0.025092934369066504
rmse_indirect: 0.02678200133406259
bias_total: 0.05149672483688016
rmse_total: 0.06843499188995204
bias_mr: 0.048763845032711306
rmse_mr: 0.061631967196668
coverage: 1.0
