Experiment: expname : baselines_experiment, data : uniform, n_samples : 5000, mediator_dimension : 1, covariate_dimension : 1, alpha : 0.5, beta : 0.25, stochasticity : 1, gamma : 0.3, noise : uniform, 
Running with estimator : kme_dml, regularization : True, sample_splits : 1, reg_lambda : 0.001, reg_lambda_tilde : 0.001, kernel : gauss, density : gaussian, bandwidth : 0.3, bandwidth_mode : heuristic, epsilon : 0.3, normalized : True, random_seed : 69, 
bias_direct: 0.04930228105972641
rmse_direct: 0.07029363554597727
bias_indirect: 0.022432372157464416
rmse_indirect: 0.028283286508929962
bias_total: 0.0554411688148253
rmse_total: 0.06630730163271917
bias_mr: 0.04430324491840269
rmse_mr: 0.05127487053906934
coverage: 1.0
