Experiment: expname : nonparametric_experiment, data : uniform, n_samples : 1000, mediator_dimension : 1, covariate_dimension : 1, alpha : 0.0, beta : 0.0, stochasticity : 1, gamma : 0.3, noise : uniform, 
Running with estimator : kme_g_computation, regularization : True, sample_splits : 1, reg_lambda : 0.001, reg_lambda_tilde : 0.001, kernel : gauss, density : conditional_kernel, bandwidth : 0.3, bandwidth_mode : heuristic, epsilon : 0.1, normalized : True, random_seed : 0, 
bias_direct: 0.13003841126476867
rmse_direct: 0.16337778028836075
bias_indirect: 0.1530407036322654
rmse_indirect: 0.17561967612797136
bias_total: 0.02836377806836738
rmse_total: 0.03219347664380893
bias_mr: 0.12445948809070623
rmse_mr: 0.14775435379942628
coverage: 0.0
