Experiment: expname : baselines_experiment, data : uniform, n_samples : 1000, mediator_dimension : 1, covariate_dimension : 1, alpha : 0.5, beta : 0.25, stochasticity : 1, gamma : 0.3, noise : uniform, 
Running with estimator : kme_g_computation, regularization : True, sample_splits : 1, reg_lambda : 0.001, reg_lambda_tilde : 0.001, kernel : gauss, density : gaussian, bandwidth : 0.3, bandwidth_mode : heuristic, epsilon : 0.3, normalized : True, random_seed : 33, 
bias_direct: 0.35605135159256496
rmse_direct: 0.4720177642269559
bias_indirect: 0.44539023430794383
rmse_indirect: 0.5699904043284334
bias_total: 0.08933888271537888
rmse_total: 0.10920412325594821
bias_mr: 0.37863666654891115
rmse_mr: 0.5010562621950995
coverage: 0.0
