Experiment: expname : baselines_experiment, data : uniform, n_samples : 5000, mediator_dimension : 1, covariate_dimension : 1, alpha : 0.5, beta : 0.25, stochasticity : 1, gamma : 0.3, noise : uniform, 
Running with estimator : kme_g_computation, regularization : True, sample_splits : 1, reg_lambda : 0.001, reg_lambda_tilde : 0.001, kernel : gauss, density : gaussian, bandwidth : 0.3, bandwidth_mode : heuristic, epsilon : 0.3, normalized : True, random_seed : 29, 
bias_direct: 0.3920260527604515
rmse_direct: 0.5047814913096464
bias_indirect: 0.4414890556874907
rmse_indirect: 0.5657645025535056
bias_total: 0.049925190558669126
rmse_total: 0.07045397099386563
bias_mr: 0.401246486095984
rmse_mr: 0.5185456638003995
coverage: 0.0
