Experiment: expname : nonparametric_experiment, data : uniform, n_samples : 1000, mediator_dimension : 1, covariate_dimension : 1, alpha : 0.0, beta : 0.0, stochasticity : 1, gamma : 0.3, noise : uniform, 
Running with estimator : ipw, regularization : True, sample_splits : 1, reg_lambda : 0.001, reg_lambda_tilde : 0.001, kernel : gauss, density : conditional_kernel, bandwidth : 0.3, bandwidth_mode : heuristic, epsilon : 0.1, normalized : True, random_seed : 65, 
bias_direct: 0.09557238972462712
rmse_direct: 0.12378711792257344
bias_indirect: 0.034150921547722285
rmse_indirect: 0.04495144668654954
bias_total: 0.0985977723055206
rmse_total: 0.11798803112103093
bias_mr: 0.09537718119693145
rmse_mr: 0.11971207127933259
coverage: 0.0
