Experiment: expname : nonparametric_experiment, data : uniform, n_samples : 5000, mediator_dimension : 1, covariate_dimension : 1, alpha : 0.0, beta : 0.0, stochasticity : 1, gamma : 0.3, noise : uniform, 
Running with estimator : ipw, regularization : True, sample_splits : 1, reg_lambda : 0.001, reg_lambda_tilde : 0.001, kernel : linear, density : conditional_kernel, bandwidth : 0.3, bandwidth_mode : heuristic, epsilon : 0.1, normalized : True, random_seed : 12, 
bias_direct: 0.07662582444007614
rmse_direct: 0.08625227704287382
bias_indirect: 0.03442963263191376
rmse_indirect: 0.0426965145244481
bias_total: 0.09056254659956908
rmse_total: 0.09987920546563647
bias_mr: 0.030355831625967212
rmse_mr: 0.03660171783895711
coverage: 0.0
