Experiment: expname : nonparametric_experiment, data : uniform, n_samples : 500, mediator_dimension : 1, covariate_dimension : 1, alpha : 0.0, beta : 0.0, stochasticity : 1, gamma : 0.3, noise : uniform, 
Running with estimator : kme_dml, regularization : True, sample_splits : 1, reg_lambda : 0.001, reg_lambda_tilde : 0.001, kernel : gauss, density : gaussian, bandwidth : 0.3, bandwidth_mode : heuristic, epsilon : 0.1, normalized : True, random_seed : 78, 
bias_direct: 0.09544141092936961
rmse_direct: 0.11638574709634532
bias_indirect: 0.048473760618454625
rmse_indirect: 0.054892023688885266
bias_total: 0.11643452613672553
rmse_total: 0.14466980207625676
bias_mr: 0.08440649717237765
rmse_mr: 0.10436911375859324
coverage: 1.0
