Experiment: expname : nonparametric_experiment, data : uniform, n_samples : 500, mediator_dimension : 1, covariate_dimension : 1, alpha : 0.0, beta : 0.0, stochasticity : 1, gamma : 0.3, noise : uniform, 
Running with estimator : kme_dml, regularization : True, sample_splits : 1, reg_lambda : 0.001, reg_lambda_tilde : 0.001, kernel : linear, density : conditional_kernel, bandwidth : 0.3, bandwidth_mode : heuristic, epsilon : 0.1, normalized : True, random_seed : 50, 
bias_direct: 0.1166185054078972
rmse_direct: 0.15653059990240334
bias_indirect: 0.004356991448334167
rmse_indirect: 0.005921505473753372
bias_total: 0.11611875058241906
rmse_total: 0.15361652716596938
bias_mr: 0.1123833908229793
rmse_mr: 0.11885768304829
coverage: 1.0
