Experiment: expname : baselines_experiment, data : uniform, n_samples : 1000, mediator_dimension : 1, covariate_dimension : 1, alpha : 0.5, beta : 0.25, stochasticity : 1, gamma : 0.3, noise : uniform, 
Running with estimator : linear, regularization : True, sample_splits : 1, reg_lambda : 0.001, reg_lambda_tilde : 0.001, kernel : gauss, density : gaussian, bandwidth : 0.3, bandwidth_mode : heuristic, epsilon : 0.3, normalized : True, random_seed : 18, 
bias_direct: 0.2744364973609035
rmse_direct: 0.3150365274883719
bias_indirect: 0.0073394977188921415
rmse_indirect: 0.008341729328170065
bias_total: 0.2688584790945454
rmse_total: 0.30825395772967684
bias_mr: 0.2534336693020034
rmse_mr: 0.27193967627170923
coverage: 0.0
