Experiment: expname : baselines_experiment, data : uniform, n_samples : 500, mediator_dimension : 1, covariate_dimension : 1, alpha : 0.5, beta : 0.25, stochasticity : 1, gamma : 0.3, noise : uniform, 
Running with estimator : kme_g_computation, regularization : True, sample_splits : 1, reg_lambda : 0.001, reg_lambda_tilde : 0.001, kernel : gauss, density : gaussian, bandwidth : 0.3, bandwidth_mode : heuristic, epsilon : 0.3, normalized : True, random_seed : 76, 
bias_direct: 0.379278238476272
rmse_direct: 0.4931793381249448
bias_indirect: 0.3322079927583937
rmse_indirect: 0.4552916562410272
bias_total: 0.053925670204820725
rmse_total: 0.06721371077838471
bias_mr: 0.3957338025565667
rmse_mr: 0.5104532891589232
coverage: 0.0
