Experiment: expname : nonparametric_experiment, data : uniform, n_samples : 500, mediator_dimension : 1, covariate_dimension : 1, alpha : 0.0, beta : 0.0, stochasticity : 1, gamma : 0.3, noise : uniform, 
Running with estimator : kme_dml, regularization : True, sample_splits : 1, reg_lambda : 0.001, reg_lambda_tilde : 0.001, kernel : gauss, density : gaussian, bandwidth : 0.3, bandwidth_mode : heuristic, epsilon : 0.1, normalized : True, random_seed : 44, 
bias_direct: 0.047008173177688115
rmse_direct: 0.06092603946175743
bias_indirect: 0.0653813426739025
rmse_indirect: 0.08057161722540573
bias_total: 0.06755866622096912
rmse_total: 0.09349592921362626
bias_mr: 0.08228543550208246
rmse_mr: 0.10154516339793997
coverage: 0.8620689655172413
