Experiment: expname : nonparametric_experiment, data : uniform, n_samples : 500, mediator_dimension : 1, covariate_dimension : 1, alpha : 0.0, beta : 0.0, stochasticity : 1, gamma : 0.3, noise : uniform, 
Running with estimator : kme_g_computation, regularization : True, sample_splits : 1, reg_lambda : 0.001, reg_lambda_tilde : 0.001, kernel : linear, density : gaussian, bandwidth : 0.3, bandwidth_mode : heuristic, epsilon : 0.1, normalized : True, random_seed : 76, 
bias_direct: 0.17159713654309236
rmse_direct: 0.19490177262635025
bias_indirect: 0.11771044071996216
rmse_indirect: 0.1337842881103883
bias_total: 0.05388669582313021
rmse_total: 0.0620442946694295
bias_mr: 0.1902443242237823
rmse_mr: 0.22943077236013235
coverage: 0.0
