Experiment: expname : nonparametric_experiment, data : uniform, n_samples : 5000, mediator_dimension : 1, covariate_dimension : 1, alpha : 0.0, beta : 0.0, stochasticity : 1, gamma : 0.3, noise : uniform, 
Running with estimator : kme_dml, regularization : True, sample_splits : 1, reg_lambda : 0.001, reg_lambda_tilde : 0.001, kernel : gauss, density : conditional_kernel, bandwidth : 0.3, bandwidth_mode : heuristic, epsilon : 0.1, normalized : True, random_seed : 54, 
bias_direct: 0.03158498794205007
rmse_direct: 0.03595801956276704
bias_indirect: 0.009144010016876642
rmse_indirect: 0.011104877654545648
bias_total: 0.03218135168967686
rmse_total: 0.03590103285711933
bias_mr: 0.0359888229349127
rmse_mr: 0.043992400935334124
coverage: 0.9310344827586207
