Experiment: expname : nonparametric_experiment, data : uniform, n_samples : 1000, mediator_dimension : 1, covariate_dimension : 1, alpha : 0.0, beta : 0.0, stochasticity : 1, gamma : 0.3, noise : uniform, 
Running with estimator : kme_dml, regularization : True, sample_splits : 1, reg_lambda : 0.001, reg_lambda_tilde : 0.001, kernel : gauss, density : gaussian, bandwidth : 0.3, bandwidth_mode : heuristic, epsilon : 0.1, normalized : True, random_seed : 65, 
bias_direct: 0.04381751461282252
rmse_direct: 0.05876357431394072
bias_indirect: 0.016487548926012348
rmse_indirect: 0.02174500198622105
bias_total: 0.048468503468325416
rmse_total: 0.062232125750013585
bias_mr: 0.044807727464702844
rmse_mr: 0.05769762579965046
coverage: 0.9655172413793104
