Experiment: expname : nonparametric_experiment, data : uniform, n_samples : 1000, mediator_dimension : 1, covariate_dimension : 1, alpha : 0.0, beta : 0.0, stochasticity : 1, gamma : 0.3, noise : uniform, 
Running with estimator : ipw, regularization : True, sample_splits : 1, reg_lambda : 0.001, reg_lambda_tilde : 0.001, kernel : gauss, density : conditional_kernel, bandwidth : 0.3, bandwidth_mode : heuristic, epsilon : 0.1, normalized : True, random_seed : 35, 
bias_direct: 0.11736093079293336
rmse_direct: 0.14484336564843045
bias_indirect: 0.033251633512597745
rmse_indirect: 0.04248670392483212
bias_total: 0.12022747450371742
rmse_total: 0.13723606770453223
bias_mr: 0.07338030619318209
rmse_mr: 0.0921762026387536
coverage: 0.0
