Experiment: expname : nonparametric_experiment, data : uniform, n_samples : 5000, mediator_dimension : 1, covariate_dimension : 1, alpha : 0.0, beta : 0.0, stochasticity : 1, gamma : 0.3, noise : uniform, 
Running with estimator : kme_dml, regularization : True, sample_splits : 1, reg_lambda : 0.001, reg_lambda_tilde : 0.001, kernel : gauss, density : gaussian, bandwidth : 0.3, bandwidth_mode : heuristic, epsilon : 0.1, normalized : True, random_seed : 76, 
bias_direct: 0.023001538025000854
rmse_direct: 0.034707637137064234
bias_indirect: 0.01624721701822314
rmse_indirect: 0.01880507299472496
bias_total: 0.029480851085464662
rmse_total: 0.04273612030543169
bias_mr: 0.03859490297676587
rmse_mr: 0.04050837326381636
coverage: 1.0
