Experiment: expname : nonparametric_experiment, data : uniform, n_samples : 500, mediator_dimension : 1, covariate_dimension : 1, alpha : 0.0, beta : 0.0, stochasticity : 1, gamma : 0.3, noise : uniform, 
Running with estimator : kme_g_computation, regularization : True, sample_splits : 1, reg_lambda : 0.001, reg_lambda_tilde : 0.001, kernel : linear, density : conditional_kernel, bandwidth : 0.3, bandwidth_mode : heuristic, epsilon : 0.1, normalized : True, random_seed : 77, 
bias_direct: 0.17099650984563575
rmse_direct: 0.19421652825466235
bias_indirect: 0.16139383274483007
rmse_indirect: 0.18343265061975603
bias_total: 0.009602677100805703
rmse_total: 0.011513360884488776
bias_mr: 0.1711881806664812
rmse_mr: 0.19452743367818223
coverage: 0.0
