Experiment: expname : baselines_experiment, data : uniform, n_samples : 5000, mediator_dimension : 1, covariate_dimension : 1, alpha : 0.5, beta : 0.25, stochasticity : 1, gamma : 0.3, noise : uniform, 
Running with estimator : linear, regularization : True, sample_splits : 1, reg_lambda : 0.001, reg_lambda_tilde : 0.001, kernel : gauss, density : gaussian, bandwidth : 0.3, bandwidth_mode : heuristic, epsilon : 0.3, normalized : True, random_seed : 71, 
bias_direct: 0.2972235949034311
rmse_direct: 0.340495796634625
bias_indirect: 0.004699247712647569
rmse_indirect: 0.005340944839321418
bias_total: 0.3013380473451714
rmse_total: 0.3450273714813736
bias_mr: 0.28002339052214364
rmse_mr: 0.2989130798051775
coverage: 0.0
