Experiment: expname : baselines_experiment, data : uniform, n_samples : 1000, mediator_dimension : 1, covariate_dimension : 1, alpha : 0.5, beta : 0.25, stochasticity : 1, gamma : 0.3, noise : uniform, 
Running with estimator : linear, regularization : True, sample_splits : 1, reg_lambda : 0.001, reg_lambda_tilde : 0.001, kernel : gauss, density : gaussian, bandwidth : 0.3, bandwidth_mode : heuristic, epsilon : 0.3, normalized : True, random_seed : 12, 
bias_direct: 0.2678704012211587
rmse_direct: 0.30706051500343706
bias_indirect: 0.0074841268892460126
rmse_indirect: 0.008506108068822077
bias_total: 0.26218246478533175
rmse_total: 0.30023955508151046
bias_mr: 0.24389761782621514
rmse_mr: 0.2638998198072102
coverage: 0.0
