Experiment: expname : nonparametric_experiment, data : uniform, n_samples : 500, mediator_dimension : 1, covariate_dimension : 1, alpha : 0.0, beta : 0.0, stochasticity : 1, gamma : 0.3, noise : uniform, 
Running with estimator : kme_dml, regularization : True, sample_splits : 1, reg_lambda : 0.001, reg_lambda_tilde : 0.001, kernel : linear, density : conditional_kernel, bandwidth : 0.3, bandwidth_mode : heuristic, epsilon : 0.1, normalized : True, random_seed : 64, 
bias_direct: 0.08673584710187704
rmse_direct: 0.11247454124094494
bias_indirect: 0.020738735507657667
rmse_indirect: 0.02592421337638252
bias_total: 0.08235402196535783
rmse_total: 0.11233484034428037
bias_mr: 0.12343072334890158
rmse_mr: 0.1355151181052261
coverage: 0.8275862068965517
