Experiment: expname : baselines_experiment, data : uniform, n_samples : 1000, mediator_dimension : 1, covariate_dimension : 1, alpha : 0.5, beta : 0.25, stochasticity : 1, gamma : 0.3, noise : uniform, 
Running with estimator : linear, regularization : True, sample_splits : 1, reg_lambda : 0.001, reg_lambda_tilde : 0.001, kernel : gauss, density : gaussian, bandwidth : 0.3, bandwidth_mode : heuristic, epsilon : 0.3, normalized : True, random_seed : 77, 
bias_direct: 0.3331574147416308
rmse_direct: 0.3807819037656669
bias_indirect: 0.0008892168735324803
rmse_indirect: 0.001010642247896119
bias_total: 0.3323788559679156
rmse_total: 0.37989362345851985
bias_mr: 0.3216700029366746
rmse_mr: 0.34202014566144107
coverage: 0.0
