Experiment: expname : baselines_experiment, data : uniform, n_samples : 5000, mediator_dimension : 1, covariate_dimension : 1, alpha : 0.5, beta : 0.25, stochasticity : 1, gamma : 0.3, noise : uniform, 
Running with estimator : kme_g_computation, regularization : True, sample_splits : 1, reg_lambda : 0.001, reg_lambda_tilde : 0.001, kernel : gauss, density : gaussian, bandwidth : 0.3, bandwidth_mode : heuristic, epsilon : 0.3, normalized : True, random_seed : 7, 
bias_direct: 0.39568267773691435
rmse_direct: 0.5140253636914802
bias_indirect: 0.4143569307998956
rmse_indirect: 0.5451470422801822
bias_total: 0.05156322174099989
rmse_total: 0.0687750944541847
bias_mr: 0.3998451356460013
rmse_mr: 0.522244494983713
coverage: 0.0
