Experiment: expname : nonparametric_experiment, data : uniform, n_samples : 500, mediator_dimension : 1, covariate_dimension : 1, alpha : 0.0, beta : 0.0, stochasticity : 1, gamma : 0.3, noise : uniform, 
Running with estimator : kme_dml, regularization : True, sample_splits : 1, reg_lambda : 0.001, reg_lambda_tilde : 0.001, kernel : gauss, density : gaussian, bandwidth : 0.3, bandwidth_mode : heuristic, epsilon : 0.1, normalized : True, random_seed : 61, 
bias_direct: 0.05514472718189492
rmse_direct: 0.05910495405616436
bias_indirect: 0.02570996504623487
rmse_indirect: 0.037628826801442576
bias_total: 0.08027627082112049
rmse_total: 0.08937812122982108
bias_mr: 0.07754614808000929
rmse_mr: 0.08317331720287709
coverage: 1.0
