Experiment: expname : nonparametric_experiment, data : uniform, n_samples : 1000, mediator_dimension : 1, covariate_dimension : 1, alpha : 0.0, beta : 0.0, stochasticity : 1, gamma : 0.3, noise : uniform, 
Running with estimator : ipw, regularization : True, sample_splits : 1, reg_lambda : 0.001, reg_lambda_tilde : 0.001, kernel : gauss, density : conditional_kernel, bandwidth : 0.3, bandwidth_mode : heuristic, epsilon : 0.1, normalized : True, random_seed : 4, 
bias_direct: 0.08532835329929102
rmse_direct: 0.09477407099286007
bias_indirect: 0.013499421652480265
rmse_indirect: 0.0215699224608476
bias_total: 0.08912432854837651
rmse_total: 0.1015503019578745
bias_mr: 0.08031044096287805
rmse_mr: 0.093704082908773
coverage: 0.0
