Experiment: expname : nonparametric_experiment, data : uniform, n_samples : 500, mediator_dimension : 1, covariate_dimension : 1, alpha : 0.0, beta : 0.0, stochasticity : 1, gamma : 0.3, noise : uniform, 
Running with estimator : kme_dml, regularization : True, sample_splits : 1, reg_lambda : 0.001, reg_lambda_tilde : 0.001, kernel : linear, density : gaussian, bandwidth : 0.3, bandwidth_mode : heuristic, epsilon : 0.1, normalized : True, random_seed : 4, 
bias_direct: 0.04736609737880482
rmse_direct: 0.061881307556843936
bias_indirect: 0.03750791899467525
rmse_indirect: 0.05062148035626839
bias_total: 0.08051425276467745
rmse_total: 0.09706300698211773
bias_mr: 0.047687263314990236
rmse_mr: 0.05481318630743485
coverage: 1.0
