Experiment: expname : baselines_experiment, data : uniform, n_samples : 1000, mediator_dimension : 1, covariate_dimension : 1, alpha : 0.5, beta : 0.25, stochasticity : 1, gamma : 0.3, noise : uniform, 
Running with estimator : kme_dml, regularization : True, sample_splits : 1, reg_lambda : 0.001, reg_lambda_tilde : 0.001, kernel : gauss, density : gaussian, bandwidth : 0.3, bandwidth_mode : heuristic, epsilon : 0.3, normalized : True, random_seed : 56, 
bias_direct: 0.11525593362357112
rmse_direct: 0.13502298987090877
bias_indirect: 0.03696770936959623
rmse_indirect: 0.0474841179805252
bias_total: 0.09316969467938715
rmse_total: 0.10113403984518896
bias_mr: 0.14382420371964086
rmse_mr: 0.18050744900879878
coverage: 0.6896551724137931
