Experiment: expname : baselines_experiment, data : uniform, n_samples : 500, mediator_dimension : 1, covariate_dimension : 1, alpha : 0.5, beta : 0.25, stochasticity : 1, gamma : 0.3, noise : uniform, 
Running with estimator : kme_g_computation, regularization : True, sample_splits : 1, reg_lambda : 0.001, reg_lambda_tilde : 0.001, kernel : gauss, density : gaussian, bandwidth : 0.3, bandwidth_mode : heuristic, epsilon : 0.3, normalized : True, random_seed : 79, 
bias_direct: 0.3651607083299159
rmse_direct: 0.48775061922020907
bias_indirect: 0.45803322296555155
rmse_indirect: 0.5828190393596888
bias_total: 0.09294755653695992
rmse_total: 0.11149336261798842
bias_mr: 0.3835004590887067
rmse_mr: 0.5083137384514883
coverage: 0.0
