Experiment: expname : nonparametric_experiment, data : uniform, n_samples : 5000, mediator_dimension : 1, covariate_dimension : 1, alpha : 0.0, beta : 0.0, stochasticity : 1, gamma : 0.3, noise : uniform, 
Running with estimator : kme_dml, regularization : True, sample_splits : 1, reg_lambda : 0.001, reg_lambda_tilde : 0.001, kernel : linear, density : gaussian, bandwidth : 0.3, bandwidth_mode : heuristic, epsilon : 0.1, normalized : True, random_seed : 14, 
bias_direct: 0.03141625154957933
rmse_direct: 0.039110616867125934
bias_indirect: 0.0075104086720364765
rmse_indirect: 0.00946970775504018
bias_total: 0.03211200030996451
rmse_total: 0.0389844886186702
bias_mr: 0.03239038516092292
rmse_mr: 0.04122061865254632
coverage: 1.0
