Experiment: expname : nonparametric_experiment, data : uniform, n_samples : 1000, mediator_dimension : 1, covariate_dimension : 1, alpha : 0.0, beta : 0.0, stochasticity : 1, gamma : 0.3, noise : uniform, 
Running with estimator : kme_g_computation, regularization : True, sample_splits : 1, reg_lambda : 0.001, reg_lambda_tilde : 0.001, kernel : linear, density : gaussian, bandwidth : 0.3, bandwidth_mode : heuristic, epsilon : 0.1, normalized : True, random_seed : 92, 
bias_direct: 0.16357225429717792
rmse_direct: 0.18587720832934881
bias_indirect: 0.14121396473639394
rmse_indirect: 0.16049706575235198
bias_total: 0.02235828956078396
rmse_total: 0.025390506692151663
bias_mr: 0.16363346037769363
rmse_mr: 0.18598359946946294
coverage: 0.0
