Experiment: expname : baselines_experiment, data : uniform, n_samples : 1000, mediator_dimension : 1, covariate_dimension : 1, alpha : 0.5, beta : 0.25, stochasticity : 1, gamma : 0.3, noise : uniform, 
Running with estimator : ipw, regularization : True, sample_splits : 1, reg_lambda : 0.001, reg_lambda_tilde : 0.001, kernel : gauss, density : gaussian, bandwidth : 0.3, bandwidth_mode : heuristic, epsilon : 0.3, normalized : True, random_seed : 82, 
bias_direct: 0.18502769660222218
rmse_direct: 0.22684637418323492
bias_indirect: 0.06982758620689662
rmse_indirect: 0.0793627637866908
bias_total: 0.17369170470417614
rmse_total: 0.20502408877672995
bias_mr: 0.1745030377269846
rmse_mr: 0.21857071422455004
coverage: 0.0
