Experiment: expname : nonparametric_experiment, data : uniform, n_samples : 1000, mediator_dimension : 1, covariate_dimension : 1, alpha : 0.0, beta : 0.0, stochasticity : 1, gamma : 0.3, noise : uniform, 
Running with estimator : kme_g_computation, regularization : True, sample_splits : 1, reg_lambda : 0.001, reg_lambda_tilde : 0.001, kernel : gauss, density : conditional_kernel, bandwidth : 0.3, bandwidth_mode : heuristic, epsilon : 0.1, normalized : True, random_seed : 51, 
bias_direct: 0.1709460992295206
rmse_direct: 0.19502383202276655
bias_indirect: 0.22099199312136625
rmse_indirect: 0.2473423898409189
bias_total: 0.05004589389184567
rmse_total: 0.05600544109348654
bias_mr: 0.17172169024897668
rmse_mr: 0.2003518231675476
coverage: 0.0
