Experiment: expname : nonparametric_experiment, data : uniform, n_samples : 5000, mediator_dimension : 1, covariate_dimension : 1, alpha : 0.0, beta : 0.0, stochasticity : 1, gamma : 0.3, noise : uniform, 
Running with estimator : kme_g_computation, regularization : True, sample_splits : 1, reg_lambda : 0.001, reg_lambda_tilde : 0.001, kernel : gauss, density : conditional_kernel, bandwidth : 0.3, bandwidth_mode : heuristic, epsilon : 0.1, normalized : True, random_seed : 35, 
bias_direct: 0.18332447283108705
rmse_direct: 0.20543770144911663
bias_indirect: 0.17177163266759735
rmse_indirect: 0.19813163864046518
bias_total: 0.03195971282213385
rmse_total: 0.0374656558138506
bias_mr: 0.18928482241735228
rmse_mr: 0.21327171550553853
coverage: 0.0
