Experiment: expname : nonparametric_experiment, data : uniform, n_samples : 5000, mediator_dimension : 1, covariate_dimension : 1, alpha : 0.0, beta : 0.0, stochasticity : 1, gamma : 0.3, noise : uniform, 
Running with estimator : kme_dml, regularization : True, sample_splits : 1, reg_lambda : 0.001, reg_lambda_tilde : 0.001, kernel : linear, density : conditional_kernel, bandwidth : 0.3, bandwidth_mode : heuristic, epsilon : 0.1, normalized : True, random_seed : 1, 
bias_direct: 0.02017792051370123
rmse_direct: 0.025256933544292735
bias_indirect: 0.01683198264497224
rmse_indirect: 0.01878345771681293
bias_total: 0.015975416442843456
rmse_total: 0.019401612167149515
bias_mr: 0.01941834726072304
rmse_mr: 0.024910891503438573
coverage: 1.0
