Experiment: expname : baselines_experiment, data : uniform, n_samples : 5000, mediator_dimension : 1, covariate_dimension : 1, alpha : 0.5, beta : 0.25, stochasticity : 1, gamma : 0.3, noise : uniform, 
Running with estimator : ipw, regularization : True, sample_splits : 1, reg_lambda : 0.001, reg_lambda_tilde : 0.001, kernel : gauss, density : gaussian, bandwidth : 0.3, bandwidth_mode : heuristic, epsilon : 0.3, normalized : True, random_seed : 41, 
bias_direct: 0.10161301193954522
rmse_direct: 0.1455197418212448
bias_indirect: 0.06982758620689662
rmse_indirect: 0.07936276378669084
bias_total: 0.09786321565936874
rmse_total: 0.11675999663221245
bias_mr: 0.1492206753278637
rmse_mr: 0.19633665582912563
coverage: 0.0
