Experiment: expname : nonparametric_experiment, data : uniform, n_samples : 1000, mediator_dimension : 1, covariate_dimension : 1, alpha : 0.0, beta : 0.0, stochasticity : 1, gamma : 0.3, noise : uniform, 
Running with estimator : kme_dml, regularization : True, sample_splits : 1, reg_lambda : 0.001, reg_lambda_tilde : 0.001, kernel : linear, density : conditional_kernel, bandwidth : 0.3, bandwidth_mode : heuristic, epsilon : 0.1, normalized : True, random_seed : 17, 
bias_direct: 0.05537141248753275
rmse_direct: 0.06165345541940969
bias_indirect: 0.01744126330655851
rmse_indirect: 0.024450097898205937
bias_total: 0.05315558329875817
rmse_total: 0.05888930417635344
bias_mr: 0.05599949843886682
rmse_mr: 0.06371131499475417
coverage: 1.0
