Experiment: expname : baselines_experiment, data : uniform, n_samples : 5000, mediator_dimension : 1, covariate_dimension : 1, alpha : 0.5, beta : 0.25, stochasticity : 1, gamma : 0.3, noise : uniform, 
Running with estimator : linear, regularization : True, sample_splits : 1, reg_lambda : 0.001, reg_lambda_tilde : 0.001, kernel : gauss, density : gaussian, bandwidth : 0.3, bandwidth_mode : heuristic, epsilon : 0.3, normalized : True, random_seed : 54, 
bias_direct: 0.29848578031856954
rmse_direct: 0.341883457004858
bias_indirect: 0.0010072615102584537
rmse_indirect: 0.0011448062528355283
bias_total: 0.29760386690736546
rmse_total: 0.3409136375143948
bias_mr: 0.28184054325214253
rmse_mr: 0.3006174646459517
coverage: 0.0
