Experiment: expname : baselines_experiment, data : uniform, n_samples : 500, mediator_dimension : 1, covariate_dimension : 1, alpha : 0.5, beta : 0.25, stochasticity : 1, gamma : 0.3, noise : uniform, 
Running with estimator : kme_g_computation, regularization : True, sample_splits : 1, reg_lambda : 0.001, reg_lambda_tilde : 0.001, kernel : gauss, density : gaussian, bandwidth : 0.3, bandwidth_mode : heuristic, epsilon : 0.3, normalized : True, random_seed : 8, 
bias_direct: 0.3751137610976412
rmse_direct: 0.4906055128439481
bias_indirect: 0.4083412171481939
rmse_indirect: 0.5689395172949296
bias_total: 0.12426580437462265
rmse_total: 0.16279776359039355
bias_mr: 0.43160704753979523
rmse_mr: 0.5553303971467425
coverage: 0.0
