Experiment: expname : nonparametric_experiment, data : uniform, n_samples : 500, mediator_dimension : 1, covariate_dimension : 1, alpha : 0.0, beta : 0.0, stochasticity : 1, gamma : 0.3, noise : uniform, 
Running with estimator : kme_dml, regularization : True, sample_splits : 1, reg_lambda : 0.001, reg_lambda_tilde : 0.001, kernel : linear, density : conditional_kernel, bandwidth : 0.3, bandwidth_mode : heuristic, epsilon : 0.1, normalized : True, random_seed : 67, 
bias_direct: 0.06339582881664693
rmse_direct: 0.08619425145568459
bias_indirect: 0.011422729602104048
rmse_indirect: 0.017047553247037654
bias_total: 0.061989231757573544
rmse_total: 0.08739904216719832
bias_mr: 0.0712677728941809
rmse_mr: 0.07957413197030055
coverage: 1.0
