Experiment: expname : baselines_experiment, data : uniform, n_samples : 1000, mediator_dimension : 1, covariate_dimension : 1, alpha : 0.5, beta : 0.25, stochasticity : 1, gamma : 0.3, noise : uniform, 
Running with estimator : ipw, regularization : True, sample_splits : 1, reg_lambda : 0.001, reg_lambda_tilde : 0.001, kernel : gauss, density : gaussian, bandwidth : 0.3, bandwidth_mode : heuristic, epsilon : 0.3, normalized : True, random_seed : 15, 
bias_direct: 0.18720846071738434
rmse_direct: 0.2452796531832756
bias_indirect: 0.06982758620689661
rmse_indirect: 0.07936276378669077
bias_total: 0.18079328789622115
rmse_total: 0.20982925984646753
bias_mr: 0.16595650229970732
rmse_mr: 0.22231808567098796
coverage: 0.0
