Experiment: expname : baselines_experiment, data : uniform, n_samples : 500, mediator_dimension : 1, covariate_dimension : 1, alpha : 0.5, beta : 0.25, stochasticity : 1, gamma : 0.3, noise : uniform, 
Running with estimator : kme_g_computation, regularization : True, sample_splits : 1, reg_lambda : 0.001, reg_lambda_tilde : 0.001, kernel : gauss, density : gaussian, bandwidth : 0.3, bandwidth_mode : heuristic, epsilon : 0.3, normalized : True, random_seed : 62, 
bias_direct: 0.38833326290593095
rmse_direct: 0.5002957754466965
bias_indirect: 0.3067296056299949
rmse_indirect: 0.42642185362183005
bias_total: 0.08160365727593606
rmse_total: 0.08925563883523069
bias_mr: 0.39052343162284475
rmse_mr: 0.5060362561488486
coverage: 0.0
