Experiment: expname : baselines_experiment, data : uniform, n_samples : 1000, mediator_dimension : 1, covariate_dimension : 1, alpha : 0.5, beta : 0.25, stochasticity : 1, gamma : 0.3, noise : uniform, 
Running with estimator : kme_dml, regularization : True, sample_splits : 1, reg_lambda : 0.001, reg_lambda_tilde : 0.001, kernel : gauss, density : gaussian, bandwidth : 0.3, bandwidth_mode : heuristic, epsilon : 0.3, normalized : True, random_seed : 48, 
bias_direct: 0.05182491442299372
rmse_direct: 0.07017130358991173
bias_indirect: 0.03381798051912589
rmse_indirect: 0.03901011975059544
bias_total: 0.06878718280342266
rmse_total: 0.09682298506582647
bias_mr: 0.12739480653180976
rmse_mr: 0.151806882201157
coverage: 0.6551724137931034
