Experiment: expname : nonparametric_experiment, data : uniform, n_samples : 1000, mediator_dimension : 1, covariate_dimension : 1, alpha : 0.0, beta : 0.0, stochasticity : 1, gamma : 0.3, noise : uniform, 
Running with estimator : kme_g_computation, regularization : True, sample_splits : 1, reg_lambda : 0.001, reg_lambda_tilde : 0.001, kernel : linear, density : gaussian, bandwidth : 0.3, bandwidth_mode : heuristic, epsilon : 0.1, normalized : True, random_seed : 80, 
bias_direct: 0.161383473953036
rmse_direct: 0.18328142491993157
bias_indirect: 0.15213540110974752
rmse_indirect: 0.17290998211188477
bias_total: 0.00924807284328847
rmse_total: 0.01128924728203142
bias_mr: 0.16369100318725244
rmse_mr: 0.1886132219636754
coverage: 0.0
