Experiment: expname : nonparametric_experiment, data : uniform, n_samples : 1000, mediator_dimension : 1, covariate_dimension : 1, alpha : 0.0, beta : 0.0, stochasticity : 1, gamma : 0.3, noise : uniform, 
Running with estimator : kme_g_computation, regularization : True, sample_splits : 1, reg_lambda : 0.001, reg_lambda_tilde : 0.001, kernel : linear, density : conditional_kernel, bandwidth : 0.3, bandwidth_mode : heuristic, epsilon : 0.1, normalized : True, random_seed : 46, 
bias_direct: 0.15605599896251623
rmse_direct: 0.17722413239646767
bias_indirect: 0.21381111281282716
rmse_indirect: 0.24300767260316136
bias_total: 0.05775511385031098
rmse_total: 0.06604588852037681
bias_mr: 0.15894519742628088
rmse_mr: 0.18389948640275805
coverage: 0.0
