Experiment: expname : nonparametric_experiment, data : uniform, n_samples : 500, mediator_dimension : 1, covariate_dimension : 1, alpha : 0.0, beta : 0.0, stochasticity : 1, gamma : 0.3, noise : uniform, 
Running with estimator : kme_dml, regularization : True, sample_splits : 1, reg_lambda : 0.001, reg_lambda_tilde : 0.001, kernel : gauss, density : conditional_kernel, bandwidth : 0.3, bandwidth_mode : heuristic, epsilon : 0.1, normalized : True, random_seed : 20, 
bias_direct: 0.021528590779547316
rmse_direct: 0.026346596215441092
bias_indirect: 0.03248865285444849
rmse_indirect: 0.0443889426711668
bias_total: 0.033132249406645095
rmse_total: 0.04265619549313969
bias_mr: 0.09044273086625212
rmse_mr: 0.09233825373660641
coverage: 1.0
