Experiment: expname : nonparametric_experiment, data : uniform, n_samples : 500, mediator_dimension : 1, covariate_dimension : 1, alpha : 0.0, beta : 0.0, stochasticity : 1, gamma : 0.3, noise : uniform, 
Running with estimator : ipw, regularization : True, sample_splits : 1, reg_lambda : 0.001, reg_lambda_tilde : 0.001, kernel : linear, density : gaussian, bandwidth : 0.3, bandwidth_mode : heuristic, epsilon : 0.1, normalized : True, random_seed : 25, 
bias_direct: 0.19449216702119593
rmse_direct: 0.2436935570376131
bias_indirect: 0.06982758620689661
rmse_indirect: 0.0793627637866908
bias_total: 0.17047127991827166
rmse_total: 0.2082091934388792
bias_mr: 0.1762576826306788
rmse_mr: 0.20105772763771754
coverage: 0.0
