Experiment: expname : nonparametric_experiment, data : uniform, n_samples : 5000, mediator_dimension : 1, covariate_dimension : 1, alpha : 0.0, beta : 0.0, stochasticity : 1, gamma : 0.3, noise : uniform, 
Running with estimator : kme_dml, regularization : True, sample_splits : 1, reg_lambda : 0.001, reg_lambda_tilde : 0.001, kernel : gauss, density : conditional_kernel, bandwidth : 0.3, bandwidth_mode : heuristic, epsilon : 0.1, normalized : True, random_seed : 97, 
bias_direct: 0.026227103868068324
rmse_direct: 0.03525613735338653
bias_indirect: 0.018034685632855516
rmse_indirect: 0.021817857979635917
bias_total: 0.04219385423634881
rmse_total: 0.05231277614833544
bias_mr: 0.03326377833889412
rmse_mr: 0.03933343867304692
coverage: 1.0
