Experiment: expname : nonparametric_experiment, data : uniform, n_samples : 500, mediator_dimension : 1, covariate_dimension : 1, alpha : 0.0, beta : 0.0, stochasticity : 1, gamma : 0.3, noise : uniform, 
Running with estimator : ipw, regularization : True, sample_splits : 1, reg_lambda : 0.001, reg_lambda_tilde : 0.001, kernel : linear, density : conditional_kernel, bandwidth : 0.3, bandwidth_mode : heuristic, epsilon : 0.1, normalized : True, random_seed : 38, 
bias_direct: 0.18150038153633155
rmse_direct: 0.21073257309292243
bias_indirect: 0.02235292363873874
rmse_indirect: 0.0295010588444102
bias_total: 0.19787569601724836
rmse_total: 0.22767088380795833
bias_mr: 0.0966216723825268
rmse_mr: 0.11035028172663705
coverage: 0.0
