Experiment: expname : baselines_experiment, data : uniform, n_samples : 500, mediator_dimension : 1, covariate_dimension : 1, alpha : 0.5, beta : 0.25, stochasticity : 1, gamma : 0.3, noise : uniform, 
Running with estimator : linear, regularization : True, sample_splits : 1, reg_lambda : 0.001, reg_lambda_tilde : 0.001, kernel : gauss, density : gaussian, bandwidth : 0.3, bandwidth_mode : heuristic, epsilon : 0.3, normalized : True, random_seed : 13, 
bias_direct: 0.26799676537461253
rmse_direct: 0.307213005238573
bias_indirect: 0.001680114784579584
rmse_indirect: 0.0019095397682520345
bias_total: 0.26927365261089303
rmse_total: 0.3087561556271797
bias_mr: 0.2455851944534331
rmse_mr: 0.2647035195686046
coverage: 0.0
