Experiment: expname : nonparametric_experiment, data : uniform, n_samples : 500, mediator_dimension : 1, covariate_dimension : 1, alpha : 0.0, beta : 0.0, stochasticity : 1, gamma : 0.3, noise : uniform, 
Running with estimator : kme_g_computation, regularization : True, sample_splits : 1, reg_lambda : 0.001, reg_lambda_tilde : 0.001, kernel : linear, density : gaussian, bandwidth : 0.3, bandwidth_mode : heuristic, epsilon : 0.1, normalized : True, random_seed : 35, 
bias_direct: 0.1469051681541915
rmse_direct: 0.16853868759333654
bias_indirect: 0.17637203818941397
rmse_indirect: 0.20045616047959178
bias_total: 0.029466870035222473
rmse_total: 0.03685912096574256
bias_mr: 0.14676401370658532
rmse_mr: 0.16853472581152878
coverage: 0.0
