Experiment: expname : nonparametric_experiment, data : uniform, n_samples : 1000, mediator_dimension : 1, covariate_dimension : 1, alpha : 0.0, beta : 0.0, stochasticity : 1, gamma : 0.3, noise : uniform, 
Running with estimator : kme_dml, regularization : True, sample_splits : 1, reg_lambda : 0.001, reg_lambda_tilde : 0.001, kernel : gauss, density : conditional_kernel, bandwidth : 0.3, bandwidth_mode : heuristic, epsilon : 0.1, normalized : True, random_seed : 41, 
bias_direct: 0.04043895300609157
rmse_direct: 0.04802760641464204
bias_indirect: 0.03616378757685537
rmse_indirect: 0.04478104207567501
bias_total: 0.06038597427933001
rmse_total: 0.06961563467052627
bias_mr: 0.07744658961015131
rmse_mr: 0.08633740379372572
coverage: 1.0
