Experiment: expname : baselines_experiment, data : uniform, n_samples : 5000, mediator_dimension : 1, covariate_dimension : 1, alpha : 0.5, beta : 0.25, stochasticity : 1, gamma : 0.3, noise : uniform, 
Running with estimator : ipw, regularization : True, sample_splits : 1, reg_lambda : 0.001, reg_lambda_tilde : 0.001, kernel : gauss, density : gaussian, bandwidth : 0.3, bandwidth_mode : heuristic, epsilon : 0.3, normalized : True, random_seed : 66, 
bias_direct: 0.0959164871837021
rmse_direct: 0.11983258738503194
bias_indirect: 0.06982758620689661
rmse_indirect: 0.07936276378669078
bias_total: 0.0703517130110067
rmse_total: 0.0797122084950309
bias_mr: 0.12996896311561904
rmse_mr: 0.1720681754280727
coverage: 0.0
