Experiment: expname : nonparametric_experiment, data : uniform, n_samples : 1000, mediator_dimension : 1, covariate_dimension : 1, alpha : 0.0, beta : 0.0, stochasticity : 1, gamma : 0.3, noise : uniform, 
Running with estimator : kme_dml, regularization : True, sample_splits : 1, reg_lambda : 0.001, reg_lambda_tilde : 0.001, kernel : gauss, density : conditional_kernel, bandwidth : 0.3, bandwidth_mode : heuristic, epsilon : 0.1, normalized : True, random_seed : 40, 
bias_direct: 0.07036640957420129
rmse_direct: 0.08406977551658588
bias_indirect: 0.014094037614392404
rmse_indirect: 0.01612695285106192
bias_total: 0.07981971984760401
rmse_total: 0.0899104294480159
bias_mr: 0.07533935370180848
rmse_mr: 0.08435203349689911
coverage: 1.0
