Experiment: expname : baselines_experiment, data : uniform, n_samples : 5000, mediator_dimension : 1, covariate_dimension : 1, alpha : 0.5, beta : 0.25, stochasticity : 1, gamma : 0.3, noise : uniform, 
Running with estimator : linear, regularization : True, sample_splits : 1, reg_lambda : 0.001, reg_lambda_tilde : 0.001, kernel : gauss, density : gaussian, bandwidth : 0.3, bandwidth_mode : heuristic, epsilon : 0.3, normalized : True, random_seed : 33, 
bias_direct: 0.27171402213265305
rmse_direct: 0.311716693597455
bias_indirect: 0.0029472090724268593
rmse_indirect: 0.003349659785632166
bias_total: 0.2739539010276975
rmse_total: 0.314446752936923
bias_mr: 0.24958857006702637
rmse_mr: 0.2682598291951067
coverage: 0.0
