Experiment: expname : baselines_experiment, data : uniform, n_samples : 5000, mediator_dimension : 1, covariate_dimension : 1, alpha : 0.5, beta : 0.25, stochasticity : 1, gamma : 0.3, noise : uniform, 
Running with estimator : ipw, regularization : True, sample_splits : 1, reg_lambda : 0.001, reg_lambda_tilde : 0.001, kernel : gauss, density : gaussian, bandwidth : 0.3, bandwidth_mode : heuristic, epsilon : 0.3, normalized : True, random_seed : 36, 
bias_direct: 0.07405189729067431
rmse_direct: 0.09562118430811287
bias_indirect: 0.06982758620689657
rmse_indirect: 0.07936276378669077
bias_total: 0.06288235302948744
rmse_total: 0.07348875056920248
bias_mr: 0.12672389045293342
rmse_mr: 0.17064146190831744
coverage: 0.0
