Experiment: expname : nonparametric_experiment, data : uniform, n_samples : 1000, mediator_dimension : 1, covariate_dimension : 1, alpha : 0.0, beta : 0.0, stochasticity : 1, gamma : 0.3, noise : uniform, 
Running with estimator : kme_g_computation, regularization : True, sample_splits : 1, reg_lambda : 0.001, reg_lambda_tilde : 0.001, kernel : linear, density : conditional_kernel, bandwidth : 0.3, bandwidth_mode : heuristic, epsilon : 0.1, normalized : True, random_seed : 47, 
bias_direct: 0.16976482745598886
rmse_direct: 0.1929667833469774
bias_indirect: 0.14414686559072418
rmse_indirect: 0.16383059583812046
bias_total: 0.02561796186526467
rmse_total: 0.033085529863758255
bias_mr: 0.17833020123621934
rmse_mr: 0.20966572684533483
coverage: 0.0
