Experiment: expname : nonparametric_experiment, data : uniform, n_samples : 500, mediator_dimension : 1, covariate_dimension : 1, alpha : 0.0, beta : 0.0, stochasticity : 1, gamma : 0.3, noise : uniform, 
Running with estimator : kme_dml, regularization : True, sample_splits : 1, reg_lambda : 0.001, reg_lambda_tilde : 0.001, kernel : gauss, density : gaussian, bandwidth : 0.3, bandwidth_mode : heuristic, epsilon : 0.1, normalized : True, random_seed : 93, 
bias_direct: 0.059005681046472906
rmse_direct: 0.09846332724811831
bias_indirect: 0.016899367657701562
rmse_indirect: 0.02081379826880564
bias_total: 0.04673786085582555
rmse_total: 0.09352462419864228
bias_mr: 0.08176045265922754
rmse_mr: 0.10812231216098589
coverage: 0.9310344827586207
