Experiment: expname : nonparametric_experiment, data : uniform, n_samples : 5000, mediator_dimension : 1, covariate_dimension : 1, alpha : 0.0, beta : 0.0, stochasticity : 1, gamma : 0.3, noise : uniform, 
Running with estimator : kme_g_computation, regularization : True, sample_splits : 1, reg_lambda : 0.001, reg_lambda_tilde : 0.001, kernel : gauss, density : gaussian, bandwidth : 0.3, bandwidth_mode : heuristic, epsilon : 0.1, normalized : True, random_seed : 21, 
bias_direct: 0.16742269618192115
rmse_direct: 0.18941717641268374
bias_indirect: 0.15955590340787512
rmse_indirect: 0.18319971933776244
bias_total: 0.02041115716845136
rmse_total: 0.02613240386986664
bias_mr: 0.16886381567590483
rmse_mr: 0.19425640628784968
coverage: 0.0
