Experiment: expname : baselines_experiment, data : uniform, n_samples : 1000, mediator_dimension : 1, covariate_dimension : 1, alpha : 0.5, beta : 0.25, stochasticity : 1, gamma : 0.3, noise : uniform, 
Running with estimator : linear, regularization : True, sample_splits : 1, reg_lambda : 0.001, reg_lambda_tilde : 0.001, kernel : gauss, density : gaussian, bandwidth : 0.3, bandwidth_mode : heuristic, epsilon : 0.3, normalized : True, random_seed : 83, 
bias_direct: 0.3081138749297471
rmse_direct: 0.35253953323135573
bias_indirect: 0.0011752558667108251
rmse_indirect: 0.0013357407695911683
bias_total: 0.3091428767330451
rmse_total: 0.3536855335054883
bias_mr: 0.2924924922027333
rmse_mr: 0.3116641053389815
coverage: 0.0
