Experiment: expname : baselines_experiment, data : uniform, n_samples : 1000, mediator_dimension : 1, covariate_dimension : 1, alpha : 0.5, beta : 0.25, stochasticity : 1, gamma : 0.3, noise : uniform, 
Running with estimator : kme_g_computation, regularization : True, sample_splits : 1, reg_lambda : 0.001, reg_lambda_tilde : 0.001, kernel : gauss, density : gaussian, bandwidth : 0.3, bandwidth_mode : heuristic, epsilon : 0.3, normalized : True, random_seed : 68, 
bias_direct: 0.39308104642136876
rmse_direct: 0.5113484008217702
bias_indirect: 0.46390563323874784
rmse_indirect: 0.606503266789875
bias_total: 0.07169206318896025
rmse_total: 0.10471051258065733
bias_mr: 0.4091207333536049
rmse_mr: 0.5325621065585424
coverage: 0.0
