Experiment: expname : nonparametric_experiment, data : uniform, n_samples : 1000, mediator_dimension : 1, covariate_dimension : 1, alpha : 0.0, beta : 0.0, stochasticity : 1, gamma : 0.3, noise : uniform, 
Running with estimator : kme_dml, regularization : True, sample_splits : 1, reg_lambda : 0.001, reg_lambda_tilde : 0.001, kernel : linear, density : gaussian, bandwidth : 0.3, bandwidth_mode : heuristic, epsilon : 0.1, normalized : True, random_seed : 34, 
bias_direct: 0.04964192763725303
rmse_direct: 0.0546024170300829
bias_indirect: 0.010344935204344142
rmse_indirect: 0.013456848290741237
bias_total: 0.052250302186882445
rmse_total: 0.05835936248350421
bias_mr: 0.07196067999555392
rmse_mr: 0.08220777221749097
coverage: 1.0
