Experiment: expname : nonparametric_experiment, data : uniform, n_samples : 500, mediator_dimension : 1, covariate_dimension : 1, alpha : 0.0, beta : 0.0, stochasticity : 1, gamma : 0.3, noise : uniform, 
Running with estimator : ipw, regularization : True, sample_splits : 1, reg_lambda : 0.001, reg_lambda_tilde : 0.001, kernel : linear, density : gaussian, bandwidth : 0.3, bandwidth_mode : heuristic, epsilon : 0.1, normalized : True, random_seed : 5, 
bias_direct: 0.21426199921904035
rmse_direct: 0.26017773647693015
bias_indirect: 0.0698275862068966
rmse_indirect: 0.07936276378669077
bias_total: 0.21144727332133856
rmse_total: 0.2501188692851645
bias_mr: 0.13046964275558764
rmse_mr: 0.15174281930632944
coverage: 0.0
