Experiment: expname : baselines_experiment, data : uniform, n_samples : 5000, mediator_dimension : 1, covariate_dimension : 1, alpha : 0.5, beta : 0.25, stochasticity : 1, gamma : 0.3, noise : uniform, 
Running with estimator : ipw, regularization : True, sample_splits : 1, reg_lambda : 0.001, reg_lambda_tilde : 0.001, kernel : gauss, density : gaussian, bandwidth : 0.3, bandwidth_mode : heuristic, epsilon : 0.3, normalized : True, random_seed : 9, 
bias_direct: 0.054272076298442634
rmse_direct: 0.07389091646453663
bias_indirect: 0.06982758620689662
rmse_indirect: 0.07936276378669081
bias_total: 0.052033432401692496
rmse_total: 0.058453001503474704
bias_mr: 0.13309979843982056
rmse_mr: 0.17142245847827803
coverage: 0.0
