Experiment: expname : nonparametric_experiment, data : uniform, n_samples : 500, mediator_dimension : 1, covariate_dimension : 1, alpha : 0.0, beta : 0.0, stochasticity : 1, gamma : 0.3, noise : uniform, 
Running with estimator : ipw, regularization : True, sample_splits : 1, reg_lambda : 0.001, reg_lambda_tilde : 0.001, kernel : gauss, density : gaussian, bandwidth : 0.3, bandwidth_mode : heuristic, epsilon : 0.1, normalized : True, random_seed : 34, 
bias_direct: 0.13272078017803832
rmse_direct: 0.17762309785023092
bias_indirect: 0.06982758620689661
rmse_indirect: 0.07936276378669078
bias_total: 0.11303038977051873
rmse_total: 0.15902187706873464
bias_mr: 0.12618562560590887
rmse_mr: 0.16847402914344647
coverage: 0.0
