Experiment: expname : nonparametric_experiment, data : uniform, n_samples : 1000, mediator_dimension : 1, covariate_dimension : 1, alpha : 0.0, beta : 0.0, stochasticity : 1, gamma : 0.3, noise : uniform, 
Running with estimator : ipw, regularization : True, sample_splits : 1, reg_lambda : 0.001, reg_lambda_tilde : 0.001, kernel : linear, density : gaussian, bandwidth : 0.3, bandwidth_mode : heuristic, epsilon : 0.1, normalized : True, random_seed : 75, 
bias_direct: 0.1883340742415019
rmse_direct: 0.20650952378283502
bias_indirect: 0.06982758620689662
rmse_indirect: 0.0793627637866908
bias_total: 0.1836789018277088
rmse_total: 0.21019315338492553
bias_mr: 0.07533203905400682
rmse_mr: 0.09601574908222
coverage: 0.0
