Experiment: expname : nonparametric_experiment, data : uniform, n_samples : 5000, mediator_dimension : 1, covariate_dimension : 1, alpha : 0.0, beta : 0.0, stochasticity : 1, gamma : 0.3, noise : uniform, 
Running with estimator : kme_dml, regularization : True, sample_splits : 1, reg_lambda : 0.001, reg_lambda_tilde : 0.001, kernel : linear, density : gaussian, bandwidth : 0.3, bandwidth_mode : heuristic, epsilon : 0.1, normalized : True, random_seed : 81, 
bias_direct: 0.026543018464991106
rmse_direct: 0.03269980301818844
bias_indirect: 0.019661276612751678
rmse_indirect: 0.022129147102682056
bias_total: 0.03592853089713545
rmse_total: 0.040651768346179534
bias_mr: 0.031803956010207315
rmse_mr: 0.03680348492236204
coverage: 1.0
