Experiment: expname : nonparametric_experiment, data : uniform, n_samples : 1000, mediator_dimension : 1, covariate_dimension : 1, alpha : 0.0, beta : 0.0, stochasticity : 1, gamma : 0.3, noise : uniform, 
Running with estimator : kme_dml, regularization : True, sample_splits : 1, reg_lambda : 0.001, reg_lambda_tilde : 0.001, kernel : gauss, density : conditional_kernel, bandwidth : 0.3, bandwidth_mode : heuristic, epsilon : 0.1, normalized : True, random_seed : 14, 
bias_direct: 0.14089415901792834
rmse_direct: 0.15805357093572808
bias_indirect: 0.017285333937196067
rmse_indirect: 0.021853222827947823
bias_total: 0.12404647082523207
rmse_total: 0.14076981959784887
bias_mr: 0.10186872074394387
rmse_mr: 0.11323631035307855
coverage: 0.7586206896551724
