Experiment: expname : baselines_experiment, data : uniform, n_samples : 500, mediator_dimension : 1, covariate_dimension : 1, alpha : 0.5, beta : 0.25, stochasticity : 1, gamma : 0.3, noise : uniform, 
Running with estimator : linear, regularization : True, sample_splits : 1, reg_lambda : 0.001, reg_lambda_tilde : 0.001, kernel : gauss, density : gaussian, bandwidth : 0.3, bandwidth_mode : heuristic, epsilon : 0.3, normalized : True, random_seed : 88, 
bias_direct: 0.34125254351958934
rmse_direct: 0.3892393806717901
bias_indirect: 0.011208099717682374
rmse_indirect: 0.012738601156232562
bias_total: 0.33073086704065835
rmse_total: 0.3780154126176502
bias_mr: 0.32955440300796884
rmse_mr: 0.35026573542971595
coverage: 0.0
