Experiment: expname : nonparametric_experiment, data : uniform, n_samples : 500, mediator_dimension : 1, covariate_dimension : 1, alpha : 0.0, beta : 0.0, stochasticity : 1, gamma : 0.3, noise : uniform, 
Running with estimator : kme_dml, regularization : True, sample_splits : 1, reg_lambda : 0.001, reg_lambda_tilde : 0.001, kernel : gauss, density : conditional_kernel, bandwidth : 0.3, bandwidth_mode : heuristic, epsilon : 0.1, normalized : True, random_seed : 64, 
bias_direct: 0.08952023458596503
rmse_direct: 0.11673697602218433
bias_indirect: 0.019977665189327486
rmse_indirect: 0.024751618970901355
bias_total: 0.08673795891132872
rmse_total: 0.11719784331861124
bias_mr: 0.1346529172287644
rmse_mr: 0.14665827002876639
coverage: 0.7586206896551724
