Experiment: expname : nonparametric_experiment, data : uniform, n_samples : 500, mediator_dimension : 1, covariate_dimension : 1, alpha : 0.0, beta : 0.0, stochasticity : 1, gamma : 0.3, noise : uniform, 
Running with estimator : kme_dml, regularization : True, sample_splits : 1, reg_lambda : 0.001, reg_lambda_tilde : 0.001, kernel : gauss, density : conditional_kernel, bandwidth : 0.3, bandwidth_mode : heuristic, epsilon : 0.1, normalized : True, random_seed : 23, 
bias_direct: 0.042310608029065035
rmse_direct: 0.05919036913739831
bias_indirect: 0.01151025842731722
rmse_indirect: 0.013561160080499632
bias_total: 0.0466883743623028
rmse_total: 0.05739352334219335
bias_mr: 0.10128890968936452
rmse_mr: 0.11427652177470073
coverage: 0.9310344827586207
