Experiment: expname : nonparametric_experiment, data : uniform, n_samples : 500, mediator_dimension : 1, covariate_dimension : 1, alpha : 0.0, beta : 0.0, stochasticity : 1, gamma : 0.3, noise : uniform, 
Running with estimator : kme_dml, regularization : True, sample_splits : 1, reg_lambda : 0.001, reg_lambda_tilde : 0.001, kernel : gauss, density : conditional_kernel, bandwidth : 0.3, bandwidth_mode : heuristic, epsilon : 0.1, normalized : True, random_seed : 78, 
bias_direct: 0.09677067367774309
rmse_direct: 0.11593436769645782
bias_indirect: 0.04749159750653848
rmse_indirect: 0.053400919661643384
bias_total: 0.11508395160869256
rmse_total: 0.14305445876078177
bias_mr: 0.08487775607572413
rmse_mr: 0.10491948196683125
coverage: 1.0
