Experiment: expname : nonparametric_experiment, data : uniform, n_samples : 5000, mediator_dimension : 1, covariate_dimension : 1, alpha : 0.0, beta : 0.0, stochasticity : 1, gamma : 0.3, noise : uniform, 
Running with estimator : kme_g_computation, regularization : True, sample_splits : 1, reg_lambda : 0.001, reg_lambda_tilde : 0.001, kernel : linear, density : gaussian, bandwidth : 0.3, bandwidth_mode : heuristic, epsilon : 0.1, normalized : True, random_seed : 63, 
bias_direct: 0.1603226854615691
rmse_direct: 0.18225324672297846
bias_indirect: 0.1628640462263791
rmse_indirect: 0.18510363499403115
bias_total: 0.0025413607648100424
rmse_total: 0.0029740101914759267
bias_mr: 0.15969049735762414
rmse_mr: 0.1823778990497574
coverage: 0.0
