Experiment: expname : nonparametric_experiment, data : uniform, n_samples : 5000, mediator_dimension : 1, covariate_dimension : 1, alpha : 0.0, beta : 0.0, stochasticity : 1, gamma : 0.3, noise : uniform, 
Running with estimator : kme_dml, regularization : True, sample_splits : 1, reg_lambda : 0.001, reg_lambda_tilde : 0.001, kernel : gauss, density : conditional_kernel, bandwidth : 0.3, bandwidth_mode : heuristic, epsilon : 0.1, normalized : True, random_seed : 50, 
bias_direct: 0.01990997912211662
rmse_direct: 0.022492482242626934
bias_indirect: 0.009449857818070647
rmse_indirect: 0.0124631575118811
bias_total: 0.027434170707981455
rmse_total: 0.03054841208245237
bias_mr: 0.022516012975767705
rmse_mr: 0.02662159863492837
coverage: 1.0
