Experiment: expname : nonparametric_experiment, data : uniform, n_samples : 500, mediator_dimension : 1, covariate_dimension : 1, alpha : 0.0, beta : 0.0, stochasticity : 1, gamma : 0.3, noise : uniform, 
Running with estimator : kme_dml, regularization : True, sample_splits : 1, reg_lambda : 0.001, reg_lambda_tilde : 0.001, kernel : gauss, density : conditional_kernel, bandwidth : 0.3, bandwidth_mode : heuristic, epsilon : 0.1, normalized : True, random_seed : 52, 
bias_direct: 0.10374307146567648
rmse_direct: 0.12573182574583877
bias_indirect: 0.029179389373510313
rmse_indirect: 0.038070258191837646
bias_total: 0.08497609407424811
rmse_total: 0.10030629484586263
bias_mr: 0.08353076494744521
rmse_mr: 0.094337350054082
coverage: 1.0
