Experiment: expname : nonparametric_experiment, data : uniform, n_samples : 5000, mediator_dimension : 1, covariate_dimension : 1, alpha : 0.0, beta : 0.0, stochasticity : 1, gamma : 0.3, noise : uniform, 
Running with estimator : kme_g_computation, regularization : True, sample_splits : 1, reg_lambda : 0.001, reg_lambda_tilde : 0.001, kernel : linear, density : conditional_kernel, bandwidth : 0.3, bandwidth_mode : heuristic, epsilon : 0.1, normalized : True, random_seed : 28, 
bias_direct: 0.16540503691049868
rmse_direct: 0.1879287473190318
bias_indirect: 0.15139756741441673
rmse_indirect: 0.1720714209769892
bias_total: 0.01400746949608198
rmse_total: 0.015933238114478294
bias_mr: 0.1660769186090717
rmse_mr: 0.18972660509623093
coverage: 0.0
