Experiment: expname : baselines_experiment, data : uniform, n_samples : 5000, mediator_dimension : 1, covariate_dimension : 1, alpha : 0.5, beta : 0.25, stochasticity : 1, gamma : 0.3, noise : uniform, 
Running with estimator : kme_g_computation, regularization : True, sample_splits : 1, reg_lambda : 0.001, reg_lambda_tilde : 0.001, kernel : gauss, density : gaussian, bandwidth : 0.3, bandwidth_mode : heuristic, epsilon : 0.3, normalized : True, random_seed : 41, 
bias_direct: 0.3657559959017958
rmse_direct: 0.47945593350277044
bias_indirect: 0.4012781297190029
rmse_indirect: 0.5137015125366972
bias_total: 0.039673640124231815
rmse_total: 0.05600375257665178
bias_mr: 0.3841839853586724
rmse_mr: 0.5044417112331632
coverage: 0.0
