Experiment: expname : baselines_experiment, data : uniform, n_samples : 500, mediator_dimension : 1, covariate_dimension : 1, alpha : 0.5, beta : 0.25, stochasticity : 1, gamma : 0.3, noise : uniform, 
Running with estimator : kme_g_computation, regularization : True, sample_splits : 1, reg_lambda : 0.001, reg_lambda_tilde : 0.001, kernel : gauss, density : gaussian, bandwidth : 0.3, bandwidth_mode : heuristic, epsilon : 0.3, normalized : True, random_seed : 80, 
bias_direct: 0.38190653258407026
rmse_direct: 0.5019246225552491
bias_indirect: 0.4702439924583353
rmse_indirect: 0.5855722241014076
bias_total: 0.08833745987426513
rmse_total: 0.09745902103789907
bias_mr: 0.4093469588839083
rmse_mr: 0.5359129104812351
coverage: 0.0
