Experiment: expname : nonparametric_experiment, data : uniform, n_samples : 5000, mediator_dimension : 1, covariate_dimension : 1, alpha : 0.0, beta : 0.0, stochasticity : 1, gamma : 0.3, noise : uniform, 
Running with estimator : kme_dml, regularization : True, sample_splits : 1, reg_lambda : 0.001, reg_lambda_tilde : 0.001, kernel : gauss, density : gaussian, bandwidth : 0.3, bandwidth_mode : heuristic, epsilon : 0.1, normalized : True, random_seed : 91, 
bias_direct: 0.026793076085127997
rmse_direct: 0.03788753626069364
bias_indirect: 0.008966470529393745
rmse_indirect: 0.01148744164936385
bias_total: 0.029373619020343373
rmse_total: 0.03868675377132763
bias_mr: 0.04707171414328633
rmse_mr: 0.05159596202248952
coverage: 1.0
