Experiment: expname : nonparametric_experiment, data : uniform, n_samples : 500, mediator_dimension : 1, covariate_dimension : 1, alpha : 0.0, beta : 0.0, stochasticity : 1, gamma : 0.3, noise : uniform, 
Running with estimator : kme_dml, regularization : True, sample_splits : 1, reg_lambda : 0.001, reg_lambda_tilde : 0.001, kernel : linear, density : conditional_kernel, bandwidth : 0.3, bandwidth_mode : heuristic, epsilon : 0.1, normalized : True, random_seed : 87, 
bias_direct: 0.09960362700888706
rmse_direct: 0.10967213620541022
bias_indirect: 0.024732179342605236
rmse_indirect: 0.026947574263045924
bias_total: 0.09463019810312993
rmse_total: 0.10583072880183743
bias_mr: 0.059309840039595274
rmse_mr: 0.06859669946712053
coverage: 1.0
