Experiment: expname : nonparametric_experiment, data : uniform, n_samples : 1000, mediator_dimension : 1, covariate_dimension : 1, alpha : 0.0, beta : 0.0, stochasticity : 1, gamma : 0.3, noise : uniform, 
Running with estimator : kme_dml, regularization : True, sample_splits : 1, reg_lambda : 0.001, reg_lambda_tilde : 0.001, kernel : gauss, density : conditional_kernel, bandwidth : 0.3, bandwidth_mode : heuristic, epsilon : 0.1, normalized : True, random_seed : 25, 
bias_direct: 0.10758996622064
rmse_direct: 0.12589070426250495
bias_indirect: 0.007783729775657613
rmse_indirect: 0.010971533486925745
bias_total: 0.10142290907180528
rmse_total: 0.11871960959384503
bias_mr: 0.0906751163904151
rmse_mr: 0.10496751134059797
coverage: 0.8275862068965517
