Experiment: expname : nonparametric_experiment, data : uniform, n_samples : 5000, mediator_dimension : 1, covariate_dimension : 1, alpha : 0.0, beta : 0.0, stochasticity : 1, gamma : 0.3, noise : uniform, 
Running with estimator : kme_g_computation, regularization : True, sample_splits : 1, reg_lambda : 0.001, reg_lambda_tilde : 0.001, kernel : gauss, density : conditional_kernel, bandwidth : 0.3, bandwidth_mode : heuristic, epsilon : 0.1, normalized : True, random_seed : 53, 
bias_direct: 0.15783402986981826
rmse_direct: 0.18030506255156709
bias_indirect: 0.18872751237591825
rmse_indirect: 0.21270065425251028
bias_total: 0.03089348250609997
rmse_total: 0.03620258380132903
bias_mr: 0.1620536128072348
rmse_mr: 0.18608334609532393
coverage: 0.0
