Experiment: expname : baselines_experiment, data : uniform, n_samples : 1000, mediator_dimension : 1, covariate_dimension : 1, alpha : 0.5, beta : 0.25, stochasticity : 1, gamma : 0.3, noise : uniform, 
Running with estimator : linear, regularization : True, sample_splits : 1, reg_lambda : 0.001, reg_lambda_tilde : 0.001, kernel : gauss, density : gaussian, bandwidth : 0.3, bandwidth_mode : heuristic, epsilon : 0.3, normalized : True, random_seed : 22, 
bias_direct: 0.2933519301965336
rmse_direct: 0.336253325402092
bias_indirect: 0.012160370095352362
rmse_indirect: 0.013820907063530579
bias_total: 0.28270485060193623
rmse_total: 0.3247018356969366
bias_mr: 0.27614415514140284
rmse_mr: 0.2948656824676413
coverage: 0.0
