Experiment: expname : nonparametric_experiment, data : uniform, n_samples : 500, mediator_dimension : 1, covariate_dimension : 1, alpha : 0.0, beta : 0.0, stochasticity : 1, gamma : 0.3, noise : uniform, 
Running with estimator : kme_dml, regularization : True, sample_splits : 1, reg_lambda : 0.001, reg_lambda_tilde : 0.001, kernel : linear, density : gaussian, bandwidth : 0.3, bandwidth_mode : heuristic, epsilon : 0.1, normalized : True, random_seed : 9, 
bias_direct: 0.05204206792407527
rmse_direct: 0.07525158061511183
bias_indirect: 0.018804823466168553
rmse_indirect: 0.025332765529808256
bias_total: 0.0680229987676554
rmse_total: 0.09290701768390507
bias_mr: 0.04864915532849521
rmse_mr: 0.06225609153284427
coverage: 1.0
