Experiment: expname : nonparametric_experiment, data : uniform, n_samples : 5000, mediator_dimension : 1, covariate_dimension : 1, alpha : 0.0, beta : 0.0, stochasticity : 1, gamma : 0.3, noise : uniform, 
Running with estimator : kme_g_computation, regularization : True, sample_splits : 1, reg_lambda : 0.001, reg_lambda_tilde : 0.001, kernel : linear, density : gaussian, bandwidth : 0.3, bandwidth_mode : heuristic, epsilon : 0.1, normalized : True, random_seed : 14, 
bias_direct: 0.15827674881737164
rmse_direct: 0.1797322101838745
bias_indirect: 0.15095709846385225
rmse_indirect: 0.171570757783789
bias_total: 0.00731965035351941
rmse_total: 0.010058338678748101
bias_mr: 0.15938038849238448
rmse_mr: 0.1824690805541708
coverage: 0.0
