Experiment: expname : nonparametric_experiment, data : uniform, n_samples : 500, mediator_dimension : 1, covariate_dimension : 1, alpha : 0.0, beta : 0.0, stochasticity : 1, gamma : 0.3, noise : uniform, 
Running with estimator : ipw, regularization : True, sample_splits : 1, reg_lambda : 0.001, reg_lambda_tilde : 0.001, kernel : gauss, density : gaussian, bandwidth : 0.3, bandwidth_mode : heuristic, epsilon : 0.1, normalized : True, random_seed : 79, 
bias_direct: 0.08591097014357835
rmse_direct: 0.12425212625204315
bias_indirect: 0.06982758620689661
rmse_indirect: 0.07936276378669077
bias_total: 0.07452740088645922
rmse_total: 0.08564161803007377
bias_mr: 0.11123660931567414
rmse_mr: 0.11741785711928791
coverage: 0.0
