Experiment: expname : nonparametric_experiment, data : uniform, n_samples : 1000, mediator_dimension : 1, covariate_dimension : 1, alpha : 0.0, beta : 0.0, stochasticity : 1, gamma : 0.3, noise : uniform, 
Running with estimator : kme_dml, regularization : True, sample_splits : 1, reg_lambda : 0.001, reg_lambda_tilde : 0.001, kernel : gauss, density : conditional_kernel, bandwidth : 0.3, bandwidth_mode : heuristic, epsilon : 0.1, normalized : True, random_seed : 71, 
bias_direct: 0.03264776106773626
rmse_direct: 0.044719954923704036
bias_indirect: 0.010922829804656264
rmse_indirect: 0.014669344028133847
bias_total: 0.028459254052232687
rmse_total: 0.03617003745732063
bias_mr: 0.04033308075043498
rmse_mr: 0.053775281622729494
coverage: 1.0
