Experiment: expname : nonparametric_experiment, data : uniform, n_samples : 1000, mediator_dimension : 1, covariate_dimension : 1, alpha : 0.0, beta : 0.0, stochasticity : 1, gamma : 0.3, noise : uniform, 
Running with estimator : ipw, regularization : True, sample_splits : 1, reg_lambda : 0.001, reg_lambda_tilde : 0.001, kernel : linear, density : conditional_kernel, bandwidth : 0.3, bandwidth_mode : heuristic, epsilon : 0.1, normalized : True, random_seed : 79, 
bias_direct: 0.15239405871199382
rmse_direct: 0.17251469513503268
bias_indirect: 0.01029673499380291
rmse_indirect: 0.010874342215031588
bias_total: 0.15261183654209737
rmse_total: 0.17256843121341497
bias_mr: 0.0716662019824607
rmse_mr: 0.0906336306354655
coverage: 0.0
