Experiment: expname : nonparametric_experiment, data : uniform, n_samples : 5000, mediator_dimension : 1, covariate_dimension : 1, alpha : 0.0, beta : 0.0, stochasticity : 1, gamma : 0.3, noise : uniform, 
Running with estimator : kme_dml, regularization : True, sample_splits : 1, reg_lambda : 0.001, reg_lambda_tilde : 0.001, kernel : gauss, density : conditional_kernel, bandwidth : 0.3, bandwidth_mode : heuristic, epsilon : 0.1, normalized : True, random_seed : 93, 
bias_direct: 0.021875390462507152
rmse_direct: 0.033823186050902246
bias_indirect: 0.01638264841804001
rmse_indirect: 0.021674335452780132
bias_total: 0.03160433321665951
rmse_total: 0.04263549150558747
bias_mr: 0.038895687092851135
rmse_mr: 0.041660283249640835
coverage: 1.0
