Experiment: expname : nonparametric_experiment, data : uniform, n_samples : 5000, mediator_dimension : 1, covariate_dimension : 1, alpha : 0.0, beta : 0.0, stochasticity : 1, gamma : 0.3, noise : uniform, 
Running with estimator : ipw, regularization : True, sample_splits : 1, reg_lambda : 0.001, reg_lambda_tilde : 0.001, kernel : gauss, density : conditional_kernel, bandwidth : 0.3, bandwidth_mode : heuristic, epsilon : 0.1, normalized : True, random_seed : 40, 
bias_direct: 0.03349385191862392
rmse_direct: 0.04353601567808895
bias_indirect: 0.03849992902412308
rmse_indirect: 0.04256963652692765
bias_total: 0.040789938315264264
rmse_total: 0.04982020693524554
bias_mr: 0.03684887488667686
rmse_mr: 0.045028292873703406
coverage: 0.0
