Experiment: expname : nonparametric_experiment, data : uniform, n_samples : 1000, mediator_dimension : 1, covariate_dimension : 1, alpha : 0.0, beta : 0.0, stochasticity : 1, gamma : 0.3, noise : uniform, 
Running with estimator : kme_g_computation, regularization : True, sample_splits : 1, reg_lambda : 0.001, reg_lambda_tilde : 0.001, kernel : gauss, density : gaussian, bandwidth : 0.3, bandwidth_mode : heuristic, epsilon : 0.1, normalized : True, random_seed : 19, 
bias_direct: 0.16192020981960842
rmse_direct: 0.18391057885501774
bias_indirect: 0.22380843607830064
rmse_indirect: 0.25542140131810565
bias_total: 0.08159594824925512
rmse_total: 0.10389509788023334
bias_mr: 0.1653244515640907
rmse_mr: 0.19620441668340294
coverage: 0.0
