Experiment: expname : nonparametric_experiment, data : uniform, n_samples : 5000, mediator_dimension : 1, covariate_dimension : 1, alpha : 0.0, beta : 0.0, stochasticity : 1, gamma : 0.3, noise : uniform, 
Running with estimator : kme_g_computation, regularization : True, sample_splits : 1, reg_lambda : 0.001, reg_lambda_tilde : 0.001, kernel : gauss, density : conditional_kernel, bandwidth : 0.3, bandwidth_mode : heuristic, epsilon : 0.1, normalized : True, random_seed : 26, 
bias_direct: 0.17677386433680883
rmse_direct: 0.20061123332710643
bias_indirect: 0.1648815127495637
rmse_indirect: 0.1924842932120288
bias_total: 0.022727536724919097
rmse_total: 0.026031966935492385
bias_mr: 0.18385334712033333
rmse_mr: 0.20866574678037783
coverage: 0.0
