Experiment: expname : nonparametric_experiment, data : uniform, n_samples : 500, mediator_dimension : 1, covariate_dimension : 1, alpha : 0.0, beta : 0.0, stochasticity : 1, gamma : 0.3, noise : uniform, 
Running with estimator : ipw, regularization : True, sample_splits : 1, reg_lambda : 0.001, reg_lambda_tilde : 0.001, kernel : gauss, density : gaussian, bandwidth : 0.3, bandwidth_mode : heuristic, epsilon : 0.1, normalized : True, random_seed : 52, 
bias_direct: 0.1708466944315152
rmse_direct: 0.211707541350417
bias_indirect: 0.06982758620689662
rmse_indirect: 0.07936276378669077
bias_total: 0.15444621673930004
rmse_total: 0.18723312303589132
bias_mr: 0.1366791969241365
rmse_mr: 0.1643496745877516
coverage: 0.0
