Experiment: expname : nonparametric_experiment, data : uniform, n_samples : 500, mediator_dimension : 1, covariate_dimension : 1, alpha : 0.0, beta : 0.0, stochasticity : 1, gamma : 0.3, noise : uniform, 
Running with estimator : ipw, regularization : True, sample_splits : 1, reg_lambda : 0.001, reg_lambda_tilde : 0.001, kernel : gauss, density : conditional_kernel, bandwidth : 0.3, bandwidth_mode : heuristic, epsilon : 0.1, normalized : True, random_seed : 79, 
bias_direct: 0.08926265848990546
rmse_direct: 0.10642691781163234
bias_indirect: 0.026668056372699686
rmse_indirect: 0.03210247460478154
bias_total: 0.06549371576797389
rmse_total: 0.08296372058053943
bias_mr: 0.08474082004645869
rmse_mr: 0.09407807231918329
coverage: 0.0
