Experiment: expname : nonparametric_experiment, data : uniform, n_samples : 1000, mediator_dimension : 1, covariate_dimension : 1, alpha : 0.0, beta : 0.0, stochasticity : 1, gamma : 0.3, noise : uniform, 
Running with estimator : ipw, regularization : True, sample_splits : 1, reg_lambda : 0.001, reg_lambda_tilde : 0.001, kernel : linear, density : conditional_kernel, bandwidth : 0.3, bandwidth_mode : heuristic, epsilon : 0.1, normalized : True, random_seed : 55, 
bias_direct: 0.12444593591307893
rmse_direct: 0.16506195381316913
bias_indirect: 0.015954800038430767
rmse_indirect: 0.02124306190834565
bias_total: 0.11367347459487796
rmse_total: 0.15376483305378894
bias_mr: 0.10659268594771998
rmse_mr: 0.12375810287553657
coverage: 0.0
