Experiment: expname : nonparametric_experiment, data : uniform, n_samples : 5000, mediator_dimension : 1, covariate_dimension : 1, alpha : 0.0, beta : 0.0, stochasticity : 1, gamma : 0.3, noise : uniform, 
Running with estimator : kme_dml, regularization : True, sample_splits : 1, reg_lambda : 0.001, reg_lambda_tilde : 0.001, kernel : gauss, density : gaussian, bandwidth : 0.3, bandwidth_mode : heuristic, epsilon : 0.1, normalized : True, random_seed : 37, 
bias_direct: 0.014916013930477626
rmse_direct: 0.02111504430764544
bias_indirect: 0.009364466028303738
rmse_indirect: 0.012795225051813098
bias_total: 0.01801350917197328
rmse_total: 0.023313235579473714
bias_mr: 0.017234650775016583
rmse_mr: 0.022336011420309658
coverage: 1.0
