Experiment: expname : nonparametric_experiment, data : uniform, n_samples : 5000, mediator_dimension : 1, covariate_dimension : 1, alpha : 0.0, beta : 0.0, stochasticity : 1, gamma : 0.3, noise : uniform, 
Running with estimator : kme_dml, regularization : True, sample_splits : 1, reg_lambda : 0.001, reg_lambda_tilde : 0.001, kernel : gauss, density : conditional_kernel, bandwidth : 0.3, bandwidth_mode : heuristic, epsilon : 0.1, normalized : True, random_seed : 87, 
bias_direct: 0.05999032624470011
rmse_direct: 0.0668248642022986
bias_indirect: 0.008381693605999763
rmse_indirect: 0.010367089869146294
bias_total: 0.056236242326782065
rmse_total: 0.06174651700177101
bias_mr: 0.045279995827719896
rmse_mr: 0.04928181591124668
coverage: 1.0
