Experiment: expname : baselines_experiment, data : uniform, n_samples : 5000, mediator_dimension : 1, covariate_dimension : 1, alpha : 0.5, beta : 0.25, stochasticity : 1, gamma : 0.3, noise : uniform, 
Running with estimator : linear, regularization : True, sample_splits : 1, reg_lambda : 0.001, reg_lambda_tilde : 0.001, kernel : gauss, density : gaussian, bandwidth : 0.3, bandwidth_mode : heuristic, epsilon : 0.3, normalized : True, random_seed : 40, 
bias_direct: 0.294999822268062
rmse_direct: 0.3380564183777432
bias_indirect: 0.006785673441523431
rmse_indirect: 0.00771227859541931
bias_total: 0.3009410563479735
rmse_total: 0.3445891228573662
bias_mr: 0.27730532633283883
rmse_mr: 0.29635840291740717
coverage: 0.0
