Experiment: expname : nonparametric_experiment, data : uniform, n_samples : 1000, mediator_dimension : 1, covariate_dimension : 1, alpha : 0.0, beta : 0.0, stochasticity : 1, gamma : 0.3, noise : uniform, 
Running with estimator : kme_g_computation, regularization : True, sample_splits : 1, reg_lambda : 0.001, reg_lambda_tilde : 0.001, kernel : linear, density : conditional_kernel, bandwidth : 0.3, bandwidth_mode : heuristic, epsilon : 0.1, normalized : True, random_seed : 25, 
bias_direct: 0.1590895569248838
rmse_direct: 0.18245189898977504
bias_indirect: 0.16332429213857852
rmse_indirect: 0.18562671350581755
bias_total: 0.013364448052385703
rmse_total: 0.018270742138219203
bias_mr: 0.15867687269500544
rmse_mr: 0.18201744455365015
coverage: 0.0
