Experiment: expname : nonparametric_experiment, data : uniform, n_samples : 500, mediator_dimension : 1, covariate_dimension : 1, alpha : 0.0, beta : 0.0, stochasticity : 1, gamma : 0.3, noise : uniform, 
Running with estimator : kme_dml, regularization : True, sample_splits : 1, reg_lambda : 0.001, reg_lambda_tilde : 0.001, kernel : gauss, density : gaussian, bandwidth : 0.3, bandwidth_mode : heuristic, epsilon : 0.1, normalized : True, random_seed : 46, 
bias_direct: 0.08447412974471676
rmse_direct: 0.1097514645043402
bias_indirect: 0.03102643598012044
rmse_indirect: 0.03927206425021707
bias_total: 0.06984883197010208
rmse_total: 0.09122188426920659
bias_mr: 0.09784348550520218
rmse_mr: 0.10658476534991483
coverage: 1.0
