Experiment: expname : baselines_experiment, data : uniform, n_samples : 1000, mediator_dimension : 1, covariate_dimension : 1, alpha : 0.5, beta : 0.25, stochasticity : 1, gamma : 0.3, noise : uniform, 
Running with estimator : kme_g_computation, regularization : True, sample_splits : 1, reg_lambda : 0.001, reg_lambda_tilde : 0.001, kernel : gauss, density : gaussian, bandwidth : 0.3, bandwidth_mode : heuristic, epsilon : 0.3, normalized : True, random_seed : 4, 
bias_direct: 0.31989299020399226
rmse_direct: 0.4289967662852693
bias_indirect: 0.4313254040006098
rmse_indirect: 0.5534238191339361
bias_total: 0.11143241379661753
rmse_total: 0.1517306767402912
bias_mr: 0.36600954869032976
rmse_mr: 0.4867065191466792
coverage: 0.0
