Experiment: expname : baselines_experiment, data : uniform, n_samples : 500, mediator_dimension : 1, covariate_dimension : 1, alpha : 0.5, beta : 0.25, stochasticity : 1, gamma : 0.3, noise : uniform, 
Running with estimator : kme_g_computation, regularization : True, sample_splits : 1, reg_lambda : 0.001, reg_lambda_tilde : 0.001, kernel : gauss, density : gaussian, bandwidth : 0.3, bandwidth_mode : heuristic, epsilon : 0.3, normalized : True, random_seed : 39, 
bias_direct: 0.33048542236581613
rmse_direct: 0.4359872552431756
bias_indirect: 0.4108615788709495
rmse_indirect: 0.5395433407135644
bias_total: 0.0829217782398675
rmse_total: 0.12705104919040142
bias_mr: 0.36714523741005384
rmse_mr: 0.4864493076862964
coverage: 0.0
