Experiment: expname : nonparametric_experiment, data : uniform, n_samples : 5000, mediator_dimension : 1, covariate_dimension : 1, alpha : 0.0, beta : 0.0, stochasticity : 1, gamma : 0.3, noise : uniform, 
Running with estimator : kme_dml, regularization : True, sample_splits : 1, reg_lambda : 0.001, reg_lambda_tilde : 0.001, kernel : gauss, density : gaussian, bandwidth : 0.3, bandwidth_mode : heuristic, epsilon : 0.1, normalized : True, random_seed : 12, 
bias_direct: 0.032691695956980085
rmse_direct: 0.038950480817858894
bias_indirect: 0.017831571161932243
rmse_indirect: 0.023679777778113684
bias_total: 0.047201079322758764
rmse_total: 0.054967157885071
bias_mr: 0.019308309744458605
rmse_mr: 0.022603598589630035
coverage: 1.0
