Experiment: expname : nonparametric_experiment, data : uniform, n_samples : 500, mediator_dimension : 1, covariate_dimension : 1, alpha : 0.0, beta : 0.0, stochasticity : 1, gamma : 0.3, noise : uniform, 
Running with estimator : kme_dml, regularization : True, sample_splits : 1, reg_lambda : 0.001, reg_lambda_tilde : 0.001, kernel : linear, density : gaussian, bandwidth : 0.3, bandwidth_mode : heuristic, epsilon : 0.1, normalized : True, random_seed : 62, 
bias_direct: 0.08918604133131817
rmse_direct: 0.10369636808727031
bias_indirect: 0.019893388870045412
rmse_indirect: 0.021864053014886965
bias_total: 0.09161670797230756
rmse_total: 0.09830978472228478
bias_mr: 0.09170400585526117
rmse_mr: 0.11014696671636152
coverage: 1.0
