Experiment: expname : nonparametric_experiment, data : uniform, n_samples : 5000, mediator_dimension : 1, covariate_dimension : 1, alpha : 0.0, beta : 0.0, stochasticity : 1, gamma : 0.3, noise : uniform, 
Running with estimator : kme_dml, regularization : True, sample_splits : 1, reg_lambda : 0.001, reg_lambda_tilde : 0.001, kernel : gauss, density : gaussian, bandwidth : 0.3, bandwidth_mode : heuristic, epsilon : 0.1, normalized : True, random_seed : 81, 
bias_direct: 0.026911740635531898
rmse_direct: 0.031964652572828114
bias_indirect: 0.016829671925943555
rmse_indirect: 0.02056465091752243
bias_total: 0.0361163866880116
rmse_total: 0.04078107441778192
bias_mr: 0.02695308669050779
rmse_mr: 0.03324130689795872
coverage: 1.0
