Experiment: expname : nonparametric_experiment, data : uniform, n_samples : 5000, mediator_dimension : 1, covariate_dimension : 1, alpha : 0.0, beta : 0.0, stochasticity : 1, gamma : 0.3, noise : uniform, 
Running with estimator : kme_dml, regularization : True, sample_splits : 1, reg_lambda : 0.001, reg_lambda_tilde : 0.001, kernel : linear, density : gaussian, bandwidth : 0.3, bandwidth_mode : heuristic, epsilon : 0.1, normalized : True, random_seed : 93, 
bias_direct: 0.02093659227392779
rmse_direct: 0.03174793494451468
bias_indirect: 0.017900672085890263
rmse_indirect: 0.022966395957791208
bias_total: 0.03253542570557811
rmse_total: 0.04306450162997744
bias_mr: 0.03855767752216848
rmse_mr: 0.04129234468930831
coverage: 1.0
