Experiment: expname : nonparametric_experiment, data : uniform, n_samples : 5000, mediator_dimension : 1, covariate_dimension : 1, alpha : 0.0, beta : 0.0, stochasticity : 1, gamma : 0.3, noise : uniform, 
Running with estimator : kme_dml, regularization : True, sample_splits : 1, reg_lambda : 0.001, reg_lambda_tilde : 0.001, kernel : linear, density : conditional_kernel, bandwidth : 0.3, bandwidth_mode : heuristic, epsilon : 0.1, normalized : True, random_seed : 28, 
bias_direct: 0.016395403694630932
rmse_direct: 0.019911500909772187
bias_indirect: 0.008000706500855081
rmse_indirect: 0.010027054044527315
bias_total: 0.01921823632977271
rmse_total: 0.024199871532986923
bias_mr: 0.018995589314551448
rmse_mr: 0.023084507660310335
coverage: 1.0
