Experiment: expname : baselines_experiment, data : uniform, n_samples : 500, mediator_dimension : 1, covariate_dimension : 1, alpha : 0.5, beta : 0.25, stochasticity : 1, gamma : 0.3, noise : uniform, 
Running with estimator : kme_dml, regularization : True, sample_splits : 1, reg_lambda : 0.001, reg_lambda_tilde : 0.001, kernel : gauss, density : gaussian, bandwidth : 0.3, bandwidth_mode : heuristic, epsilon : 0.3, normalized : True, random_seed : 33, 
bias_direct: 0.13763489848682986
rmse_direct: 0.17282228998926763
bias_indirect: 0.021599003885262244
rmse_indirect: 0.025543271486516965
bias_total: 0.12837890173598296
rmse_total: 0.15910354077135297
bias_mr: 0.10241541583376336
rmse_mr: 0.11639778239414346
coverage: 1.0
