Experiment: expname : nonparametric_experiment, data : uniform, n_samples : 500, mediator_dimension : 1, covariate_dimension : 1, alpha : 0.0, beta : 0.0, stochasticity : 1, gamma : 0.3, noise : uniform, 
Running with estimator : ipw, regularization : True, sample_splits : 1, reg_lambda : 0.001, reg_lambda_tilde : 0.001, kernel : linear, density : gaussian, bandwidth : 0.3, bandwidth_mode : heuristic, epsilon : 0.1, normalized : True, random_seed : 9, 
bias_direct: 0.18424590502302424
rmse_direct: 0.2172993191250264
bias_indirect: 0.06982758620689662
rmse_indirect: 0.07936276378669078
bias_total: 0.186964729224475
rmse_total: 0.2180701322504567
bias_mr: 0.10659775989965117
rmse_mr: 0.1228355467525581
coverage: 0.0
