Experiment: expname : nonparametric_experiment, data : uniform, n_samples : 500, mediator_dimension : 1, covariate_dimension : 1, alpha : 0.0, beta : 0.0, stochasticity : 1, gamma : 0.3, noise : uniform, 
Running with estimator : kme_dml, regularization : True, sample_splits : 1, reg_lambda : 0.001, reg_lambda_tilde : 0.001, kernel : linear, density : conditional_kernel, bandwidth : 0.3, bandwidth_mode : heuristic, epsilon : 0.1, normalized : True, random_seed : 86, 
bias_direct: 0.0372495091595647
rmse_direct: 0.046700859639082055
bias_indirect: 0.012230667606378616
rmse_indirect: 0.01658311592056189
bias_total: 0.04698070693974456
rmse_total: 0.05810329903891271
bias_mr: 0.1298761066805947
rmse_mr: 0.13823173335612055
coverage: 0.8620689655172413
