Experiment: expname : nonparametric_experiment, data : uniform, n_samples : 500, mediator_dimension : 1, covariate_dimension : 1, alpha : 0.0, beta : 0.0, stochasticity : 1, gamma : 0.3, noise : uniform, 
Running with estimator : ipw, regularization : True, sample_splits : 1, reg_lambda : 0.001, reg_lambda_tilde : 0.001, kernel : gauss, density : gaussian, bandwidth : 0.3, bandwidth_mode : heuristic, epsilon : 0.1, normalized : True, random_seed : 67, 
bias_direct: 0.19007475641032306
rmse_direct: 0.21344626241415904
bias_indirect: 0.06982758620689661
rmse_indirect: 0.07936276378669078
bias_total: 0.13716854064000292
rmse_total: 0.16220391447514299
bias_mr: 0.19239349054192217
rmse_mr: 0.21220247471215145
coverage: 0.0
