Experiment: expname : nonparametric_experiment, data : uniform, n_samples : 500, mediator_dimension : 1, covariate_dimension : 1, alpha : 0.0, beta : 0.0, stochasticity : 1, gamma : 0.3, noise : uniform, 
Running with estimator : kme_g_computation, regularization : True, sample_splits : 1, reg_lambda : 0.001, reg_lambda_tilde : 0.001, kernel : linear, density : conditional_kernel, bandwidth : 0.3, bandwidth_mode : heuristic, epsilon : 0.1, normalized : True, random_seed : 90, 
bias_direct: 0.15795696781275542
rmse_direct: 0.18021698207621703
bias_indirect: 0.10206214240536621
rmse_indirect: 0.1159992062344014
bias_total: 0.055894825407389236
rmse_total: 0.06470109366342382
bias_mr: 0.1569008168574716
rmse_mr: 0.17961901120534096
coverage: 0.0
