Experiment: expname : nonparametric_experiment, data : uniform, n_samples : 1000, mediator_dimension : 1, covariate_dimension : 1, alpha : 0.0, beta : 0.0, stochasticity : 1, gamma : 0.3, noise : uniform, 
Running with estimator : kme_dml, regularization : True, sample_splits : 1, reg_lambda : 0.001, reg_lambda_tilde : 0.001, kernel : gauss, density : gaussian, bandwidth : 0.3, bandwidth_mode : heuristic, epsilon : 0.1, normalized : True, random_seed : 26, 
bias_direct: 0.03691276849859126
rmse_direct: 0.05433835216921795
bias_indirect: 0.015265356077894946
rmse_indirect: 0.017060318540283313
bias_total: 0.05001197526278006
rmse_total: 0.0691291926424507
bias_mr: 0.04844580606226203
rmse_mr: 0.0521791659899389
coverage: 1.0
