Experiment: expname : nonparametric_experiment, data : uniform, n_samples : 5000, mediator_dimension : 1, covariate_dimension : 1, alpha : 0.0, beta : 0.0, stochasticity : 1, gamma : 0.3, noise : uniform, 
Running with estimator : kme_g_computation, regularization : True, sample_splits : 1, reg_lambda : 0.001, reg_lambda_tilde : 0.001, kernel : gauss, density : conditional_kernel, bandwidth : 0.3, bandwidth_mode : heuristic, epsilon : 0.1, normalized : True, random_seed : 30, 
bias_direct: 0.1662223524491711
rmse_direct: 0.18803485124920885
bias_indirect: 0.15501921930018558
rmse_indirect: 0.17616946381477078
bias_total: 0.01928095961903958
rmse_total: 0.024698448616812585
bias_mr: 0.1702028985401734
rmse_mr: 0.1932182061363204
coverage: 0.0
