Experiment: expname : nonparametric_experiment, data : uniform, n_samples : 1000, mediator_dimension : 1, covariate_dimension : 1, alpha : 0.0, beta : 0.0, stochasticity : 1, gamma : 0.3, noise : uniform, 
Running with estimator : kme_dml, regularization : True, sample_splits : 1, reg_lambda : 0.001, reg_lambda_tilde : 0.001, kernel : linear, density : gaussian, bandwidth : 0.3, bandwidth_mode : heuristic, epsilon : 0.1, normalized : True, random_seed : 5, 
bias_direct: 0.03949188953283047
rmse_direct: 0.06315711462498313
bias_indirect: 0.018624165134297682
rmse_indirect: 0.020558349038709414
bias_total: 0.046714567714688085
rmse_total: 0.06575712645819257
bias_mr: 0.04769320368473654
rmse_mr: 0.06476840478726695
coverage: 0.9310344827586207
