Experiment: expname : nonparametric_experiment, data : uniform, n_samples : 1000, mediator_dimension : 1, covariate_dimension : 1, alpha : 0.0, beta : 0.0, stochasticity : 1, gamma : 0.3, noise : uniform, 
Running with estimator : kme_dml, regularization : True, sample_splits : 1, reg_lambda : 0.001, reg_lambda_tilde : 0.001, kernel : gauss, density : conditional_kernel, bandwidth : 0.3, bandwidth_mode : heuristic, epsilon : 0.1, normalized : True, random_seed : 29, 
bias_direct: 0.04563559057932201
rmse_direct: 0.056505381968053596
bias_indirect: 0.015805184930809214
rmse_indirect: 0.01792377856958038
bias_total: 0.04358780474884419
rmse_total: 0.050225122489641456
bias_mr: 0.051734508160752986
rmse_mr: 0.06586663181515903
coverage: 1.0
