Experiment: expname : baselines_experiment, data : uniform, n_samples : 5000, mediator_dimension : 1, covariate_dimension : 1, alpha : 0.5, beta : 0.25, stochasticity : 1, gamma : 0.3, noise : uniform, 
Running with estimator : ipw, regularization : True, sample_splits : 1, reg_lambda : 0.001, reg_lambda_tilde : 0.001, kernel : gauss, density : gaussian, bandwidth : 0.3, bandwidth_mode : heuristic, epsilon : 0.3, normalized : True, random_seed : 94, 
bias_direct: 0.07746520721624382
rmse_direct: 0.09775304046741601
bias_indirect: 0.06982758620689657
rmse_indirect: 0.07936276378669076
bias_total: 0.03809196761184581
rmse_total: 0.05066387555773598
bias_mr: 0.10450368961023494
rmse_mr: 0.1640945819693055
coverage: 0.0
