Experiment: expname : nonparametric_experiment, data : uniform, n_samples : 1000, mediator_dimension : 1, covariate_dimension : 1, alpha : 0.0, beta : 0.0, stochasticity : 1, gamma : 0.3, noise : uniform, 
Running with estimator : kme_dml, regularization : True, sample_splits : 1, reg_lambda : 0.001, reg_lambda_tilde : 0.001, kernel : linear, density : gaussian, bandwidth : 0.3, bandwidth_mode : heuristic, epsilon : 0.1, normalized : True, random_seed : 55, 
bias_direct: 0.07868840933735848
rmse_direct: 0.09398948563453041
bias_indirect: 0.009425595897513277
rmse_indirect: 0.011488480414224268
bias_total: 0.07459744033366573
rmse_total: 0.08956700300488302
bias_mr: 0.063970712416721
rmse_mr: 0.07005283351409837
coverage: 1.0
