Experiment: expname : nonparametric_experiment, data : uniform, n_samples : 500, mediator_dimension : 1, covariate_dimension : 1, alpha : 0.0, beta : 0.0, stochasticity : 1, gamma : 0.3, noise : uniform, 
Running with estimator : ipw, regularization : True, sample_splits : 1, reg_lambda : 0.001, reg_lambda_tilde : 0.001, kernel : linear, density : gaussian, bandwidth : 0.3, bandwidth_mode : heuristic, epsilon : 0.1, normalized : True, random_seed : 90, 
bias_direct: 0.1568669403600186
rmse_direct: 0.19553454854678415
bias_indirect: 0.06982758620689661
rmse_indirect: 0.07936276378669078
bias_total: 0.15084529062819454
rmse_total: 0.1768285269793787
bias_mr: 0.12500632107514276
rmse_mr: 0.15538242419427115
coverage: 0.0
