Experiment: expname : nonparametric_experiment, data : uniform, n_samples : 1000, mediator_dimension : 1, covariate_dimension : 1, alpha : 0.0, beta : 0.0, stochasticity : 1, gamma : 0.3, noise : uniform, 
Running with estimator : kme_g_computation, regularization : True, sample_splits : 1, reg_lambda : 0.001, reg_lambda_tilde : 0.001, kernel : linear, density : conditional_kernel, bandwidth : 0.3, bandwidth_mode : heuristic, epsilon : 0.1, normalized : True, random_seed : 52, 
bias_direct: 0.17293685616450352
rmse_direct: 0.19638226728770702
bias_indirect: 0.15595261536909732
rmse_indirect: 0.17724838790260927
bias_total: 0.016984240795406207
rmse_total: 0.02010562950786098
bias_mr: 0.17324114796100562
rmse_mr: 0.1968675366708045
coverage: 0.0
