Experiment: expname : nonparametric_experiment, data : uniform, n_samples : 500, mediator_dimension : 1, covariate_dimension : 1, alpha : 0.0, beta : 0.0, stochasticity : 1, gamma : 0.3, noise : uniform, 
Running with estimator : ipw, regularization : True, sample_splits : 1, reg_lambda : 0.001, reg_lambda_tilde : 0.001, kernel : gauss, density : gaussian, bandwidth : 0.3, bandwidth_mode : heuristic, epsilon : 0.1, normalized : True, random_seed : 53, 
bias_direct: 0.29627906351265365
rmse_direct: 0.3407520183437804
bias_indirect: 0.06982758620689662
rmse_indirect: 0.0793627637866908
bias_total: 0.3023253046301956
rmse_total: 0.33198235813765836
bias_mr: 0.14429897397382213
rmse_mr: 0.17275270316614105
coverage: 0.0
