Experiment: expname : nonparametric_experiment, data : uniform, n_samples : 1000, mediator_dimension : 1, covariate_dimension : 1, alpha : 0.0, beta : 0.0, stochasticity : 1, gamma : 0.3, noise : uniform, 
Running with estimator : kme_g_computation, regularization : True, sample_splits : 1, reg_lambda : 0.001, reg_lambda_tilde : 0.001, kernel : linear, density : gaussian, bandwidth : 0.3, bandwidth_mode : heuristic, epsilon : 0.1, normalized : True, random_seed : 26, 
bias_direct: 0.16001257606920874
rmse_direct: 0.18169411951851858
bias_indirect: 0.13638974150635713
rmse_indirect: 0.15501417521995564
bias_total: 0.023622834562851587
rmse_total: 0.02757615164091592
bias_mr: 0.15992572383411255
rmse_mr: 0.18241781659231987
coverage: 0.0
