Experiment: expname : nonparametric_experiment, data : uniform, n_samples : 5000, mediator_dimension : 1, covariate_dimension : 1, alpha : 0.0, beta : 0.0, stochasticity : 1, gamma : 0.3, noise : uniform, 
Running with estimator : kme_dml, regularization : True, sample_splits : 1, reg_lambda : 0.001, reg_lambda_tilde : 0.001, kernel : linear, density : conditional_kernel, bandwidth : 0.3, bandwidth_mode : heuristic, epsilon : 0.1, normalized : True, random_seed : 94, 
bias_direct: 0.01693308269844683
rmse_direct: 0.021454705272617357
bias_indirect: 0.007169664628946559
rmse_indirect: 0.008538117574949863
bias_total: 0.021936329556107626
rmse_total: 0.025984639148815793
bias_mr: 0.04270667482350926
rmse_mr: 0.04749126494439513
coverage: 1.0
