Experiment: expname : baselines_experiment, data : uniform, n_samples : 500, mediator_dimension : 1, covariate_dimension : 1, alpha : 0.5, beta : 0.25, stochasticity : 1, gamma : 0.3, noise : uniform, 
Running with estimator : linear, regularization : True, sample_splits : 1, reg_lambda : 0.001, reg_lambda_tilde : 0.001, kernel : gauss, density : gaussian, bandwidth : 0.3, bandwidth_mode : heuristic, epsilon : 0.3, normalized : True, random_seed : 57, 
bias_direct: 0.3345731163607512
rmse_direct: 0.38239867582971154
bias_indirect: 0.014402793299138237
rmse_indirect: 0.016369540242752178
bias_total: 0.32196267067217244
rmse_total: 0.3680702204452233
bias_mr: 0.32285990324091984
rmse_mr: 0.3431728992822749
coverage: 0.0
