Experiment: expname : nonparametric_experiment, data : uniform, n_samples : 500, mediator_dimension : 1, covariate_dimension : 1, alpha : 0.0, beta : 0.0, stochasticity : 1, gamma : 0.3, noise : uniform, 
Running with estimator : kme_dml, regularization : True, sample_splits : 1, reg_lambda : 0.001, reg_lambda_tilde : 0.001, kernel : gauss, density : conditional_kernel, bandwidth : 0.3, bandwidth_mode : heuristic, epsilon : 0.1, normalized : True, random_seed : 72, 
bias_direct: 0.04520965254559793
rmse_direct: 0.055597245560143685
bias_indirect: 0.048320661147858525
rmse_indirect: 0.055955540766266736
bias_total: 0.08568735799993668
rmse_total: 0.09517570720856694
bias_mr: 0.052549922970014824
rmse_mr: 0.06367244855848908
coverage: 1.0
