Experiment: expname : nonparametric_experiment, data : uniform, n_samples : 5000, mediator_dimension : 1, covariate_dimension : 1, alpha : 0.0, beta : 0.0, stochasticity : 1, gamma : 0.3, noise : uniform, 
Running with estimator : ipw, regularization : True, sample_splits : 1, reg_lambda : 0.001, reg_lambda_tilde : 0.001, kernel : linear, density : gaussian, bandwidth : 0.3, bandwidth_mode : heuristic, epsilon : 0.1, normalized : True, random_seed : 65, 
bias_direct: 0.08229090682029071
rmse_direct: 0.09781707644428476
bias_indirect: 0.06982758620689662
rmse_indirect: 0.0793627637866908
bias_total: 0.05156125121728463
rmse_total: 0.06302495204538272
bias_mr: 0.0913082507948464
rmse_mr: 0.11656147667065578
coverage: 0.0
