Experiment: expname : nonparametric_experiment, data : uniform, n_samples : 5000, mediator_dimension : 1, covariate_dimension : 1, alpha : 0.0, beta : 0.0, stochasticity : 1, gamma : 0.3, noise : uniform, 
Running with estimator : ipw, regularization : True, sample_splits : 1, reg_lambda : 0.001, reg_lambda_tilde : 0.001, kernel : gauss, density : conditional_kernel, bandwidth : 0.3, bandwidth_mode : heuristic, epsilon : 0.1, normalized : True, random_seed : 64, 
bias_direct: 0.07080694830067562
rmse_direct: 0.08128723363830315
bias_indirect: 0.03752519124694497
rmse_indirect: 0.040662041256415045
bias_total: 0.05384251092404723
rmse_total: 0.06247064073710914
bias_mr: 0.053056770700382686
rmse_mr: 0.07303211499520008
coverage: 0.0
