Experiment: expname : baselines_experiment, data : uniform, n_samples : 5000, mediator_dimension : 1, covariate_dimension : 1, alpha : 0.5, beta : 0.25, stochasticity : 1, gamma : 0.3, noise : uniform, 
Running with estimator : linear, regularization : True, sample_splits : 1, reg_lambda : 0.001, reg_lambda_tilde : 0.001, kernel : gauss, density : gaussian, bandwidth : 0.3, bandwidth_mode : heuristic, epsilon : 0.3, normalized : True, random_seed : 21, 
bias_direct: 0.3004490233169016
rmse_direct: 0.3440462513687154
bias_indirect: 0.0032376483030133844
rmse_indirect: 0.003679759411060003
bias_total: 0.30328376427554
rmse_total: 0.3471783604562267
bias_mr: 0.2838837229791938
rmse_mr: 0.3027375713000784
coverage: 0.0
