Experiment: expname : nonparametric_experiment, data : uniform, n_samples : 5000, mediator_dimension : 1, covariate_dimension : 1, alpha : 0.0, beta : 0.0, stochasticity : 1, gamma : 0.3, noise : uniform, 
Running with estimator : kme_dml, regularization : True, sample_splits : 1, reg_lambda : 0.001, reg_lambda_tilde : 0.001, kernel : linear, density : conditional_kernel, bandwidth : 0.3, bandwidth_mode : heuristic, epsilon : 0.1, normalized : True, random_seed : 85, 
bias_direct: 0.034043376197568635
rmse_direct: 0.041060820335677595
bias_indirect: 0.01106767653906184
rmse_indirect: 0.012414186253034153
bias_total: 0.02425260173886529
rmse_total: 0.03072543242498141
bias_mr: 0.02672535456011749
rmse_mr: 0.02991490533624831
coverage: 1.0
