Experiment: expname : baselines_experiment, data : uniform, n_samples : 1000, mediator_dimension : 1, covariate_dimension : 1, alpha : 0.5, beta : 0.25, stochasticity : 1, gamma : 0.3, noise : uniform, 
Running with estimator : ipw, regularization : True, sample_splits : 1, reg_lambda : 0.001, reg_lambda_tilde : 0.001, kernel : gauss, density : gaussian, bandwidth : 0.3, bandwidth_mode : heuristic, epsilon : 0.3, normalized : True, random_seed : 85, 
bias_direct: 0.160284741323027
rmse_direct: 0.22972217607806078
bias_indirect: 0.0698275862068966
rmse_indirect: 0.07936276378669077
bias_total: 0.16761667165447586
rmse_total: 0.21011856020559316
bias_mr: 0.19997657875374475
rmse_mr: 0.27172335335000386
coverage: 0.0
