Experiment: expname : baselines_experiment, data : uniform, n_samples : 500, mediator_dimension : 1, covariate_dimension : 1, alpha : 0.5, beta : 0.25, stochasticity : 1, gamma : 0.3, noise : uniform, 
Running with estimator : kme_g_computation, regularization : True, sample_splits : 1, reg_lambda : 0.001, reg_lambda_tilde : 0.001, kernel : gauss, density : gaussian, bandwidth : 0.3, bandwidth_mode : heuristic, epsilon : 0.3, normalized : True, random_seed : 88, 
bias_direct: 0.3713215676214455
rmse_direct: 0.4729896165842889
bias_indirect: 0.3784097144612271
rmse_indirect: 0.508729431010691
bias_total: 0.04005942165439258
rmse_total: 0.06052298834704781
bias_mr: 0.41571299479897433
rmse_mr: 0.5377822866001705
coverage: 0.0
