Experiment: expname : nonparametric_experiment, data : uniform, n_samples : 1000, mediator_dimension : 1, covariate_dimension : 1, alpha : 0.0, beta : 0.0, stochasticity : 1, gamma : 0.3, noise : uniform, 
Running with estimator : kme_dml, regularization : True, sample_splits : 1, reg_lambda : 0.001, reg_lambda_tilde : 0.001, kernel : linear, density : conditional_kernel, bandwidth : 0.3, bandwidth_mode : heuristic, epsilon : 0.1, normalized : True, random_seed : 72, 
bias_direct: 0.11325476765626567
rmse_direct: 0.13312244446837931
bias_indirect: 0.02544850962236505
rmse_indirect: 0.028077634936977517
bias_total: 0.13779414164588605
rmse_total: 0.1597250149942132
bias_mr: 0.05258244390330412
rmse_mr: 0.06265299622304836
coverage: 1.0
