Experiment: expname : nonparametric_experiment, data : uniform, n_samples : 5000, mediator_dimension : 1, covariate_dimension : 1, alpha : 0.0, beta : 0.0, stochasticity : 1, gamma : 0.3, noise : uniform, 
Running with estimator : ipw, regularization : True, sample_splits : 1, reg_lambda : 0.001, reg_lambda_tilde : 0.001, kernel : gauss, density : conditional_kernel, bandwidth : 0.3, bandwidth_mode : heuristic, epsilon : 0.1, normalized : True, random_seed : 96, 
bias_direct: 0.03707381947918397
rmse_direct: 0.04439841239611614
bias_indirect: 0.01184480943753766
rmse_indirect: 0.016245722364130827
bias_total: 0.036774583058495576
rmse_total: 0.048323682721872124
bias_mr: 0.03303710069514009
rmse_mr: 0.0401376630481113
coverage: 0.0
