Experiment: expname : nonparametric_experiment, data : uniform, n_samples : 5000, mediator_dimension : 1, covariate_dimension : 1, alpha : 0.0, beta : 0.0, stochasticity : 1, gamma : 0.3, noise : uniform, 
Running with estimator : kme_dml, regularization : True, sample_splits : 1, reg_lambda : 0.001, reg_lambda_tilde : 0.001, kernel : linear, density : conditional_kernel, bandwidth : 0.3, bandwidth_mode : heuristic, epsilon : 0.1, normalized : True, random_seed : 68, 
bias_direct: 0.05639022023234635
rmse_direct: 0.06381727220477407
bias_indirect: 0.010750979223777626
rmse_indirect: 0.013344407743412452
bias_total: 0.0666549545028085
rmse_total: 0.07489870814470556
bias_mr: 0.028838215842949808
rmse_mr: 0.03489907141232623
coverage: 1.0
