Experiment: expname : baselines_experiment, data : uniform, n_samples : 1000, mediator_dimension : 1, covariate_dimension : 1, alpha : 0.5, beta : 0.25, stochasticity : 1, gamma : 0.3, noise : uniform, 
Running with estimator : ipw, regularization : True, sample_splits : 1, reg_lambda : 0.001, reg_lambda_tilde : 0.001, kernel : gauss, density : gaussian, bandwidth : 0.3, bandwidth_mode : heuristic, epsilon : 0.3, normalized : True, random_seed : 5, 
bias_direct: 0.060946542704608676
rmse_direct: 0.08419631141676007
bias_indirect: 0.06982758620689661
rmse_indirect: 0.07936276378669078
bias_total: 0.07857566069415042
rmse_total: 0.12061669279275082
bias_mr: 0.14460003765387122
rmse_mr: 0.203996499120987
coverage: 0.0
