Experiment: expname : baselines_experiment, data : uniform, n_samples : 5000, mediator_dimension : 1, covariate_dimension : 1, alpha : 0.5, beta : 0.25, stochasticity : 1, gamma : 0.3, noise : uniform, 
Running with estimator : kme_g_computation, regularization : True, sample_splits : 1, reg_lambda : 0.001, reg_lambda_tilde : 0.001, kernel : gauss, density : gaussian, bandwidth : 0.3, bandwidth_mode : heuristic, epsilon : 0.3, normalized : True, random_seed : 49, 
bias_direct: 0.34866598527292525
rmse_direct: 0.46156345542494714
bias_indirect: 0.3792212562572008
rmse_indirect: 0.5025431508380209
bias_total: 0.05765227774258816
rmse_total: 0.08552619891732
bias_mr: 0.37921516329573873
rmse_mr: 0.49598092691772
coverage: 0.0
