Experiment: expname : nonparametric_experiment, data : uniform, n_samples : 1000, mediator_dimension : 1, covariate_dimension : 1, alpha : 0.0, beta : 0.0, stochasticity : 1, gamma : 0.3, noise : uniform, 
Running with estimator : kme_dml, regularization : True, sample_splits : 1, reg_lambda : 0.001, reg_lambda_tilde : 0.001, kernel : linear, density : conditional_kernel, bandwidth : 0.3, bandwidth_mode : heuristic, epsilon : 0.1, normalized : True, random_seed : 18, 
bias_direct: 0.05378897023927174
rmse_direct: 0.06185295756338965
bias_indirect: 0.026028022458854317
rmse_indirect: 0.031565565716660554
bias_total: 0.03829650439277159
rmse_total: 0.05015499211252145
bias_mr: 0.06334170556669903
rmse_mr: 0.07342201308294387
coverage: 1.0
