Experiment: expname : nonparametric_experiment, data : uniform, n_samples : 5000, mediator_dimension : 1, covariate_dimension : 1, alpha : 0.0, beta : 0.0, stochasticity : 1, gamma : 0.3, noise : uniform, 
Running with estimator : kme_g_computation, regularization : True, sample_splits : 1, reg_lambda : 0.001, reg_lambda_tilde : 0.001, kernel : linear, density : gaussian, bandwidth : 0.3, bandwidth_mode : heuristic, epsilon : 0.1, normalized : True, random_seed : 13, 
bias_direct: 0.16785103331327794
rmse_direct: 0.19107075730440945
bias_indirect: 0.17229093971821133
rmse_indirect: 0.19581780339750735
bias_total: 0.00473625954748352
rmse_total: 0.007139219469970338
bias_mr: 0.16818814613306607
rmse_mr: 0.19276158607046462
coverage: 0.0
