Experiment: expname : nonparametric_experiment, data : uniform, n_samples : 1000, mediator_dimension : 1, covariate_dimension : 1, alpha : 0.0, beta : 0.0, stochasticity : 1, gamma : 0.3, noise : uniform, 
Running with estimator : kme_dml, regularization : True, sample_splits : 1, reg_lambda : 0.001, reg_lambda_tilde : 0.001, kernel : gauss, density : gaussian, bandwidth : 0.3, bandwidth_mode : heuristic, epsilon : 0.1, normalized : True, random_seed : 6, 
bias_direct: 0.08456782909067324
rmse_direct: 0.10319538854119434
bias_indirect: 0.01783921074724831
rmse_indirect: 0.027215964905928848
bias_total: 0.08914437135839479
rmse_total: 0.1084839856737643
bias_mr: 0.07318783180911131
rmse_mr: 0.09854538455842084
coverage: 0.8620689655172413
