Experiment: expname : nonparametric_experiment, data : uniform, n_samples : 1000, mediator_dimension : 1, covariate_dimension : 1, alpha : 0.0, beta : 0.0, stochasticity : 1, gamma : 0.3, noise : uniform, 
Running with estimator : kme_dml, regularization : True, sample_splits : 1, reg_lambda : 0.001, reg_lambda_tilde : 0.001, kernel : gauss, density : gaussian, bandwidth : 0.3, bandwidth_mode : heuristic, epsilon : 0.1, normalized : True, random_seed : 5, 
bias_direct: 0.03687625230741935
rmse_direct: 0.058710810716321775
bias_indirect: 0.011904331423137359
rmse_indirect: 0.015488642762785436
bias_total: 0.04773826797872715
rmse_total: 0.06647889224221117
bias_mr: 0.0391822227411711
rmse_mr: 0.0531280033997658
coverage: 0.9655172413793104
