Experiment: expname : nonparametric_experiment, data : uniform, n_samples : 500, mediator_dimension : 1, covariate_dimension : 1, alpha : 0.0, beta : 0.0, stochasticity : 1, gamma : 0.3, noise : uniform, 
Running with estimator : ipw, regularization : True, sample_splits : 1, reg_lambda : 0.001, reg_lambda_tilde : 0.001, kernel : linear, density : conditional_kernel, bandwidth : 0.3, bandwidth_mode : heuristic, epsilon : 0.1, normalized : True, random_seed : 4, 
bias_direct: 0.1398175473708917
rmse_direct: 0.16055989588155556
bias_indirect: 0.03581533755925227
rmse_indirect: 0.044375718533530305
bias_total: 0.13450488867942023
rmse_total: 0.15478733982391116
bias_mr: 0.07168111296698987
rmse_mr: 0.08511319992106074
coverage: 0.0
