Experiment: expname : nonparametric_experiment, data : uniform, n_samples : 1000, mediator_dimension : 1, covariate_dimension : 1, alpha : 0.0, beta : 0.0, stochasticity : 1, gamma : 0.3, noise : uniform, 
Running with estimator : kme_g_computation, regularization : True, sample_splits : 1, reg_lambda : 0.001, reg_lambda_tilde : 0.001, kernel : gauss, density : conditional_kernel, bandwidth : 0.3, bandwidth_mode : heuristic, epsilon : 0.1, normalized : True, random_seed : 28, 
bias_direct: 0.16019370063416102
rmse_direct: 0.18205324422162542
bias_indirect: 0.23457921758218028
rmse_indirect: 0.2836119470231674
bias_total: 0.09285786586073315
rmse_total: 0.12865115301292987
bias_mr: 0.18577480405992947
rmse_mr: 0.22650923683846183
coverage: 0.0
