Experiment: expname : nonparametric_experiment, data : uniform, n_samples : 1000, mediator_dimension : 1, covariate_dimension : 1, alpha : 0.0, beta : 0.0, stochasticity : 1, gamma : 0.3, noise : uniform, 
Running with estimator : kme_g_computation, regularization : True, sample_splits : 1, reg_lambda : 0.001, reg_lambda_tilde : 0.001, kernel : linear, density : gaussian, bandwidth : 0.3, bandwidth_mode : heuristic, epsilon : 0.1, normalized : True, random_seed : 49, 
bias_direct: 0.14392759214361434
rmse_direct: 0.1638930048583602
bias_indirect: 0.15152991671463753
rmse_indirect: 0.17222177335405753
bias_total: 0.015294589785903713
rmse_total: 0.021500916803504917
bias_mr: 0.14570350464842816
rmse_mr: 0.16601767879136456
coverage: 0.0
