Experiment: expname : nonparametric_experiment, data : uniform, n_samples : 500, mediator_dimension : 1, covariate_dimension : 1, alpha : 0.0, beta : 0.0, stochasticity : 1, gamma : 0.3, noise : uniform, 
Running with estimator : kme_dml, regularization : True, sample_splits : 1, reg_lambda : 0.001, reg_lambda_tilde : 0.001, kernel : linear, density : gaussian, bandwidth : 0.3, bandwidth_mode : heuristic, epsilon : 0.1, normalized : True, random_seed : 28, 
bias_direct: 0.09851564372078597
rmse_direct: 0.1273052549345153
bias_indirect: 0.02364791866031081
rmse_indirect: 0.028720045006425488
bias_total: 0.11125654668493555
rmse_total: 0.14896792703523506
bias_mr: 0.09610758846920629
rmse_mr: 0.12033212679184332
coverage: 0.9310344827586207
