Experiment: expname : nonparametric_experiment, data : uniform, n_samples : 5000, mediator_dimension : 1, covariate_dimension : 1, alpha : 0.0, beta : 0.0, stochasticity : 1, gamma : 0.3, noise : uniform, 
Running with estimator : ipw, regularization : True, sample_splits : 1, reg_lambda : 0.001, reg_lambda_tilde : 0.001, kernel : linear, density : gaussian, bandwidth : 0.3, bandwidth_mode : heuristic, epsilon : 0.1, normalized : True, random_seed : 63, 
bias_direct: 0.09886329385118423
rmse_direct: 0.11583731011753141
bias_indirect: 0.06982758620689658
rmse_indirect: 0.07936276378669077
bias_total: 0.052847963384877225
rmse_total: 0.05938691004850586
bias_mr: 0.10114133680605644
rmse_mr: 0.11361850904090669
coverage: 0.0
