Experiment: expname : nonparametric_experiment, data : uniform, n_samples : 500, mediator_dimension : 1, covariate_dimension : 1, alpha : 0.0, beta : 0.0, stochasticity : 1, gamma : 0.3, noise : uniform, 
Running with estimator : ipw, regularization : True, sample_splits : 1, reg_lambda : 0.001, reg_lambda_tilde : 0.001, kernel : linear, density : conditional_kernel, bandwidth : 0.3, bandwidth_mode : heuristic, epsilon : 0.1, normalized : True, random_seed : 74, 
bias_direct: 0.087858055970158
rmse_direct: 0.10696628429960166
bias_indirect: 0.03383612033372769
rmse_indirect: 0.039283479732658756
bias_total: 0.09566802558417097
rmse_total: 0.1125854312472028
bias_mr: 0.10564776108222942
rmse_mr: 0.12873965162230117
coverage: 0.0
