Experiment: expname : nonparametric_experiment, data : uniform, n_samples : 5000, mediator_dimension : 1, covariate_dimension : 1, alpha : 0.0, beta : 0.0, stochasticity : 1, gamma : 0.3, noise : uniform, 
Running with estimator : kme_dml, regularization : True, sample_splits : 1, reg_lambda : 0.001, reg_lambda_tilde : 0.001, kernel : gauss, density : conditional_kernel, bandwidth : 0.3, bandwidth_mode : heuristic, epsilon : 0.1, normalized : True, random_seed : 22, 
bias_direct: 0.04282510768623819
rmse_direct: 0.049377675966563686
bias_indirect: 0.007250458642743974
rmse_indirect: 0.009013915486749154
bias_total: 0.047165819617757766
rmse_total: 0.053567930429952997
bias_mr: 0.030470144604577563
rmse_mr: 0.039365000392638884
coverage: 1.0
