Experiment: expname : nonparametric_experiment, data : uniform, n_samples : 500, mediator_dimension : 1, covariate_dimension : 1, alpha : 0.0, beta : 0.0, stochasticity : 1, gamma : 0.3, noise : uniform, 
Running with estimator : kme_g_computation, regularization : True, sample_splits : 1, reg_lambda : 0.001, reg_lambda_tilde : 0.001, kernel : gauss, density : gaussian, bandwidth : 0.3, bandwidth_mode : heuristic, epsilon : 0.1, normalized : True, random_seed : 25, 
bias_direct: 0.1780853831743216
rmse_direct: 0.20131286003548232
bias_indirect: 0.21327248106132257
rmse_indirect: 0.258249060774863
bias_total: 0.07467517712903987
rmse_total: 0.10947012639985444
bias_mr: 0.23377555833549948
rmse_mr: 0.27774908362203615
coverage: 0.0
