Experiment: expname : nonparametric_experiment, data : uniform, n_samples : 500, mediator_dimension : 1, covariate_dimension : 1, alpha : 0.0, beta : 0.0, stochasticity : 1, gamma : 0.3, noise : uniform, 
Running with estimator : kme_dml, regularization : True, sample_splits : 1, reg_lambda : 0.001, reg_lambda_tilde : 0.001, kernel : linear, density : conditional_kernel, bandwidth : 0.3, bandwidth_mode : heuristic, epsilon : 0.1, normalized : True, random_seed : 5, 
bias_direct: 0.06769029562658821
rmse_direct: 0.10644604118371988
bias_indirect: 0.026369377781488696
rmse_indirect: 0.030789243101597825
bias_total: 0.09240169018544764
rmse_total: 0.1246398033617195
bias_mr: 0.06912033848875829
rmse_mr: 0.08420463107039296
coverage: 0.9655172413793104
