Experiment: expname : nonparametric_experiment, data : uniform, n_samples : 1000, mediator_dimension : 1, covariate_dimension : 1, alpha : 0.0, beta : 0.0, stochasticity : 1, gamma : 0.3, noise : uniform, 
Running with estimator : kme_g_computation, regularization : True, sample_splits : 1, reg_lambda : 0.001, reg_lambda_tilde : 0.001, kernel : gauss, density : conditional_kernel, bandwidth : 0.3, bandwidth_mode : heuristic, epsilon : 0.1, normalized : True, random_seed : 46, 
bias_direct: 0.1483795841026488
rmse_direct: 0.17401109642363535
bias_indirect: 0.2549833880174355
rmse_indirect: 0.29095755193217887
bias_total: 0.10660380391478676
rmse_total: 0.11854417352967561
bias_mr: 0.1533839400710066
rmse_mr: 0.1884295480188805
coverage: 0.0
