Experiment: expname : baselines_experiment, data : uniform, n_samples : 500, mediator_dimension : 1, covariate_dimension : 1, alpha : 0.5, beta : 0.25, stochasticity : 1, gamma : 0.3, noise : uniform, 
Running with estimator : linear, regularization : True, sample_splits : 1, reg_lambda : 0.001, reg_lambda_tilde : 0.001, kernel : gauss, density : gaussian, bandwidth : 0.3, bandwidth_mode : heuristic, epsilon : 0.3, normalized : True, random_seed : 20, 
bias_direct: 0.305724662223831
rmse_direct: 0.3498838550410963
bias_indirect: 0.0009485518181188419
rmse_indirect: 0.0010780795666880231
bias_total: 0.30655517203791727
rmse_total: 0.3508061609805235
bias_mr: 0.2886512918279672
rmse_mr: 0.3102827703608148
coverage: 0.0
