Experiment: expname : nonparametric_experiment, data : uniform, n_samples : 500, mediator_dimension : 1, covariate_dimension : 1, alpha : 0.0, beta : 0.0, stochasticity : 1, gamma : 0.3, noise : uniform, 
Running with estimator : ipw, regularization : True, sample_splits : 1, reg_lambda : 0.001, reg_lambda_tilde : 0.001, kernel : gauss, density : conditional_kernel, bandwidth : 0.3, bandwidth_mode : heuristic, epsilon : 0.1, normalized : True, random_seed : 83, 
bias_direct: 0.13150113747183134
rmse_direct: 0.15971176090050862
bias_indirect: 0.05138393220225008
rmse_indirect: 0.056952946205611095
bias_total: 0.14066303363757074
rmse_total: 0.1680983943793603
bias_mr: 0.13353165039432965
rmse_mr: 0.1597394508113367
coverage: 0.0
