Experiment: expname : baselines_experiment, data : uniform, n_samples : 5000, mediator_dimension : 1, covariate_dimension : 1, alpha : 0.5, beta : 0.25, stochasticity : 1, gamma : 0.3, noise : uniform, 
Running with estimator : kme_g_computation, regularization : True, sample_splits : 1, reg_lambda : 0.001, reg_lambda_tilde : 0.001, kernel : gauss, density : gaussian, bandwidth : 0.3, bandwidth_mode : heuristic, epsilon : 0.3, normalized : True, random_seed : 62, 
bias_direct: 0.37539246444797686
rmse_direct: 0.49319701622955264
bias_indirect: 0.42146780225961067
rmse_indirect: 0.5415992754993519
bias_total: 0.046075337811633685
rmse_total: 0.059565464870627687
bias_mr: 0.3822892967284138
rmse_mr: 0.504023599304824
coverage: 0.0
