Experiment: expname : nonparametric_experiment, data : uniform, n_samples : 1000, mediator_dimension : 1, covariate_dimension : 1, alpha : 0.0, beta : 0.0, stochasticity : 1, gamma : 0.3, noise : uniform, 
Running with estimator : kme_g_computation, regularization : True, sample_splits : 1, reg_lambda : 0.001, reg_lambda_tilde : 0.001, kernel : linear, density : conditional_kernel, bandwidth : 0.3, bandwidth_mode : heuristic, epsilon : 0.1, normalized : True, random_seed : 64, 
bias_direct: 0.15845118615992504
rmse_direct: 0.1801638068712298
bias_indirect: 0.1782295861378882
rmse_indirect: 0.2025673984083058
bias_total: 0.019778399977963202
rmse_total: 0.02246668168793001
bias_mr: 0.1586932895020719
rmse_mr: 0.18087593619016892
coverage: 0.0
