Experiment: expname : nonparametric_experiment, data : uniform, n_samples : 5000, mediator_dimension : 1, covariate_dimension : 1, alpha : 0.0, beta : 0.0, stochasticity : 1, gamma : 0.3, noise : uniform, 
Running with estimator : ipw, regularization : True, sample_splits : 1, reg_lambda : 0.001, reg_lambda_tilde : 0.001, kernel : linear, density : gaussian, bandwidth : 0.3, bandwidth_mode : heuristic, epsilon : 0.1, normalized : True, random_seed : 47, 
bias_direct: 0.10905474195428119
rmse_direct: 0.13527404666415843
bias_indirect: 0.0698275862068966
rmse_indirect: 0.07936276378669077
bias_total: 0.10756501635434178
rmse_total: 0.12836297864632235
bias_mr: 0.06814071048469877
rmse_mr: 0.08974313000799716
coverage: 0.0
