Experiment: expname : nonparametric_experiment, data : uniform, n_samples : 500, mediator_dimension : 1, covariate_dimension : 1, alpha : 0.0, beta : 0.0, stochasticity : 1, gamma : 0.3, noise : uniform, 
Running with estimator : kme_g_computation, regularization : True, sample_splits : 1, reg_lambda : 0.001, reg_lambda_tilde : 0.001, kernel : linear, density : conditional_kernel, bandwidth : 0.3, bandwidth_mode : heuristic, epsilon : 0.1, normalized : True, random_seed : 30, 
bias_direct: 0.14687148525165275
rmse_direct: 0.16680985533848253
bias_indirect: 0.15715961713852417
rmse_indirect: 0.1786202308279986
bias_total: 0.010288131886871403
rmse_total: 0.012419065766686693
bias_mr: 0.1569229513125044
rmse_mr: 0.1863697314732515
coverage: 0.0
