Experiment: expname : baselines_experiment, data : uniform, n_samples : 5000, mediator_dimension : 1, covariate_dimension : 1, alpha : 0.5, beta : 0.25, stochasticity : 1, gamma : 0.3, noise : uniform, 
Running with estimator : linear, regularization : True, sample_splits : 1, reg_lambda : 0.001, reg_lambda_tilde : 0.001, kernel : gauss, density : gaussian, bandwidth : 0.3, bandwidth_mode : heuristic, epsilon : 0.3, normalized : True, random_seed : 75, 
bias_direct: 0.3160838377925076
rmse_direct: 0.3614497215440529
bias_indirect: 0.006783901038870932
rmse_indirect: 0.007710264165583105
bias_total: 0.32202352003543017
rmse_total: 0.36813895109279976
bias_mr: 0.3016062811237678
rmse_mr: 0.321069999128843
coverage: 0.0
