Experiment: expname : baselines_experiment, data : uniform, n_samples : 5000, mediator_dimension : 1, covariate_dimension : 1, alpha : 0.5, beta : 0.25, stochasticity : 1, gamma : 0.3, noise : uniform, 
Running with estimator : kme_g_computation, regularization : True, sample_splits : 1, reg_lambda : 0.001, reg_lambda_tilde : 0.001, kernel : gauss, density : gaussian, bandwidth : 0.3, bandwidth_mode : heuristic, epsilon : 0.3, normalized : True, random_seed : 40, 
bias_direct: 0.37573628852567353
rmse_direct: 0.4902644603140508
bias_indirect: 0.3925301909133971
rmse_indirect: 0.5171699295987836
bias_total: 0.025025167383192593
rmse_total: 0.032090920404978227
bias_mr: 0.38002159434372845
rmse_mr: 0.499266299897331
coverage: 0.0
