Experiment: expname : nonparametric_experiment, data : uniform, n_samples : 1000, mediator_dimension : 1, covariate_dimension : 1, alpha : 0.0, beta : 0.0, stochasticity : 1, gamma : 0.3, noise : uniform, 
Running with estimator : kme_dml, regularization : True, sample_splits : 1, reg_lambda : 0.001, reg_lambda_tilde : 0.001, kernel : gauss, density : gaussian, bandwidth : 0.3, bandwidth_mode : heuristic, epsilon : 0.1, normalized : True, random_seed : 23, 
bias_direct: 0.05359457328345346
rmse_direct: 0.08137618127343652
bias_indirect: 0.018703247967976733
rmse_indirect: 0.023701299334612038
bias_total: 0.037056972317557654
rmse_total: 0.06459917470859416
bias_mr: 0.05467414332702686
rmse_mr: 0.05945325819082414
coverage: 1.0
