Experiment: expname : nonparametric_experiment, data : uniform, n_samples : 500, mediator_dimension : 1, covariate_dimension : 1, alpha : 0.0, beta : 0.0, stochasticity : 1, gamma : 0.3, noise : uniform, 
Running with estimator : kme_dml, regularization : True, sample_splits : 1, reg_lambda : 0.001, reg_lambda_tilde : 0.001, kernel : gauss, density : conditional_kernel, bandwidth : 0.3, bandwidth_mode : heuristic, epsilon : 0.1, normalized : True, random_seed : 89, 
bias_direct: 0.121676064841494
rmse_direct: 0.15059446717498517
bias_indirect: 0.006142614560041235
rmse_indirect: 0.0075295401594756214
bias_total: 0.12519140620589866
rmse_total: 0.1538492549788647
bias_mr: 0.09305364464549246
rmse_mr: 0.11192001004943461
coverage: 0.896551724137931
