Experiment: expname : nonparametric_experiment, data : uniform, n_samples : 5000, mediator_dimension : 1, covariate_dimension : 1, alpha : 0.0, beta : 0.0, stochasticity : 1, gamma : 0.3, noise : uniform, 
Running with estimator : kme_dml, regularization : True, sample_splits : 1, reg_lambda : 0.001, reg_lambda_tilde : 0.001, kernel : linear, density : conditional_kernel, bandwidth : 0.3, bandwidth_mode : heuristic, epsilon : 0.1, normalized : True, random_seed : 19, 
bias_direct: 0.03079439610335472
rmse_direct: 0.034685650508409535
bias_indirect: 0.02565993256249963
rmse_indirect: 0.030200891796645226
bias_total: 0.04195411574621436
rmse_total: 0.05041451987191489
bias_mr: 0.034572918651123684
rmse_mr: 0.04336565318080366
coverage: 1.0
