Experiment: expname : nonparametric_experiment, data : uniform, n_samples : 1000, mediator_dimension : 1, covariate_dimension : 1, alpha : 0.0, beta : 0.0, stochasticity : 1, gamma : 0.3, noise : uniform, 
Running with estimator : kme_g_computation, regularization : True, sample_splits : 1, reg_lambda : 0.001, reg_lambda_tilde : 0.001, kernel : gauss, density : conditional_kernel, bandwidth : 0.3, bandwidth_mode : heuristic, epsilon : 0.1, normalized : True, random_seed : 17, 
bias_direct: 0.1797324860356831
rmse_direct: 0.20488309517423373
bias_indirect: 0.22417347374775834
rmse_indirect: 0.2557727855637486
bias_total: 0.04665117343473956
rmse_total: 0.06407533851826022
bias_mr: 0.18107665105938864
rmse_mr: 0.2067635422608928
coverage: 0.0
