Experiment: expname : baselines_experiment, data : uniform, n_samples : 1000, mediator_dimension : 1, covariate_dimension : 1, alpha : 0.5, beta : 0.25, stochasticity : 1, gamma : 0.3, noise : uniform, 
Running with estimator : kme_g_computation, regularization : True, sample_splits : 1, reg_lambda : 0.001, reg_lambda_tilde : 0.001, kernel : gauss, density : gaussian, bandwidth : 0.3, bandwidth_mode : heuristic, epsilon : 0.3, normalized : True, random_seed : 74, 
bias_direct: 0.34459540141987843
rmse_direct: 0.4454602905249035
bias_indirect: 0.4101578660157052
rmse_indirect: 0.5329249224344736
bias_total: 0.06949482612027426
rmse_total: 0.09607094504432581
bias_mr: 0.39841987441116405
rmse_mr: 0.5200570906230091
coverage: 0.0
