Experiment: expname : baselines_experiment, data : uniform, n_samples : 5000, mediator_dimension : 1, covariate_dimension : 1, alpha : 0.5, beta : 0.25, stochasticity : 1, gamma : 0.3, noise : uniform, 
Running with estimator : linear, regularization : True, sample_splits : 1, reg_lambda : 0.001, reg_lambda_tilde : 0.001, kernel : gauss, density : gaussian, bandwidth : 0.3, bandwidth_mode : heuristic, epsilon : 0.3, normalized : True, random_seed : 84, 
bias_direct: 0.3046503176288299
rmse_direct: 0.348692089020205
bias_indirect: 0.00828871947595314
rmse_indirect: 0.009420570316080071
bias_total: 0.2973930832432176
rmse_total: 0.34068200448510405
bias_mr: 0.28872688504424976
rmse_mr: 0.3076888048470222
coverage: 0.0
