Experiment: expname : baselines_experiment, data : uniform, n_samples : 5000, mediator_dimension : 1, covariate_dimension : 1, alpha : 0.5, beta : 0.25, stochasticity : 1, gamma : 0.3, noise : uniform, 
Running with estimator : linear, regularization : True, sample_splits : 1, reg_lambda : 0.001, reg_lambda_tilde : 0.001, kernel : gauss, density : gaussian, bandwidth : 0.3, bandwidth_mode : heuristic, epsilon : 0.3, normalized : True, random_seed : 65, 
bias_direct: 0.3241120397764122
rmse_direct: 0.3705004576046412
bias_indirect: 0.001109432283864926
rmse_indirect: 0.0012609287684786788
bias_total: 0.32508340937606267
rmse_total: 0.3716004191332917
bias_mr: 0.31106250283431897
rmse_mr: 0.33080831075246625
coverage: 0.0
