Experiment: expname : nonparametric_experiment, data : uniform, n_samples : 500, mediator_dimension : 1, covariate_dimension : 1, alpha : 0.0, beta : 0.0, stochasticity : 1, gamma : 0.3, noise : uniform, 
Running with estimator : ipw, regularization : True, sample_splits : 1, reg_lambda : 0.001, reg_lambda_tilde : 0.001, kernel : gauss, density : conditional_kernel, bandwidth : 0.3, bandwidth_mode : heuristic, epsilon : 0.1, normalized : True, random_seed : 75, 
bias_direct: 0.08583271116702038
rmse_direct: 0.10936801035357759
bias_indirect: 0.02358315762081084
rmse_indirect: 0.028365072835701406
bias_total: 0.07281097678343629
rmse_total: 0.09075507496556755
bias_mr: 0.09515098435218612
rmse_mr: 0.11768183705632247
coverage: 0.0
