Experiment: expname : nonparametric_experiment, data : uniform, n_samples : 500, mediator_dimension : 1, covariate_dimension : 1, alpha : 0.0, beta : 0.0, stochasticity : 1, gamma : 0.3, noise : uniform, 
Running with estimator : ipw, regularization : True, sample_splits : 1, reg_lambda : 0.001, reg_lambda_tilde : 0.001, kernel : linear, density : conditional_kernel, bandwidth : 0.3, bandwidth_mode : heuristic, epsilon : 0.1, normalized : True, random_seed : 25, 
bias_direct: 0.17414026941500513
rmse_direct: 0.21508785529225416
bias_indirect: 0.04560909177315048
rmse_indirect: 0.052736218941978066
bias_total: 0.1754939067125999
rmse_total: 0.20625527770497107
bias_mr: 0.1596573451009538
rmse_mr: 0.18944380273458364
coverage: 0.0
