Experiment: expname : nonparametric_experiment, data : uniform, n_samples : 1000, mediator_dimension : 1, covariate_dimension : 1, alpha : 0.0, beta : 0.0, stochasticity : 1, gamma : 0.3, noise : uniform, 
Running with estimator : kme_dml, regularization : True, sample_splits : 1, reg_lambda : 0.001, reg_lambda_tilde : 0.001, kernel : linear, density : conditional_kernel, bandwidth : 0.3, bandwidth_mode : heuristic, epsilon : 0.1, normalized : True, random_seed : 27, 
bias_direct: 0.04109940621104546
rmse_direct: 0.053182267653436574
bias_indirect: 0.036907732236999696
rmse_indirect: 0.04510590528338313
bias_total: 0.06258162914192553
rmse_total: 0.08120410867595695
bias_mr: 0.06736397257779501
rmse_mr: 0.07602359138796674
coverage: 1.0
