Experiment: expname : nonparametric_experiment, data : uniform, n_samples : 500, mediator_dimension : 1, covariate_dimension : 1, alpha : 0.0, beta : 0.0, stochasticity : 1, gamma : 0.3, noise : uniform, 
Running with estimator : ipw, regularization : True, sample_splits : 1, reg_lambda : 0.001, reg_lambda_tilde : 0.001, kernel : linear, density : conditional_kernel, bandwidth : 0.3, bandwidth_mode : heuristic, epsilon : 0.1, normalized : True, random_seed : 62, 
bias_direct: 0.13162812039727748
rmse_direct: 0.15337844305201132
bias_indirect: 0.01581601533484803
rmse_indirect: 0.01844109521352088
bias_total: 0.13267705484796824
rmse_total: 0.1540874433582482
bias_mr: 0.11270607118262863
rmse_mr: 0.13355981325149757
coverage: 0.0
