Experiment: expname : nonparametric_experiment, data : uniform, n_samples : 5000, mediator_dimension : 1, covariate_dimension : 1, alpha : 0.0, beta : 0.0, stochasticity : 1, gamma : 0.3, noise : uniform, 
Running with estimator : ipw, regularization : True, sample_splits : 1, reg_lambda : 0.001, reg_lambda_tilde : 0.001, kernel : gauss, density : gaussian, bandwidth : 0.3, bandwidth_mode : heuristic, epsilon : 0.1, normalized : True, random_seed : 75, 
bias_direct: 0.1092269984311204
rmse_direct: 0.13123724321552582
bias_indirect: 0.06982758620689662
rmse_indirect: 0.07936276378669083
bias_total: 0.09935117373364569
rmse_total: 0.11885970813703003
bias_mr: 0.07942113023751482
rmse_mr: 0.09163862095098331
coverage: 0.0
