Experiment: expname : nonparametric_experiment, data : uniform, n_samples : 500, mediator_dimension : 1, covariate_dimension : 1, alpha : 0.0, beta : 0.0, stochasticity : 1, gamma : 0.3, noise : uniform, 
Running with estimator : ipw, regularization : True, sample_splits : 1, reg_lambda : 0.001, reg_lambda_tilde : 0.001, kernel : gauss, density : gaussian, bandwidth : 0.3, bandwidth_mode : heuristic, epsilon : 0.1, normalized : True, random_seed : 45, 
bias_direct: 0.1820363410265042
rmse_direct: 0.2234513245319225
bias_indirect: 0.0698275862068966
rmse_indirect: 0.07936276378669078
bias_total: 0.12153511233050503
rmse_total: 0.15224368053689452
bias_mr: 0.1960093231120939
rmse_mr: 0.23539241367990194
coverage: 0.0
