Experiment: expname : nonparametric_experiment, data : uniform, n_samples : 5000, mediator_dimension : 1, covariate_dimension : 1, alpha : 0.0, beta : 0.0, stochasticity : 1, gamma : 0.3, noise : uniform, 
Running with estimator : ipw, regularization : True, sample_splits : 1, reg_lambda : 0.001, reg_lambda_tilde : 0.001, kernel : linear, density : conditional_kernel, bandwidth : 0.3, bandwidth_mode : heuristic, epsilon : 0.1, normalized : True, random_seed : 38, 
bias_direct: 0.05971925938368355
rmse_direct: 0.07281236806298517
bias_indirect: 0.014349381062922861
rmse_indirect: 0.01776234693240218
bias_total: 0.062087087654899384
rmse_total: 0.0754318772649412
bias_mr: 0.03863822580020355
rmse_mr: 0.04689731922565764
coverage: 0.0
