Experiment: expname : nonparametric_experiment, data : uniform, n_samples : 500, mediator_dimension : 1, covariate_dimension : 1, alpha : 0.0, beta : 0.0, stochasticity : 1, gamma : 0.3, noise : uniform, 
Running with estimator : kme_dml, regularization : True, sample_splits : 1, reg_lambda : 0.001, reg_lambda_tilde : 0.001, kernel : gauss, density : gaussian, bandwidth : 0.3, bandwidth_mode : heuristic, epsilon : 0.1, normalized : True, random_seed : 97, 
bias_direct: 0.04349642027651197
rmse_direct: 0.06730874760384536
bias_indirect: 0.018280179278525186
rmse_indirect: 0.02526260546853404
bias_total: 0.05826478892392177
rmse_total: 0.08837554222620894
bias_mr: 0.06297254236449454
rmse_mr: 0.0932346084927573
coverage: 1.0
