Experiment: expname : baselines_experiment, data : uniform, n_samples : 500, mediator_dimension : 1, covariate_dimension : 1, alpha : 0.5, beta : 0.25, stochasticity : 1, gamma : 0.3, noise : uniform, 
Running with estimator : ipw, regularization : True, sample_splits : 1, reg_lambda : 0.001, reg_lambda_tilde : 0.001, kernel : gauss, density : gaussian, bandwidth : 0.3, bandwidth_mode : heuristic, epsilon : 0.3, normalized : True, random_seed : 59, 
bias_direct: 0.17678196253794212
rmse_direct: 0.21707337011729422
bias_indirect: 0.06982758620689661
rmse_indirect: 0.07936276378669078
bias_total: 0.18305877489245526
rmse_total: 0.20234786429481033
bias_mr: 0.2073303870707834
rmse_mr: 0.2614460842576554
coverage: 0.0
