Experiment: expname : nonparametric_experiment, data : uniform, n_samples : 1000, mediator_dimension : 1, covariate_dimension : 1, alpha : 0.0, beta : 0.0, stochasticity : 1, gamma : 0.3, noise : uniform, 
Running with estimator : kme_dml, regularization : True, sample_splits : 1, reg_lambda : 0.001, reg_lambda_tilde : 0.001, kernel : gauss, density : conditional_kernel, bandwidth : 0.3, bandwidth_mode : heuristic, epsilon : 0.1, normalized : True, random_seed : 90, 
bias_direct: 0.034780880943420626
rmse_direct: 0.04462321662150327
bias_indirect: 0.037310625793460915
rmse_indirect: 0.04299294104136845
bias_total: 0.05026579088656859
rmse_total: 0.05979552586266237
bias_mr: 0.06173855931474839
rmse_mr: 0.07080932750516161
coverage: 1.0
