Experiment: expname : nonparametric_experiment, data : uniform, n_samples : 500, mediator_dimension : 1, covariate_dimension : 1, alpha : 0.0, beta : 0.0, stochasticity : 1, gamma : 0.3, noise : uniform, 
Running with estimator : kme_dml, regularization : True, sample_splits : 1, reg_lambda : 0.001, reg_lambda_tilde : 0.001, kernel : linear, density : gaussian, bandwidth : 0.3, bandwidth_mode : heuristic, epsilon : 0.1, normalized : True, random_seed : 31, 
bias_direct: 0.10370268759885182
rmse_direct: 0.1187639304283946
bias_indirect: 0.03780432138582732
rmse_indirect: 0.046129739317288844
bias_total: 0.08626187697800175
rmse_total: 0.11156033557714838
bias_mr: 0.050914683275301596
rmse_mr: 0.05922598782964798
coverage: 1.0
