Experiment: expname : nonparametric_experiment, data : uniform, n_samples : 500, mediator_dimension : 1, covariate_dimension : 1, alpha : 0.0, beta : 0.0, stochasticity : 1, gamma : 0.3, noise : uniform, 
Running with estimator : kme_g_computation, regularization : True, sample_splits : 1, reg_lambda : 0.001, reg_lambda_tilde : 0.001, kernel : gauss, density : gaussian, bandwidth : 0.3, bandwidth_mode : heuristic, epsilon : 0.1, normalized : True, random_seed : 60, 
bias_direct: 0.15793086172361193
rmse_direct: 0.17880918787144534
bias_indirect: 0.10620364058715732
rmse_indirect: 0.16431412240834734
bias_total: 0.07591245241187694
rmse_total: 0.09665299047187846
bias_mr: 0.15411493128344025
rmse_mr: 0.18630006479397807
coverage: 0.0
