Experiment: expname : nonparametric_experiment, data : uniform, n_samples : 1000, mediator_dimension : 1, covariate_dimension : 1, alpha : 0.0, beta : 0.0, stochasticity : 1, gamma : 0.3, noise : uniform, 
Running with estimator : kme_dml, regularization : True, sample_splits : 1, reg_lambda : 0.001, reg_lambda_tilde : 0.001, kernel : linear, density : gaussian, bandwidth : 0.3, bandwidth_mode : heuristic, epsilon : 0.1, normalized : True, random_seed : 19, 
bias_direct: 0.10215082223095276
rmse_direct: 0.11746860645669513
bias_indirect: 0.010778248110928557
rmse_indirect: 0.012469295806688999
bias_total: 0.10928412081442397
rmse_total: 0.12554994008837236
bias_mr: 0.07442980007374705
rmse_mr: 0.09262085390576676
coverage: 0.8275862068965517
