Experiment: expname : nonparametric_experiment, data : uniform, n_samples : 5000, mediator_dimension : 1, covariate_dimension : 1, alpha : 0.0, beta : 0.0, stochasticity : 1, gamma : 0.3, noise : uniform, 
Running with estimator : ipw, regularization : True, sample_splits : 1, reg_lambda : 0.001, reg_lambda_tilde : 0.001, kernel : gauss, density : conditional_kernel, bandwidth : 0.3, bandwidth_mode : heuristic, epsilon : 0.1, normalized : True, random_seed : 58, 
bias_direct: 0.08713743973407159
rmse_direct: 0.10019739380896801
bias_indirect: 0.03407463168133813
rmse_indirect: 0.04091188437753496
bias_total: 0.07880425016921061
rmse_total: 0.09734618706312527
bias_mr: 0.059479209073209194
rmse_mr: 0.07349857525098885
coverage: 0.0
