Experiment: expname : nonparametric_experiment, data : uniform, n_samples : 1000, mediator_dimension : 1, covariate_dimension : 1, alpha : 0.0, beta : 0.0, stochasticity : 1, gamma : 0.3, noise : uniform, 
Running with estimator : kme_dml, regularization : True, sample_splits : 1, reg_lambda : 0.001, reg_lambda_tilde : 0.001, kernel : linear, density : gaussian, bandwidth : 0.3, bandwidth_mode : heuristic, epsilon : 0.1, normalized : True, random_seed : 68, 
bias_direct: 0.04303507186942384
rmse_direct: 0.05808679204611744
bias_indirect: 0.006913922266682641
rmse_indirect: 0.007965227936903562
bias_total: 0.04911564963079384
rmse_total: 0.06388277808378444
bias_mr: 0.05167000741881496
rmse_mr: 0.06421790233140362
coverage: 1.0
