Experiment: expname : nonparametric_experiment, data : uniform, n_samples : 1000, mediator_dimension : 1, covariate_dimension : 1, alpha : 0.0, beta : 0.0, stochasticity : 1, gamma : 0.3, noise : uniform, 
Running with estimator : kme_dml, regularization : True, sample_splits : 1, reg_lambda : 0.001, reg_lambda_tilde : 0.001, kernel : linear, density : conditional_kernel, bandwidth : 0.3, bandwidth_mode : heuristic, epsilon : 0.1, normalized : True, random_seed : 2, 
bias_direct: 0.16343804018123473
rmse_direct: 0.19803128790961916
bias_indirect: 0.02396082295967012
rmse_indirect: 0.02763725424603927
bias_total: 0.1849691731241918
rmse_total: 0.22293596491011441
bias_mr: 0.14004058235367295
rmse_mr: 0.15931276545069786
coverage: 0.5862068965517241
