Experiment: expname : nonparametric_experiment, data : uniform, n_samples : 500, mediator_dimension : 1, covariate_dimension : 1, alpha : 0.0, beta : 0.0, stochasticity : 1, gamma : 0.3, noise : uniform, 
Running with estimator : ipw, regularization : True, sample_splits : 1, reg_lambda : 0.001, reg_lambda_tilde : 0.001, kernel : linear, density : gaussian, bandwidth : 0.3, bandwidth_mode : heuristic, epsilon : 0.1, normalized : True, random_seed : 94, 
bias_direct: 0.0745324032307647
rmse_direct: 0.09293328204034074
bias_indirect: 0.0698275862068966
rmse_indirect: 0.07936276378669078
bias_total: 0.07593095372623454
rmse_total: 0.08958997689225554
bias_mr: 0.07543115037151954
rmse_mr: 0.09544000503345142
coverage: 0.0
