Experiment: expname : baselines_experiment, data : uniform, n_samples : 500, mediator_dimension : 1, covariate_dimension : 1, alpha : 0.5, beta : 0.25, stochasticity : 1, gamma : 0.3, noise : uniform, 
Running with estimator : kme_g_computation, regularization : True, sample_splits : 1, reg_lambda : 0.001, reg_lambda_tilde : 0.001, kernel : gauss, density : gaussian, bandwidth : 0.3, bandwidth_mode : heuristic, epsilon : 0.3, normalized : True, random_seed : 14, 
bias_direct: 0.3247486780877893
rmse_direct: 0.4338404090876373
bias_indirect: 0.33023535527929526
rmse_indirect: 0.4799687515440341
bias_total: 0.08758514554618355
rmse_total: 0.10492598479911883
bias_mr: 0.3767964258690741
rmse_mr: 0.5049232833498449
coverage: 0.0
