Experiment: expname : nonparametric_experiment, data : uniform, n_samples : 1000, mediator_dimension : 1, covariate_dimension : 1, alpha : 0.0, beta : 0.0, stochasticity : 1, gamma : 0.3, noise : uniform, 
Running with estimator : ipw, regularization : True, sample_splits : 1, reg_lambda : 0.001, reg_lambda_tilde : 0.001, kernel : gauss, density : conditional_kernel, bandwidth : 0.3, bandwidth_mode : heuristic, epsilon : 0.1, normalized : True, random_seed : 48, 
bias_direct: 0.08285595779306935
rmse_direct: 0.09754758239179635
bias_indirect: 0.023993079435760588
rmse_indirect: 0.03592197361698143
bias_total: 0.08474987303408027
rmse_total: 0.10303051569272265
bias_mr: 0.09896570256186979
rmse_mr: 0.11901077480892451
coverage: 0.0
