Experiment: expname : nonparametric_experiment, data : uniform, n_samples : 500, mediator_dimension : 1, covariate_dimension : 1, alpha : 0.0, beta : 0.0, stochasticity : 1, gamma : 0.3, noise : uniform, 
Running with estimator : kme_dml, regularization : True, sample_splits : 1, reg_lambda : 0.001, reg_lambda_tilde : 0.001, kernel : linear, density : conditional_kernel, bandwidth : 0.3, bandwidth_mode : heuristic, epsilon : 0.1, normalized : True, random_seed : 32, 
bias_direct: 0.08563853657012974
rmse_direct: 0.10137274490323427
bias_indirect: 0.0268979794622414
rmse_indirect: 0.03547600752535176
bias_total: 0.08583598965811162
rmse_total: 0.10600827206354596
bias_mr: 0.11576478074681625
rmse_mr: 0.12258747068209895
coverage: 1.0
