Experiment: expname : nonparametric_experiment, data : uniform, n_samples : 5000, mediator_dimension : 1, covariate_dimension : 1, alpha : 0.0, beta : 0.0, stochasticity : 1, gamma : 0.3, noise : uniform, 
Running with estimator : ipw, regularization : True, sample_splits : 1, reg_lambda : 0.001, reg_lambda_tilde : 0.001, kernel : linear, density : conditional_kernel, bandwidth : 0.3, bandwidth_mode : heuristic, epsilon : 0.1, normalized : True, random_seed : 71, 
bias_direct: 0.03877171500845595
rmse_direct: 0.05137307857832921
bias_indirect: 0.03838015166158239
rmse_indirect: 0.04195922593345272
bias_total: 0.05820154938531739
rmse_total: 0.0707609656993275
bias_mr: 0.037984199451993265
rmse_mr: 0.05024601191465438
coverage: 0.0
