Experiment: expname : nonparametric_experiment, data : uniform, n_samples : 5000, mediator_dimension : 1, covariate_dimension : 1, alpha : 0.0, beta : 0.0, stochasticity : 1, gamma : 0.3, noise : uniform, 
Running with estimator : kme_dml, regularization : True, sample_splits : 1, reg_lambda : 0.001, reg_lambda_tilde : 0.001, kernel : gauss, density : gaussian, bandwidth : 0.3, bandwidth_mode : heuristic, epsilon : 0.1, normalized : True, random_seed : 61, 
bias_direct: 0.031055284954540952
rmse_direct: 0.03408312812715317
bias_indirect: 0.009333779393823608
rmse_indirect: 0.011654368212922338
bias_total: 0.029367784977254265
rmse_total: 0.032154809346479914
bias_mr: 0.03784229397519165
rmse_mr: 0.04957576376331143
coverage: 0.896551724137931
