Experiment: expname : nonparametric_experiment, data : uniform, n_samples : 5000, mediator_dimension : 1, covariate_dimension : 1, alpha : 0.0, beta : 0.0, stochasticity : 1, gamma : 0.3, noise : uniform, 
Running with estimator : kme_g_computation, regularization : True, sample_splits : 1, reg_lambda : 0.001, reg_lambda_tilde : 0.001, kernel : linear, density : conditional_kernel, bandwidth : 0.3, bandwidth_mode : heuristic, epsilon : 0.1, normalized : True, random_seed : 39, 
bias_direct: 0.16449588862165107
rmse_direct: 0.18685166273762147
bias_indirect: 0.17309188274780712
rmse_indirect: 0.19672808987695847
bias_total: 0.008595994126156095
rmse_total: 0.010365917888297944
bias_mr: 0.1649959471862719
rmse_mr: 0.18783493623576067
coverage: 0.0
