Experiment: expname : nonparametric_experiment, data : uniform, n_samples : 500, mediator_dimension : 1, covariate_dimension : 1, alpha : 0.0, beta : 0.0, stochasticity : 1, gamma : 0.3, noise : uniform, 
Running with estimator : kme_dml, regularization : True, sample_splits : 1, reg_lambda : 0.001, reg_lambda_tilde : 0.001, kernel : linear, density : gaussian, bandwidth : 0.3, bandwidth_mode : heuristic, epsilon : 0.1, normalized : True, random_seed : 84, 
bias_direct: 0.02781430191830049
rmse_direct: 0.04071020321691286
bias_indirect: 0.04749717792584267
rmse_indirect: 0.0562868477016888
bias_total: 0.04707884132693824
rmse_total: 0.05350529115599815
bias_mr: 0.052634994381273593
rmse_mr: 0.06332028912059288
coverage: 1.0
