Experiment: expname : nonparametric_experiment, data : uniform, n_samples : 5000, mediator_dimension : 1, covariate_dimension : 1, alpha : 0.0, beta : 0.0, stochasticity : 1, gamma : 0.3, noise : uniform, 
Running with estimator : kme_dml, regularization : True, sample_splits : 1, reg_lambda : 0.001, reg_lambda_tilde : 0.001, kernel : linear, density : gaussian, bandwidth : 0.3, bandwidth_mode : heuristic, epsilon : 0.1, normalized : True, random_seed : 47, 
bias_direct: 0.0745330252044198
rmse_direct: 0.09046182196154774
bias_indirect: 0.009202924270917626
rmse_indirect: 0.012953898499663673
bias_total: 0.08247300974997296
rmse_total: 0.09598186377468547
bias_mr: 0.04301570347552533
rmse_mr: 0.05508205151279927
coverage: 0.7931034482758621
