Experiment: expname : baselines_experiment, data : uniform, n_samples : 1000, mediator_dimension : 1, covariate_dimension : 1, alpha : 0.5, beta : 0.25, stochasticity : 1, gamma : 0.3, noise : uniform, 
Running with estimator : linear, regularization : True, sample_splits : 1, reg_lambda : 0.001, reg_lambda_tilde : 0.001, kernel : gauss, density : gaussian, bandwidth : 0.3, bandwidth_mode : heuristic, epsilon : 0.3, normalized : True, random_seed : 66, 
bias_direct: 0.3281749996855008
rmse_direct: 0.3751080241162596
bias_indirect: 0.016605011335024497
rmse_indirect: 0.018872478111332972
bias_total: 0.31363638976105707
rmse_total: 0.3587053464495524
bias_mr: 0.31607035692948254
rmse_mr: 0.33623050585700914
coverage: 0.0
