Experiment: expname : nonparametric_experiment, data : uniform, n_samples : 500, mediator_dimension : 1, covariate_dimension : 1, alpha : 0.0, beta : 0.0, stochasticity : 1, gamma : 0.3, noise : uniform, 
Running with estimator : kme_dml, regularization : True, sample_splits : 1, reg_lambda : 0.001, reg_lambda_tilde : 0.001, kernel : gauss, density : gaussian, bandwidth : 0.3, bandwidth_mode : heuristic, epsilon : 0.1, normalized : True, random_seed : 32, 
bias_direct: 0.08904581011034184
rmse_direct: 0.10944989128566833
bias_indirect: 0.020870968245401512
rmse_indirect: 0.02512753634002747
bias_total: 0.09084180372838574
rmse_total: 0.11128028262233666
bias_mr: 0.1293407390087104
rmse_mr: 0.1333413361449589
coverage: 1.0
