Experiment: expname : baselines_experiment, data : uniform, n_samples : 1000, mediator_dimension : 1, covariate_dimension : 1, alpha : 0.5, beta : 0.25, stochasticity : 1, gamma : 0.3, noise : uniform, 
Running with estimator : kme_g_computation, regularization : True, sample_splits : 1, reg_lambda : 0.001, reg_lambda_tilde : 0.001, kernel : gauss, density : gaussian, bandwidth : 0.3, bandwidth_mode : heuristic, epsilon : 0.3, normalized : True, random_seed : 38, 
bias_direct: 0.36656345377417887
rmse_direct: 0.4818517231170683
bias_indirect: 0.334220813768794
rmse_indirect: 0.46413794477758796
bias_total: 0.04231120530656183
rmse_total: 0.04715284182777868
bias_mr: 0.38482366331909945
rmse_mr: 0.5023011980325995
coverage: 0.0
