Experiment: expname : nonparametric_experiment, data : uniform, n_samples : 1000, mediator_dimension : 1, covariate_dimension : 1, alpha : 0.0, beta : 0.0, stochasticity : 1, gamma : 0.3, noise : uniform, 
Running with estimator : kme_dml, regularization : True, sample_splits : 1, reg_lambda : 0.001, reg_lambda_tilde : 0.001, kernel : linear, density : gaussian, bandwidth : 0.3, bandwidth_mode : heuristic, epsilon : 0.1, normalized : True, random_seed : 66, 
bias_direct: 0.044697700219023924
rmse_direct: 0.05845927765120024
bias_indirect: 0.020856379869838022
rmse_indirect: 0.025267370660913852
bias_total: 0.06555408008886192
rmse_total: 0.07566654537854943
bias_mr: 0.02709130334918613
rmse_mr: 0.033838173067005234
coverage: 1.0
