Experiment: expname : nonparametric_experiment, data : uniform, n_samples : 500, mediator_dimension : 1, covariate_dimension : 1, alpha : 0.0, beta : 0.0, stochasticity : 1, gamma : 0.3, noise : uniform, 
Running with estimator : ipw, regularization : True, sample_splits : 1, reg_lambda : 0.001, reg_lambda_tilde : 0.001, kernel : linear, density : conditional_kernel, bandwidth : 0.3, bandwidth_mode : heuristic, epsilon : 0.1, normalized : True, random_seed : 21, 
bias_direct: 0.1837673699102682
rmse_direct: 0.21482028625981717
bias_indirect: 0.010224866957741842
rmse_indirect: 0.016432810339545856
bias_total: 0.18329353478589278
rmse_total: 0.21517970301707612
bias_mr: 0.1736464922203308
rmse_mr: 0.2041135481584825
coverage: 0.0
