Experiment: expname : nonparametric_experiment, data : uniform, n_samples : 5000, mediator_dimension : 1, covariate_dimension : 1, alpha : 0.0, beta : 0.0, stochasticity : 1, gamma : 0.3, noise : uniform, 
Running with estimator : ipw, regularization : True, sample_splits : 1, reg_lambda : 0.001, reg_lambda_tilde : 0.001, kernel : gauss, density : gaussian, bandwidth : 0.3, bandwidth_mode : heuristic, epsilon : 0.1, normalized : True, random_seed : 91, 
bias_direct: 0.07837151923635474
rmse_direct: 0.09668940477205838
bias_indirect: 0.0698275862068966
rmse_indirect: 0.07936276378669077
bias_total: 0.047420315731412706
rmse_total: 0.061942749109648566
bias_mr: 0.08625942541283153
rmse_mr: 0.10078091881141855
coverage: 0.0
