Experiment: expname : nonparametric_experiment, data : uniform, n_samples : 500, mediator_dimension : 1, covariate_dimension : 1, alpha : 0.0, beta : 0.0, stochasticity : 1, gamma : 0.3, noise : uniform, 
Running with estimator : kme_g_computation, regularization : True, sample_splits : 1, reg_lambda : 0.001, reg_lambda_tilde : 0.001, kernel : linear, density : gaussian, bandwidth : 0.3, bandwidth_mode : heuristic, epsilon : 0.1, normalized : True, random_seed : 17, 
bias_direct: 0.16137988256569652
rmse_direct: 0.1832489578805924
bias_indirect: 0.11320659988698367
rmse_indirect: 0.12866534467327242
bias_total: 0.04817328267871285
rmse_total: 0.054915777887633875
bias_mr: 0.16190081271638118
rmse_mr: 0.18399438271734322
coverage: 0.0
