Experiment: expname : nonparametric_experiment, data : uniform, n_samples : 5000, mediator_dimension : 1, covariate_dimension : 1, alpha : 0.0, beta : 0.0, stochasticity : 1, gamma : 0.3, noise : uniform, 
Running with estimator : kme_dml, regularization : True, sample_splits : 1, reg_lambda : 0.001, reg_lambda_tilde : 0.001, kernel : gauss, density : gaussian, bandwidth : 0.3, bandwidth_mode : heuristic, epsilon : 0.1, normalized : True, random_seed : 49, 
bias_direct: 0.06026045015746376
rmse_direct: 0.0666573695489098
bias_indirect: 0.0172457928237057
rmse_indirect: 0.02169377900677465
bias_total: 0.07550006822075392
rmse_total: 0.08330779305802313
bias_mr: 0.043645446840096434
rmse_mr: 0.05601359667037192
coverage: 0.8275862068965517
