Experiment: expname : baselines_experiment, data : uniform, n_samples : 5000, mediator_dimension : 1, covariate_dimension : 1, alpha : 0.5, beta : 0.25, stochasticity : 1, gamma : 0.3, noise : uniform, 
Running with estimator : linear, regularization : True, sample_splits : 1, reg_lambda : 0.001, reg_lambda_tilde : 0.001, kernel : gauss, density : gaussian, bandwidth : 0.3, bandwidth_mode : heuristic, epsilon : 0.3, normalized : True, random_seed : 31, 
bias_direct: 0.30450870204325714
rmse_direct: 0.34853510771486684
bias_indirect: 0.012702140950944723
rmse_indirect: 0.01443665844166777
bias_total: 0.3156301321203065
rmse_total: 0.36094043588172886
bias_mr: 0.2883165858000143
rmse_mr: 0.30742251676469096
coverage: 0.0
