Experiment: expname : nonparametric_experiment, data : uniform, n_samples : 500, mediator_dimension : 1, covariate_dimension : 1, alpha : 0.0, beta : 0.0, stochasticity : 1, gamma : 0.3, noise : uniform, 
Running with estimator : kme_dml, regularization : True, sample_splits : 1, reg_lambda : 0.001, reg_lambda_tilde : 0.001, kernel : linear, density : conditional_kernel, bandwidth : 0.3, bandwidth_mode : heuristic, epsilon : 0.1, normalized : True, random_seed : 8, 
bias_direct: 0.09847280191299215
rmse_direct: 0.12819251324519543
bias_indirect: 0.016938635183881688
rmse_indirect: 0.019150975893914682
bias_total: 0.11467979566549844
rmse_total: 0.14503547251914517
bias_mr: 0.09312144685835609
rmse_mr: 0.10717781234141986
coverage: 1.0
