Experiment: expname : nonparametric_experiment, data : uniform, n_samples : 5000, mediator_dimension : 1, covariate_dimension : 1, alpha : 0.0, beta : 0.0, stochasticity : 1, gamma : 0.3, noise : uniform, 
Running with estimator : kme_g_computation, regularization : True, sample_splits : 1, reg_lambda : 0.001, reg_lambda_tilde : 0.001, kernel : linear, density : gaussian, bandwidth : 0.3, bandwidth_mode : heuristic, epsilon : 0.1, normalized : True, random_seed : 20, 
bias_direct: 0.1634406340026754
rmse_direct: 0.18577484227653518
bias_indirect: 0.1541268781857929
rmse_indirect: 0.17517339572769675
bias_total: 0.009313755816882468
rmse_total: 0.010607324318426323
bias_mr: 0.16489279759516903
rmse_mr: 0.18951464335406856
coverage: 0.0
