Experiment: expname : nonparametric_experiment, data : uniform, n_samples : 1000, mediator_dimension : 1, covariate_dimension : 1, alpha : 0.0, beta : 0.0, stochasticity : 1, gamma : 0.3, noise : uniform, 
Running with estimator : ipw, regularization : True, sample_splits : 1, reg_lambda : 0.001, reg_lambda_tilde : 0.001, kernel : gauss, density : conditional_kernel, bandwidth : 0.3, bandwidth_mode : heuristic, epsilon : 0.1, normalized : True, random_seed : 38, 
bias_direct: 0.06596677312461442
rmse_direct: 0.08461244310434046
bias_indirect: 0.029666023996376936
rmse_indirect: 0.04339571677992411
bias_total: 0.09068113770812414
rmse_total: 0.10915961629516018
bias_mr: 0.09085476509463755
rmse_mr: 0.1054264396221078
coverage: 0.0
