Experiment: expname : nonparametric_experiment, data : uniform, n_samples : 5000, mediator_dimension : 1, covariate_dimension : 1, alpha : 0.0, beta : 0.0, stochasticity : 1, gamma : 0.3, noise : uniform, 
Running with estimator : kme_dml, regularization : True, sample_splits : 1, reg_lambda : 0.001, reg_lambda_tilde : 0.001, kernel : linear, density : gaussian, bandwidth : 0.3, bandwidth_mode : heuristic, epsilon : 0.1, normalized : True, random_seed : 78, 
bias_direct: 0.023073176368269235
rmse_direct: 0.03276899590158134
bias_indirect: 0.013915628226357286
rmse_indirect: 0.016063556207253304
bias_total: 0.026129826441838463
rmse_total: 0.042762994940915795
bias_mr: 0.02093490095019426
rmse_mr: 0.0298828433686832
coverage: 1.0
