Experiment: expname : nonparametric_experiment, data : uniform, n_samples : 1000, mediator_dimension : 1, covariate_dimension : 1, alpha : 0.0, beta : 0.0, stochasticity : 1, gamma : 0.3, noise : uniform, 
Running with estimator : kme_dml, regularization : True, sample_splits : 1, reg_lambda : 0.001, reg_lambda_tilde : 0.001, kernel : linear, density : conditional_kernel, bandwidth : 0.3, bandwidth_mode : heuristic, epsilon : 0.1, normalized : True, random_seed : 99, 
bias_direct: 0.03173009960578545
rmse_direct: 0.0361118287117777
bias_indirect: 0.011575879768581784
rmse_indirect: 0.013403025217460519
bias_total: 0.027709546929088558
rmse_total: 0.032987890078032725
bias_mr: 0.02446115738994636
rmse_mr: 0.0292465494082563
coverage: 1.0
