Experiment: expname : baselines_experiment, data : uniform, n_samples : 5000, mediator_dimension : 1, covariate_dimension : 1, alpha : 0.5, beta : 0.25, stochasticity : 1, gamma : 0.3, noise : uniform, 
Running with estimator : kme_g_computation, regularization : True, sample_splits : 1, reg_lambda : 0.001, reg_lambda_tilde : 0.001, kernel : gauss, density : gaussian, bandwidth : 0.3, bandwidth_mode : heuristic, epsilon : 0.3, normalized : True, random_seed : 89, 
bias_direct: 0.3685140842659884
rmse_direct: 0.48158955442043605
bias_indirect: 0.40491036912128553
rmse_indirect: 0.5263645984456795
bias_total: 0.04141761220500222
rmse_total: 0.06307894428810218
bias_mr: 0.38961451812017744
rmse_mr: 0.5103003291436733
coverage: 0.0
