Experiment: expname : nonparametric_experiment, data : uniform, n_samples : 500, mediator_dimension : 1, covariate_dimension : 1, alpha : 0.0, beta : 0.0, stochasticity : 1, gamma : 0.3, noise : uniform, 
Running with estimator : kme_g_computation, regularization : True, sample_splits : 1, reg_lambda : 0.001, reg_lambda_tilde : 0.001, kernel : linear, density : conditional_kernel, bandwidth : 0.3, bandwidth_mode : heuristic, epsilon : 0.1, normalized : True, random_seed : 22, 
bias_direct: 0.1453976429013903
rmse_direct: 0.1666973794736913
bias_indirect: 0.19416054199442986
rmse_indirect: 0.22067379396794773
bias_total: 0.04876289909303955
rmse_total: 0.05700383263590127
bias_mr: 0.15069652166781375
rmse_mr: 0.1781167024288617
coverage: 0.0
