Experiment: expname : nonparametric_experiment, data : uniform, n_samples : 1000, mediator_dimension : 1, covariate_dimension : 1, alpha : 0.0, beta : 0.0, stochasticity : 1, gamma : 0.3, noise : uniform, 
Running with estimator : kme_dml, regularization : True, sample_splits : 1, reg_lambda : 0.001, reg_lambda_tilde : 0.001, kernel : gauss, density : gaussian, bandwidth : 0.3, bandwidth_mode : heuristic, epsilon : 0.1, normalized : True, random_seed : 72, 
bias_direct: 0.10239478843188674
rmse_direct: 0.12719587355327344
bias_indirect: 0.0347673925025648
rmse_indirect: 0.04408726096595868
bias_total: 0.13604656686993813
rmse_total: 0.15802970108341693
bias_mr: 0.051728157956561625
rmse_mr: 0.06235344854712571
coverage: 1.0
