Experiment: expname : nonparametric_experiment, data : uniform, n_samples : 500, mediator_dimension : 1, covariate_dimension : 1, alpha : 0.0, beta : 0.0, stochasticity : 1, gamma : 0.3, noise : uniform, 
Running with estimator : ipw, regularization : True, sample_splits : 1, reg_lambda : 0.001, reg_lambda_tilde : 0.001, kernel : gauss, density : gaussian, bandwidth : 0.3, bandwidth_mode : heuristic, epsilon : 0.1, normalized : True, random_seed : 41, 
bias_direct: 0.2408523360878302
rmse_direct: 0.29221040101962736
bias_indirect: 0.0698275862068966
rmse_indirect: 0.0793627637866908
bias_total: 0.2332814763739999
rmse_total: 0.28101078747314895
bias_mr: 0.15150436365254788
rmse_mr: 0.17840470668087413
coverage: 0.0
