Experiment: expname : baselines_experiment, data : uniform, n_samples : 1000, mediator_dimension : 1, covariate_dimension : 1, alpha : 0.5, beta : 0.25, stochasticity : 1, gamma : 0.3, noise : uniform, 
Running with estimator : kme_g_computation, regularization : True, sample_splits : 1, reg_lambda : 0.001, reg_lambda_tilde : 0.001, kernel : gauss, density : gaussian, bandwidth : 0.3, bandwidth_mode : heuristic, epsilon : 0.3, normalized : True, random_seed : 47, 
bias_direct: 0.3996904185632895
rmse_direct: 0.509898718857633
bias_indirect: 0.4308692393725059
rmse_indirect: 0.5492888355679959
bias_total: 0.0703689532621981
rmse_total: 0.09389785174965003
bias_mr: 0.43530777727546477
rmse_mr: 0.5597054998286259
coverage: 0.0
