Experiment: expname : baselines_experiment, data : uniform, n_samples : 5000, mediator_dimension : 1, covariate_dimension : 1, alpha : 0.5, beta : 0.25, stochasticity : 1, gamma : 0.3, noise : uniform, 
Running with estimator : kme_g_computation, regularization : True, sample_splits : 1, reg_lambda : 0.001, reg_lambda_tilde : 0.001, kernel : gauss, density : gaussian, bandwidth : 0.3, bandwidth_mode : heuristic, epsilon : 0.3, normalized : True, random_seed : 24, 
bias_direct: 0.3769740528114206
rmse_direct: 0.48710366697515306
bias_indirect: 0.38862432413915166
rmse_indirect: 0.505017819610222
bias_total: 0.020839075962394607
rmse_total: 0.027419931150159053
bias_mr: 0.3955595619972186
rmse_mr: 0.515835412390359
coverage: 0.0
