Experiment: expname : nonparametric_experiment, data : uniform, n_samples : 5000, mediator_dimension : 1, covariate_dimension : 1, alpha : 0.0, beta : 0.0, stochasticity : 1, gamma : 0.3, noise : uniform, 
Running with estimator : kme_dml, regularization : True, sample_splits : 1, reg_lambda : 0.001, reg_lambda_tilde : 0.001, kernel : linear, density : conditional_kernel, bandwidth : 0.3, bandwidth_mode : heuristic, epsilon : 0.1, normalized : True, random_seed : 81, 
bias_direct: 0.02610125374626185
rmse_direct: 0.03187535247458807
bias_indirect: 0.019947413430244303
rmse_indirect: 0.02295890107498135
bias_total: 0.03761274408671931
rmse_total: 0.04211694853216138
bias_mr: 0.02933208630654491
rmse_mr: 0.0347546509848682
coverage: 1.0
