Experiment: expname : baselines_experiment, data : uniform, n_samples : 500, mediator_dimension : 1, covariate_dimension : 1, alpha : 0.5, beta : 0.25, stochasticity : 1, gamma : 0.3, noise : uniform, 
Running with estimator : kme_g_computation, regularization : True, sample_splits : 1, reg_lambda : 0.001, reg_lambda_tilde : 0.001, kernel : gauss, density : gaussian, bandwidth : 0.3, bandwidth_mode : heuristic, epsilon : 0.3, normalized : True, random_seed : 51, 
bias_direct: 0.41584560652228036
rmse_direct: 0.5383804312637774
bias_indirect: 0.4376196196357177
rmse_indirect: 0.5853006230049679
bias_total: 0.05168415431274645
rmse_total: 0.07154284494217354
bias_mr: 0.41552197134617413
rmse_mr: 0.5364164656453273
coverage: 0.0
