Experiment: expname : nonparametric_experiment, data : uniform, n_samples : 500, mediator_dimension : 1, covariate_dimension : 1, alpha : 0.0, beta : 0.0, stochasticity : 1, gamma : 0.3, noise : uniform, 
Running with estimator : kme_dml, regularization : True, sample_splits : 1, reg_lambda : 0.001, reg_lambda_tilde : 0.001, kernel : linear, density : conditional_kernel, bandwidth : 0.3, bandwidth_mode : heuristic, epsilon : 0.1, normalized : True, random_seed : 80, 
bias_direct: 0.05013011392646393
rmse_direct: 0.0657475724549105
bias_indirect: 0.020236249834466598
rmse_indirect: 0.02271301980235166
bias_total: 0.054475210960145994
rmse_total: 0.06968823128328673
bias_mr: 0.14483831822700013
rmse_mr: 0.15525808765925997
coverage: 0.7931034482758621
