Experiment: expname : nonparametric_experiment, data : uniform, n_samples : 5000, mediator_dimension : 1, covariate_dimension : 1, alpha : 0.0, beta : 0.0, stochasticity : 1, gamma : 0.3, noise : uniform, 
Running with estimator : kme_dml, regularization : True, sample_splits : 1, reg_lambda : 0.001, reg_lambda_tilde : 0.001, kernel : gauss, density : gaussian, bandwidth : 0.3, bandwidth_mode : heuristic, epsilon : 0.1, normalized : True, random_seed : 1, 
bias_direct: 0.02418005299599281
rmse_direct: 0.029737083500768258
bias_indirect: 0.017633798197005703
rmse_indirect: 0.021200834452190377
bias_total: 0.015603273550113811
rmse_total: 0.01904135390119547
bias_mr: 0.024578891057211796
rmse_mr: 0.029102049707886497
coverage: 1.0
