Experiment: expname : nonparametric_experiment, data : uniform, n_samples : 5000, mediator_dimension : 1, covariate_dimension : 1, alpha : 0.0, beta : 0.0, stochasticity : 1, gamma : 0.3, noise : uniform, 
Running with estimator : kme_dml, regularization : True, sample_splits : 1, reg_lambda : 0.001, reg_lambda_tilde : 0.001, kernel : linear, density : gaussian, bandwidth : 0.3, bandwidth_mode : heuristic, epsilon : 0.1, normalized : True, random_seed : 15, 
bias_direct: 0.07777208892133938
rmse_direct: 0.08933242242163919
bias_indirect: 0.01165230976604924
rmse_indirect: 0.015092454156080059
bias_total: 0.07502794932013221
rmse_total: 0.08646013824038548
bias_mr: 0.04436362233061362
rmse_mr: 0.05867944032368899
coverage: 0.7586206896551724
