Experiment: expname : nonparametric_experiment, data : uniform, n_samples : 5000, mediator_dimension : 1, covariate_dimension : 1, alpha : 0.0, beta : 0.0, stochasticity : 1, gamma : 0.3, noise : uniform, 
Running with estimator : kme_dml, regularization : True, sample_splits : 1, reg_lambda : 0.001, reg_lambda_tilde : 0.001, kernel : gauss, density : gaussian, bandwidth : 0.3, bandwidth_mode : heuristic, epsilon : 0.1, normalized : True, random_seed : 62, 
bias_direct: 0.016642076579582415
rmse_direct: 0.022231059690347398
bias_indirect: 0.005929176350674694
rmse_indirect: 0.007218845478523708
bias_total: 0.01974591905701673
rmse_total: 0.02707477366251758
bias_mr: 0.01786663974759648
rmse_mr: 0.020731636954317425
coverage: 1.0
