Experiment: expname : nonparametric_experiment, data : uniform, n_samples : 500, mediator_dimension : 1, covariate_dimension : 1, alpha : 0.0, beta : 0.0, stochasticity : 1, gamma : 0.3, noise : uniform, 
Running with estimator : kme_g_computation, regularization : True, sample_splits : 1, reg_lambda : 0.001, reg_lambda_tilde : 0.001, kernel : gauss, density : conditional_kernel, bandwidth : 0.3, bandwidth_mode : heuristic, epsilon : 0.1, normalized : True, random_seed : 45, 
bias_direct: 0.16823097598055023
rmse_direct: 0.19448067263267993
bias_indirect: 0.25825666488002436
rmse_indirect: 0.28788366248864916
bias_total: 0.09002568889947415
rmse_total: 0.09830073966210756
bias_mr: 0.18593877336793693
rmse_mr: 0.21334551045566302
coverage: 0.0
