Experiment: expname : nonparametric_experiment, data : uniform, n_samples : 500, mediator_dimension : 1, covariate_dimension : 1, alpha : 0.0, beta : 0.0, stochasticity : 1, gamma : 0.3, noise : uniform, 
Running with estimator : kme_dml, regularization : True, sample_splits : 1, reg_lambda : 0.001, reg_lambda_tilde : 0.001, kernel : gauss, density : conditional_kernel, bandwidth : 0.3, bandwidth_mode : heuristic, epsilon : 0.1, normalized : True, random_seed : 24, 
bias_direct: 0.029963635742018185
rmse_direct: 0.03853707380296086
bias_indirect: 0.042745757677596204
rmse_indirect: 0.048736486896141226
bias_total: 0.038275518342140616
rmse_total: 0.052711286671179414
bias_mr: 0.08321299359336895
rmse_mr: 0.09053438913346487
coverage: 1.0
