Experiment: expname : nonparametric_experiment, data : uniform, n_samples : 500, mediator_dimension : 1, covariate_dimension : 1, alpha : 0.0, beta : 0.0, stochasticity : 1, gamma : 0.3, noise : uniform, 
Running with estimator : kme_dml, regularization : True, sample_splits : 1, reg_lambda : 0.001, reg_lambda_tilde : 0.001, kernel : gauss, density : gaussian, bandwidth : 0.3, bandwidth_mode : heuristic, epsilon : 0.1, normalized : True, random_seed : 8, 
bias_direct: 0.09308794994509327
rmse_direct: 0.1194718300780298
bias_indirect: 0.02507270391085012
rmse_indirect: 0.038482751084293915
bias_total: 0.11797778404142294
rmse_total: 0.14921861416803855
bias_mr: 0.09520975656430408
rmse_mr: 0.108206585395587
coverage: 1.0
