Experiment: expname : nonparametric_experiment, data : uniform, n_samples : 1000, mediator_dimension : 1, covariate_dimension : 1, alpha : 0.0, beta : 0.0, stochasticity : 1, gamma : 0.3, noise : uniform, 
Running with estimator : kme_dml, regularization : True, sample_splits : 1, reg_lambda : 0.001, reg_lambda_tilde : 0.001, kernel : gauss, density : conditional_kernel, bandwidth : 0.3, bandwidth_mode : heuristic, epsilon : 0.1, normalized : True, random_seed : 1, 
bias_direct: 0.04913138437065112
rmse_direct: 0.06429567693819588
bias_indirect: 0.023506351613416326
rmse_indirect: 0.0281842621736539
bias_total: 0.05138126520178638
rmse_total: 0.07261870522989483
bias_mr: 0.07521398409441091
rmse_mr: 0.08309783411305724
coverage: 1.0
