Experiment: expname : nonparametric_experiment, data : uniform, n_samples : 1000, mediator_dimension : 1, covariate_dimension : 1, alpha : 0.0, beta : 0.0, stochasticity : 1, gamma : 0.3, noise : uniform, 
Running with estimator : kme_dml, regularization : True, sample_splits : 1, reg_lambda : 0.001, reg_lambda_tilde : 0.001, kernel : linear, density : gaussian, bandwidth : 0.3, bandwidth_mode : heuristic, epsilon : 0.1, normalized : True, random_seed : 10, 
bias_direct: 0.0464569250088911
rmse_direct: 0.05610226827479984
bias_indirect: 0.020856368320328517
rmse_indirect: 0.02695008572328206
bias_total: 0.03377921691278956
rmse_total: 0.039263353806753665
bias_mr: 0.03768858404127841
rmse_mr: 0.04676135006481041
coverage: 1.0
