Experiment: expname : nonparametric_experiment, data : uniform, n_samples : 5000, mediator_dimension : 1, covariate_dimension : 1, alpha : 0.0, beta : 0.0, stochasticity : 1, gamma : 0.3, noise : uniform, 
Running with estimator : kme_g_computation, regularization : True, sample_splits : 1, reg_lambda : 0.001, reg_lambda_tilde : 0.001, kernel : linear, density : gaussian, bandwidth : 0.3, bandwidth_mode : heuristic, epsilon : 0.1, normalized : True, random_seed : 12, 
bias_direct: 0.16680289771064982
rmse_direct: 0.1895832696170737
bias_indirect: 0.15887301326467548
rmse_indirect: 0.18056763470953838
bias_total: 0.007929884445974348
rmse_total: 0.009015880367125407
bias_mr: 0.1669720496147627
rmse_mr: 0.18993716866919064
coverage: 0.0
