Experiment: expname : nonparametric_experiment, data : uniform, n_samples : 1000, mediator_dimension : 1, covariate_dimension : 1, alpha : 0.0, beta : 0.0, stochasticity : 1, gamma : 0.3, noise : uniform, 
Running with estimator : kme_dml, regularization : True, sample_splits : 1, reg_lambda : 0.001, reg_lambda_tilde : 0.001, kernel : gauss, density : conditional_kernel, bandwidth : 0.3, bandwidth_mode : heuristic, epsilon : 0.1, normalized : True, random_seed : 20, 
bias_direct: 0.08894140507479285
rmse_direct: 0.10116916164867909
bias_indirect: 0.013244149598627637
rmse_indirect: 0.01813650056855084
bias_total: 0.1001724058678877
rmse_total: 0.11432254210032305
bias_mr: 0.05811903326804696
rmse_mr: 0.065686904850098
coverage: 1.0
