Experiment: expname : nonparametric_experiment, data : uniform, n_samples : 500, mediator_dimension : 1, covariate_dimension : 1, alpha : 0.0, beta : 0.0, stochasticity : 1, gamma : 0.3, noise : uniform, 
Running with estimator : ipw, regularization : True, sample_splits : 1, reg_lambda : 0.001, reg_lambda_tilde : 0.001, kernel : gauss, density : conditional_kernel, bandwidth : 0.3, bandwidth_mode : heuristic, epsilon : 0.1, normalized : True, random_seed : 64, 
bias_direct: 0.18613585781153763
rmse_direct: 0.23094574820800728
bias_indirect: 0.020831317165096452
rmse_indirect: 0.03243049367630421
bias_total: 0.18629102791661317
rmse_total: 0.22765881603756966
bias_mr: 0.17328182789417615
rmse_mr: 0.19825239761551122
coverage: 0.0
