Experiment: expname : nonparametric_experiment, data : uniform, n_samples : 1000, mediator_dimension : 1, covariate_dimension : 1, alpha : 0.0, beta : 0.0, stochasticity : 1, gamma : 0.3, noise : uniform, 
Running with estimator : ipw, regularization : True, sample_splits : 1, reg_lambda : 0.001, reg_lambda_tilde : 0.001, kernel : gauss, density : gaussian, bandwidth : 0.3, bandwidth_mode : heuristic, epsilon : 0.1, normalized : True, random_seed : 59, 
bias_direct: 0.0638438974482159
rmse_direct: 0.10182729719100883
bias_indirect: 0.0698275862068966
rmse_indirect: 0.07936276378669078
bias_total: 0.05632911905282222
rmse_total: 0.07034877158037083
bias_mr: 0.06447077240537488
rmse_mr: 0.10616562704786617
coverage: 0.0
