Experiment: expname : nonparametric_experiment, data : uniform, n_samples : 5000, mediator_dimension : 1, covariate_dimension : 1, alpha : 0.0, beta : 0.0, stochasticity : 1, gamma : 0.3, noise : uniform, 
Running with estimator : ipw, regularization : True, sample_splits : 1, reg_lambda : 0.001, reg_lambda_tilde : 0.001, kernel : linear, density : conditional_kernel, bandwidth : 0.3, bandwidth_mode : heuristic, epsilon : 0.1, normalized : True, random_seed : 76, 
bias_direct: 0.05755718161046981
rmse_direct: 0.0748365930474694
bias_indirect: 0.031079618686765585
rmse_indirect: 0.035963380440690244
bias_total: 0.055375320933850926
rmse_total: 0.06903203119570801
bias_mr: 0.05030179080268825
rmse_mr: 0.06295911579422733
coverage: 0.0
