Experiment: expname : nonparametric_experiment, data : uniform, n_samples : 1000, mediator_dimension : 1, covariate_dimension : 1, alpha : 0.0, beta : 0.0, stochasticity : 1, gamma : 0.3, noise : uniform, 
Running with estimator : kme_dml, regularization : True, sample_splits : 1, reg_lambda : 0.001, reg_lambda_tilde : 0.001, kernel : linear, density : gaussian, bandwidth : 0.3, bandwidth_mode : heuristic, epsilon : 0.1, normalized : True, random_seed : 86, 
bias_direct: 0.04021870178480896
rmse_direct: 0.04922727225171013
bias_indirect: 0.0127348026216243
rmse_indirect: 0.017972045313986378
bias_total: 0.04121352870606794
rmse_total: 0.04793571530026933
bias_mr: 0.07470562943385368
rmse_mr: 0.09081017393901
coverage: 0.896551724137931
