Experiment: expname : nonparametric_experiment, data : uniform, n_samples : 1000, mediator_dimension : 1, covariate_dimension : 1, alpha : 0.0, beta : 0.0, stochasticity : 1, gamma : 0.3, noise : uniform, 
Running with estimator : kme_g_computation, regularization : True, sample_splits : 1, reg_lambda : 0.001, reg_lambda_tilde : 0.001, kernel : linear, density : gaussian, bandwidth : 0.3, bandwidth_mode : heuristic, epsilon : 0.1, normalized : True, random_seed : 7, 
bias_direct: 0.1583052556003543
rmse_direct: 0.17980674099732702
bias_indirect: 0.17008864408194718
rmse_indirect: 0.19331481729538472
bias_total: 0.011783388481592912
rmse_total: 0.013979651092088896
bias_mr: 0.15893940651556965
rmse_mr: 0.18307376541591705
coverage: 0.0
