Experiment: expname : baselines_experiment, data : uniform, n_samples : 1000, mediator_dimension : 1, covariate_dimension : 1, alpha : 0.5, beta : 0.25, stochasticity : 1, gamma : 0.3, noise : uniform, 
Running with estimator : kme_g_computation, regularization : True, sample_splits : 1, reg_lambda : 0.001, reg_lambda_tilde : 0.001, kernel : gauss, density : gaussian, bandwidth : 0.3, bandwidth_mode : heuristic, epsilon : 0.3, normalized : True, random_seed : 58, 
bias_direct: 0.352603305230506
rmse_direct: 0.46474485056593345
bias_indirect: 0.41752561709811764
rmse_indirect: 0.5318895518748094
bias_total: 0.06492231186761156
rmse_total: 0.07868544911621975
bias_mr: 0.38561108482871637
rmse_mr: 0.5104631740954498
coverage: 0.0
