Experiment: expname : nonparametric_experiment, data : uniform, n_samples : 1000, mediator_dimension : 1, covariate_dimension : 1, alpha : 0.0, beta : 0.0, stochasticity : 1, gamma : 0.3, noise : uniform, 
Running with estimator : kme_dml, regularization : True, sample_splits : 1, reg_lambda : 0.001, reg_lambda_tilde : 0.001, kernel : gauss, density : conditional_kernel, bandwidth : 0.3, bandwidth_mode : heuristic, epsilon : 0.1, normalized : True, random_seed : 43, 
bias_direct: 0.10708885752342133
rmse_direct: 0.1306404124914422
bias_indirect: 0.028414087665938708
rmse_indirect: 0.0334517471840742
bias_total: 0.08616068252541564
rmse_total: 0.1029821018422098
bias_mr: 0.1156883180981931
rmse_mr: 0.13291107429908597
coverage: 0.6896551724137931
