Experiment: expname : baselines_experiment, data : uniform, n_samples : 500, mediator_dimension : 1, covariate_dimension : 1, alpha : 0.5, beta : 0.25, stochasticity : 1, gamma : 0.3, noise : uniform, 
Running with estimator : kme_g_computation, regularization : True, sample_splits : 1, reg_lambda : 0.001, reg_lambda_tilde : 0.001, kernel : gauss, density : gaussian, bandwidth : 0.3, bandwidth_mode : heuristic, epsilon : 0.3, normalized : True, random_seed : 23, 
bias_direct: 0.3879571320869028
rmse_direct: 0.5016590870688694
bias_indirect: 0.4423693429882864
rmse_indirect: 0.565539467700823
bias_total: 0.05590974668684181
rmse_total: 0.08184149200195208
bias_mr: 0.39606656450116623
rmse_mr: 0.5066426633172287
coverage: 0.0
