Experiment: expname : nonparametric_experiment, data : uniform, n_samples : 5000, mediator_dimension : 1, covariate_dimension : 1, alpha : 0.0, beta : 0.0, stochasticity : 1, gamma : 0.3, noise : uniform, 
Running with estimator : kme_dml, regularization : True, sample_splits : 1, reg_lambda : 0.001, reg_lambda_tilde : 0.001, kernel : gauss, density : conditional_kernel, bandwidth : 0.3, bandwidth_mode : heuristic, epsilon : 0.1, normalized : True, random_seed : 32, 
bias_direct: 0.04222702480268066
rmse_direct: 0.04524904859475141
bias_indirect: 0.020957333224947867
rmse_indirect: 0.023119315057826464
bias_total: 0.055760576968201546
rmse_total: 0.06134657167823162
bias_mr: 0.030399690869422524
rmse_mr: 0.03533696151735836
coverage: 1.0
