Experiment: expname : nonparametric_experiment, data : uniform, n_samples : 5000, mediator_dimension : 1, covariate_dimension : 1, alpha : 0.0, beta : 0.0, stochasticity : 1, gamma : 0.3, noise : uniform, 
Running with estimator : kme_dml, regularization : True, sample_splits : 1, reg_lambda : 0.001, reg_lambda_tilde : 0.001, kernel : linear, density : conditional_kernel, bandwidth : 0.3, bandwidth_mode : heuristic, epsilon : 0.1, normalized : True, random_seed : 16, 
bias_direct: 0.020932150803654043
rmse_direct: 0.023587821578423367
bias_indirect: 0.011241011657870502
rmse_indirect: 0.013365577279229896
bias_total: 0.03031360891003338
rmse_total: 0.03473873616409411
bias_mr: 0.046193041913441556
rmse_mr: 0.0517519074989356
coverage: 0.8620689655172413
