Experiment: expname : nonparametric_experiment, data : uniform, n_samples : 500, mediator_dimension : 1, covariate_dimension : 1, alpha : 0.0, beta : 0.0, stochasticity : 1, gamma : 0.3, noise : uniform, 
Running with estimator : ipw, regularization : True, sample_splits : 1, reg_lambda : 0.001, reg_lambda_tilde : 0.001, kernel : linear, density : conditional_kernel, bandwidth : 0.3, bandwidth_mode : heuristic, epsilon : 0.1, normalized : True, random_seed : 95, 
bias_direct: 0.07665371005859076
rmse_direct: 0.09169452796297874
bias_indirect: 0.03794644274045261
rmse_indirect: 0.0449496350273784
bias_total: 0.05924638739972094
rmse_total: 0.07549116343304405
bias_mr: 0.06745201840494616
rmse_mr: 0.0801260539982516
coverage: 0.0
