Experiment: expname : nonparametric_experiment, data : uniform, n_samples : 1000, mediator_dimension : 1, covariate_dimension : 1, alpha : 0.0, beta : 0.0, stochasticity : 1, gamma : 0.3, noise : uniform, 
Running with estimator : kme_dml, regularization : True, sample_splits : 1, reg_lambda : 0.001, reg_lambda_tilde : 0.001, kernel : gauss, density : gaussian, bandwidth : 0.3, bandwidth_mode : heuristic, epsilon : 0.1, normalized : True, random_seed : 19, 
bias_direct: 0.10479250748834093
rmse_direct: 0.11929364674657968
bias_indirect: 0.011560080444431457
rmse_indirect: 0.013748840917427703
bias_total: 0.11546158804533806
rmse_total: 0.132031982033467
bias_mr: 0.07308703930151482
rmse_mr: 0.09248123872386052
coverage: 0.7931034482758621
