Experiment: expname : nonparametric_experiment, data : uniform, n_samples : 1000, mediator_dimension : 1, covariate_dimension : 1, alpha : 0.0, beta : 0.0, stochasticity : 1, gamma : 0.3, noise : uniform, 
Running with estimator : kme_dml, regularization : True, sample_splits : 1, reg_lambda : 0.001, reg_lambda_tilde : 0.001, kernel : linear, density : gaussian, bandwidth : 0.3, bandwidth_mode : heuristic, epsilon : 0.1, normalized : True, random_seed : 27, 
bias_direct: 0.04306964849691955
rmse_direct: 0.056412122067216124
bias_indirect: 0.037621161455657026
rmse_indirect: 0.05189192941159483
bias_total: 0.06062469573557015
rmse_total: 0.07774687628402963
bias_mr: 0.06362924708025094
rmse_mr: 0.07200026182652776
coverage: 1.0
