Experiment: expname : nonparametric_experiment, data : uniform, n_samples : 5000, mediator_dimension : 1, covariate_dimension : 1, alpha : 0.0, beta : 0.0, stochasticity : 1, gamma : 0.3, noise : uniform, 
Running with estimator : kme_dml, regularization : True, sample_splits : 1, reg_lambda : 0.001, reg_lambda_tilde : 0.001, kernel : linear, density : conditional_kernel, bandwidth : 0.3, bandwidth_mode : heuristic, epsilon : 0.1, normalized : True, random_seed : 40, 
bias_direct: 0.025884306426582196
rmse_direct: 0.030572897412701784
bias_indirect: 0.02163578307855383
rmse_indirect: 0.023199511473288498
bias_total: 0.02067792684225496
rmse_total: 0.028746739934799575
bias_mr: 0.040337584441778776
rmse_mr: 0.046577449934834605
coverage: 1.0
