Experiment: expname : nonparametric_experiment, data : uniform, n_samples : 500, mediator_dimension : 1, covariate_dimension : 1, alpha : 0.0, beta : 0.0, stochasticity : 1, gamma : 0.3, noise : uniform, 
Running with estimator : kme_dml, regularization : True, sample_splits : 1, reg_lambda : 0.001, reg_lambda_tilde : 0.001, kernel : linear, density : gaussian, bandwidth : 0.3, bandwidth_mode : heuristic, epsilon : 0.1, normalized : True, random_seed : 27, 
bias_direct: 0.06348350858966387
rmse_direct: 0.0749694981205604
bias_indirect: 0.018157763072006994
rmse_indirect: 0.021769899428262435
bias_total: 0.0600065720707552
rmse_total: 0.07911881913902119
bias_mr: 0.0693055063268431
rmse_mr: 0.08667609214682584
coverage: 0.9655172413793104
