Experiment: expname : nonparametric_experiment, data : uniform, n_samples : 5000, mediator_dimension : 1, covariate_dimension : 1, alpha : 0.0, beta : 0.0, stochasticity : 1, gamma : 0.3, noise : uniform, 
Running with estimator : ipw, regularization : True, sample_splits : 1, reg_lambda : 0.001, reg_lambda_tilde : 0.001, kernel : gauss, density : gaussian, bandwidth : 0.3, bandwidth_mode : heuristic, epsilon : 0.1, normalized : True, random_seed : 72, 
bias_direct: 0.08296609896770024
rmse_direct: 0.102506726046677
bias_indirect: 0.0698275862068966
rmse_indirect: 0.07936276378669081
bias_total: 0.042904500459879265
rmse_total: 0.05510701356502645
bias_mr: 0.0810783051120132
rmse_mr: 0.09311130954400398
coverage: 0.0
