Experiment: expname : nonparametric_experiment, data : uniform, n_samples : 5000, mediator_dimension : 1, covariate_dimension : 1, alpha : 0.0, beta : 0.0, stochasticity : 1, gamma : 0.3, noise : uniform, 
Running with estimator : kme_g_computation, regularization : True, sample_splits : 1, reg_lambda : 0.001, reg_lambda_tilde : 0.001, kernel : linear, density : conditional_kernel, bandwidth : 0.3, bandwidth_mode : heuristic, epsilon : 0.1, normalized : True, random_seed : 78, 
bias_direct: 0.14801873588312714
rmse_direct: 0.16827877361229682
bias_indirect: 0.15476263363707402
rmse_indirect: 0.17589596610096403
bias_total: 0.006743897753946888
rmse_total: 0.0076896207655668515
bias_mr: 0.1478331224030198
rmse_mr: 0.16798841217959437
coverage: 0.0
