Experiment: expname : baselines_experiment, data : uniform, n_samples : 5000, mediator_dimension : 1, covariate_dimension : 1, alpha : 0.5, beta : 0.25, stochasticity : 1, gamma : 0.3, noise : uniform, 
Running with estimator : linear, regularization : True, sample_splits : 1, reg_lambda : 0.001, reg_lambda_tilde : 0.001, kernel : gauss, density : gaussian, bandwidth : 0.3, bandwidth_mode : heuristic, epsilon : 0.3, normalized : True, random_seed : 99, 
bias_direct: 0.3271474919940349
rmse_direct: 0.37394112344667635
bias_indirect: 0.000684077693470804
rmse_indirect: 0.0007774906644747457
bias_total: 0.3277464400189849
rmse_total: 0.3746211900755599
bias_mr: 0.31385796274448086
rmse_mr: 0.3342544903457542
coverage: 0.0
