Experiment: expname : nonparametric_experiment, data : uniform, n_samples : 1000, mediator_dimension : 1, covariate_dimension : 1, alpha : 0.0, beta : 0.0, stochasticity : 1, gamma : 0.3, noise : uniform, 
Running with estimator : kme_dml, regularization : True, sample_splits : 1, reg_lambda : 0.001, reg_lambda_tilde : 0.001, kernel : gauss, density : conditional_kernel, bandwidth : 0.3, bandwidth_mode : heuristic, epsilon : 0.1, normalized : True, random_seed : 12, 
bias_direct: 0.07780432205222788
rmse_direct: 0.09724474591161457
bias_indirect: 0.018589042996940894
rmse_indirect: 0.023585783683208968
bias_total: 0.06577156746935854
rmse_total: 0.07729627033744234
bias_mr: 0.06428671642669816
rmse_mr: 0.0776231159895072
coverage: 1.0
