Experiment: expname : nonparametric_experiment, data : uniform, n_samples : 5000, mediator_dimension : 1, covariate_dimension : 1, alpha : 0.0, beta : 0.0, stochasticity : 1, gamma : 0.3, noise : uniform, 
Running with estimator : ipw, regularization : True, sample_splits : 1, reg_lambda : 0.001, reg_lambda_tilde : 0.001, kernel : gauss, density : gaussian, bandwidth : 0.3, bandwidth_mode : heuristic, epsilon : 0.1, normalized : True, random_seed : 17, 
bias_direct: 0.06259993760865014
rmse_direct: 0.0760684851625998
bias_indirect: 0.0698275862068966
rmse_indirect: 0.07936276378669078
bias_total: 0.03556592766214756
rmse_total: 0.04346297735547142
bias_mr: 0.06526614369703243
rmse_mr: 0.08041144986977795
coverage: 0.0
