Experiment: expname : nonparametric_experiment, data : uniform, n_samples : 500, mediator_dimension : 1, covariate_dimension : 1, alpha : 0.0, beta : 0.0, stochasticity : 1, gamma : 0.3, noise : uniform, 
Running with estimator : kme_dml, regularization : True, sample_splits : 1, reg_lambda : 0.001, reg_lambda_tilde : 0.001, kernel : linear, density : conditional_kernel, bandwidth : 0.3, bandwidth_mode : heuristic, epsilon : 0.1, normalized : True, random_seed : 39, 
bias_direct: 0.05287758603150216
rmse_direct: 0.06414260047916968
bias_indirect: 0.011296348916658703
rmse_indirect: 0.01886285177650557
bias_total: 0.057535745708825574
rmse_total: 0.07669088643254988
bias_mr: 0.0520273380223421
rmse_mr: 0.06017469863607562
coverage: 1.0
