Experiment: expname : baselines_experiment, data : uniform, n_samples : 500, mediator_dimension : 1, covariate_dimension : 1, alpha : 0.5, beta : 0.25, stochasticity : 1, gamma : 0.3, noise : uniform, 
Running with estimator : ipw, regularization : True, sample_splits : 1, reg_lambda : 0.001, reg_lambda_tilde : 0.001, kernel : gauss, density : gaussian, bandwidth : 0.3, bandwidth_mode : heuristic, epsilon : 0.3, normalized : True, random_seed : 77, 
bias_direct: 0.19206942459492737
rmse_direct: 0.21737253249603988
bias_indirect: 0.0698275862068966
rmse_indirect: 0.07936276378669077
bias_total: 0.17654232197798045
rmse_total: 0.20322452711574093
bias_mr: 0.12440279606955065
rmse_mr: 0.16061130566698334
coverage: 0.0
