Experiment: expname : nonparametric_experiment, data : uniform, n_samples : 1000, mediator_dimension : 1, covariate_dimension : 1, alpha : 0.0, beta : 0.0, stochasticity : 1, gamma : 0.3, noise : uniform, 
Running with estimator : kme_g_computation, regularization : True, sample_splits : 1, reg_lambda : 0.001, reg_lambda_tilde : 0.001, kernel : linear, density : gaussian, bandwidth : 0.3, bandwidth_mode : heuristic, epsilon : 0.1, normalized : True, random_seed : 95, 
bias_direct: 0.1519806672597965
rmse_direct: 0.17257420916662677
bias_indirect: 0.1680919702661605
rmse_indirect: 0.191045477275084
bias_total: 0.016111303006364
rmse_total: 0.01993780002476191
bias_mr: 0.15301341889607592
rmse_mr: 0.1763341408706635
coverage: 0.0
