Experiment: expname : nonparametric_experiment, data : uniform, n_samples : 5000, mediator_dimension : 1, covariate_dimension : 1, alpha : 0.0, beta : 0.0, stochasticity : 1, gamma : 0.3, noise : uniform, 
Running with estimator : kme_g_computation, regularization : True, sample_splits : 1, reg_lambda : 0.001, reg_lambda_tilde : 0.001, kernel : gauss, density : gaussian, bandwidth : 0.3, bandwidth_mode : heuristic, epsilon : 0.1, normalized : True, random_seed : 99, 
bias_direct: 0.1702456955918887
rmse_direct: 0.1908745962225707
bias_indirect: 0.17943213550914947
rmse_indirect: 0.20656799930936492
bias_total: 0.015687845940363633
rmse_total: 0.026556664580344013
bias_mr: 0.1797107432098528
rmse_mr: 0.2074915788774862
coverage: 0.0
