Experiment: expname : nonparametric_experiment, data : uniform, n_samples : 500, mediator_dimension : 1, covariate_dimension : 1, alpha : 0.0, beta : 0.0, stochasticity : 1, gamma : 0.3, noise : uniform, 
Running with estimator : kme_g_computation, regularization : True, sample_splits : 1, reg_lambda : 0.001, reg_lambda_tilde : 0.001, kernel : gauss, density : gaussian, bandwidth : 0.3, bandwidth_mode : heuristic, epsilon : 0.1, normalized : True, random_seed : 89, 
bias_direct: 0.14637630659296677
rmse_direct: 0.168088155199047
bias_indirect: 0.2340161040565004
rmse_indirect: 0.2606428467462068
bias_total: 0.08990604806404541
rmse_total: 0.1154505394733458
bias_mr: 0.1558582645171714
rmse_mr: 0.18111122902135765
coverage: 0.0
