Experiment: expname : baselines_experiment, data : uniform, n_samples : 500, mediator_dimension : 1, covariate_dimension : 1, alpha : 0.5, beta : 0.25, stochasticity : 1, gamma : 0.3, noise : uniform, 
Running with estimator : linear, regularization : True, sample_splits : 1, reg_lambda : 0.001, reg_lambda_tilde : 0.001, kernel : gauss, density : gaussian, bandwidth : 0.3, bandwidth_mode : heuristic, epsilon : 0.3, normalized : True, random_seed : 5, 
bias_direct: 0.3327000893220529
rmse_direct: 0.3802600538711738
bias_indirect: 0.022390959736293656
rmse_indirect: 0.02544851605271827
bias_total: 0.3546845152809102
rmse_total: 0.4028090809583294
bias_mr: 0.32064638966349324
rmse_mr: 0.34087995659907133
coverage: 0.0
