Experiment: expname : baselines_experiment, data : uniform, n_samples : 1000, mediator_dimension : 1, covariate_dimension : 1, alpha : 0.5, beta : 0.25, stochasticity : 1, gamma : 0.3, noise : uniform, 
Running with estimator : kme_g_computation, regularization : True, sample_splits : 1, reg_lambda : 0.001, reg_lambda_tilde : 0.001, kernel : gauss, density : gaussian, bandwidth : 0.3, bandwidth_mode : heuristic, epsilon : 0.3, normalized : True, random_seed : 94, 
bias_direct: 0.3929156944499363
rmse_direct: 0.5189461347082281
bias_indirect: 0.41771168224958083
rmse_indirect: 0.5656787490816984
bias_total: 0.07244631190199033
rmse_total: 0.09893055728790347
bias_mr: 0.38754747684656965
rmse_mr: 0.5094916034518673
coverage: 0.0
