Experiment: expname : nonparametric_experiment, data : uniform, n_samples : 5000, mediator_dimension : 1, covariate_dimension : 1, alpha : 0.0, beta : 0.0, stochasticity : 1, gamma : 0.3, noise : uniform, 
Running with estimator : kme_g_computation, regularization : True, sample_splits : 1, reg_lambda : 0.001, reg_lambda_tilde : 0.001, kernel : linear, density : gaussian, bandwidth : 0.3, bandwidth_mode : heuristic, epsilon : 0.1, normalized : True, random_seed : 38, 
bias_direct: 0.16078283889413061
rmse_direct: 0.18268383925759474
bias_indirect: 0.1642056109449651
rmse_indirect: 0.18662841300067656
bias_total: 0.0034227720508345186
rmse_total: 0.0041862770470117786
bias_mr: 0.16074211832394497
rmse_mr: 0.18265852113676623
coverage: 0.0
