Experiment: expname : baselines_experiment, data : uniform, n_samples : 500, mediator_dimension : 1, covariate_dimension : 1, alpha : 0.5, beta : 0.25, stochasticity : 1, gamma : 0.3, noise : uniform, 
Running with estimator : linear, regularization : True, sample_splits : 1, reg_lambda : 0.001, reg_lambda_tilde : 0.001, kernel : gauss, density : gaussian, bandwidth : 0.3, bandwidth_mode : heuristic, epsilon : 0.3, normalized : True, random_seed : 32, 
bias_direct: 0.282264687235188
rmse_direct: 0.32422810563908905
bias_indirect: 0.03434897188505396
rmse_indirect: 0.039039432552517205
bias_total: 0.3123391203967686
rmse_total: 0.3572535987865117
bias_mr: 0.2629077874273086
rmse_mr: 0.2816256827636218
coverage: 0.0
