Experiment: expname : nonparametric_experiment, data : uniform, n_samples : 1000, mediator_dimension : 1, covariate_dimension : 1, alpha : 0.0, beta : 0.0, stochasticity : 1, gamma : 0.3, noise : uniform, 
Running with estimator : kme_dml, regularization : True, sample_splits : 1, reg_lambda : 0.001, reg_lambda_tilde : 0.001, kernel : linear, density : gaussian, bandwidth : 0.3, bandwidth_mode : heuristic, epsilon : 0.1, normalized : True, random_seed : 28, 
bias_direct: 0.07058437569899363
rmse_direct: 0.0955541764030956
bias_indirect: 0.009632892942801983
rmse_indirect: 0.011439635968011405
bias_total: 0.06973053493301887
rmse_total: 0.09454851651080601
bias_mr: 0.06908181887117512
rmse_mr: 0.0802026399057855
coverage: 1.0
