Experiment: expname : nonparametric_experiment, data : uniform, n_samples : 1000, mediator_dimension : 1, covariate_dimension : 1, alpha : 0.0, beta : 0.0, stochasticity : 1, gamma : 0.3, noise : uniform, 
Running with estimator : kme_g_computation, regularization : True, sample_splits : 1, reg_lambda : 0.001, reg_lambda_tilde : 0.001, kernel : linear, density : gaussian, bandwidth : 0.3, bandwidth_mode : heuristic, epsilon : 0.1, normalized : True, random_seed : 91, 
bias_direct: 0.1749132397950247
rmse_direct: 0.19870001815624344
bias_indirect: 0.1556439138296737
rmse_indirect: 0.17689755061603804
bias_total: 0.019269325965350994
rmse_total: 0.025688167430698957
bias_mr: 0.17737383811912036
rmse_mr: 0.20367029569475742
coverage: 0.0
