Experiment: expname : nonparametric_experiment, data : uniform, n_samples : 5000, mediator_dimension : 1, covariate_dimension : 1, alpha : 0.0, beta : 0.0, stochasticity : 1, gamma : 0.3, noise : uniform, 
Running with estimator : kme_g_computation, regularization : True, sample_splits : 1, reg_lambda : 0.001, reg_lambda_tilde : 0.001, kernel : linear, density : conditional_kernel, bandwidth : 0.3, bandwidth_mode : heuristic, epsilon : 0.1, normalized : True, random_seed : 21, 
bias_direct: 0.16312692370383033
rmse_direct: 0.1853925482309035
bias_indirect: 0.15161636598292572
rmse_indirect: 0.17232004538078385
bias_total: 0.011510557720904629
rmse_total: 0.013074489109261253
bias_mr: 0.1638472778542087
rmse_mr: 0.18771989479625645
coverage: 0.0
