Experiment: expname : nonparametric_experiment, data : uniform, n_samples : 1000, mediator_dimension : 1, covariate_dimension : 1, alpha : 0.0, beta : 0.0, stochasticity : 1, gamma : 0.3, noise : uniform, 
Running with estimator : kme_dml, regularization : True, sample_splits : 1, reg_lambda : 0.001, reg_lambda_tilde : 0.001, kernel : gauss, density : conditional_kernel, bandwidth : 0.3, bandwidth_mode : heuristic, epsilon : 0.1, normalized : True, random_seed : 38, 
bias_direct: 0.07346201620284859
rmse_direct: 0.08256055077780475
bias_indirect: 0.010219355090518452
rmse_indirect: 0.012825129804782261
bias_total: 0.06997782950999899
rmse_total: 0.07602826700412951
bias_mr: 0.08624470433394602
rmse_mr: 0.11397359943975333
coverage: 0.7241379310344828
