Experiment: expname : nonparametric_experiment, data : uniform, n_samples : 1000, mediator_dimension : 1, covariate_dimension : 1, alpha : 0.0, beta : 0.0, stochasticity : 1, gamma : 0.3, noise : uniform, 
Running with estimator : kme_g_computation, regularization : True, sample_splits : 1, reg_lambda : 0.001, reg_lambda_tilde : 0.001, kernel : linear, density : gaussian, bandwidth : 0.3, bandwidth_mode : heuristic, epsilon : 0.1, normalized : True, random_seed : 41, 
bias_direct: 0.1551108703802443
rmse_direct: 0.17620518289166912
bias_indirect: 0.15668150055706356
rmse_indirect: 0.178076892894283
bias_total: 0.002013952585404514
rmse_total: 0.0030195106909263717
bias_mr: 0.1547591524016135
rmse_mr: 0.17677205004209007
coverage: 0.0
