Experiment: expname : nonparametric_experiment, data : uniform, n_samples : 1000, mediator_dimension : 1, covariate_dimension : 1, alpha : 0.0, beta : 0.0, stochasticity : 1, gamma : 0.3, noise : uniform, 
Running with estimator : kme_dml, regularization : True, sample_splits : 1, reg_lambda : 0.001, reg_lambda_tilde : 0.001, kernel : linear, density : gaussian, bandwidth : 0.3, bandwidth_mode : heuristic, epsilon : 0.1, normalized : True, random_seed : 46, 
bias_direct: 0.08187648266768768
rmse_direct: 0.0992206655192268
bias_indirect: 0.027662922039921708
rmse_indirect: 0.03418118504516885
bias_total: 0.09531981465768583
rmse_total: 0.1153431510037897
bias_mr: 0.08445575000469022
rmse_mr: 0.10263715257819493
coverage: 1.0
