Experiment: expname : baselines_experiment, data : uniform, n_samples : 5000, mediator_dimension : 1, covariate_dimension : 1, alpha : 0.5, beta : 0.25, stochasticity : 1, gamma : 0.3, noise : uniform, 
Running with estimator : kme_g_computation, regularization : True, sample_splits : 1, reg_lambda : 0.001, reg_lambda_tilde : 0.001, kernel : gauss, density : gaussian, bandwidth : 0.3, bandwidth_mode : heuristic, epsilon : 0.3, normalized : True, random_seed : 87, 
bias_direct: 0.37935821717561313
rmse_direct: 0.49441816432608154
bias_indirect: 0.41871726042240964
rmse_indirect: 0.5389774192574796
bias_total: 0.03948260863657866
rmse_total: 0.052107223296020896
bias_mr: 0.38672907325752665
rmse_mr: 0.5059771393628921
coverage: 0.0
