Experiment: expname : baselines_experiment, data : uniform, n_samples : 500, mediator_dimension : 1, covariate_dimension : 1, alpha : 0.5, beta : 0.25, stochasticity : 1, gamma : 0.3, noise : uniform, 
Running with estimator : kme_g_computation, regularization : True, sample_splits : 1, reg_lambda : 0.001, reg_lambda_tilde : 0.001, kernel : gauss, density : gaussian, bandwidth : 0.3, bandwidth_mode : heuristic, epsilon : 0.3, normalized : True, random_seed : 2, 
bias_direct: 0.38183898447652226
rmse_direct: 0.49508467705485226
bias_indirect: 0.41109504118263585
rmse_indirect: 0.5341421881329282
bias_total: 0.0347633934695091
rmse_total: 0.05613525166556616
bias_mr: 0.38999657591746384
rmse_mr: 0.49865708451192503
coverage: 0.0
