Experiment: expname : nonparametric_experiment, data : uniform, n_samples : 5000, mediator_dimension : 1, covariate_dimension : 1, alpha : 0.0, beta : 0.0, stochasticity : 1, gamma : 0.3, noise : uniform, 
Running with estimator : kme_g_computation, regularization : True, sample_splits : 1, reg_lambda : 0.001, reg_lambda_tilde : 0.001, kernel : linear, density : conditional_kernel, bandwidth : 0.3, bandwidth_mode : heuristic, epsilon : 0.1, normalized : True, random_seed : 67, 
bias_direct: 0.16876474162240923
rmse_direct: 0.19213190728188342
bias_indirect: 0.17801077799615078
rmse_indirect: 0.2023186919563218
bias_total: 0.009246036373741577
rmse_total: 0.011690311334078479
bias_mr: 0.16889410201241645
rmse_mr: 0.19294138049782075
coverage: 0.0
