Experiment: expname : nonparametric_experiment, data : uniform, n_samples : 5000, mediator_dimension : 1, covariate_dimension : 1, alpha : 0.0, beta : 0.0, stochasticity : 1, gamma : 0.3, noise : uniform, 
Running with estimator : kme_dml, regularization : True, sample_splits : 1, reg_lambda : 0.001, reg_lambda_tilde : 0.001, kernel : gauss, density : gaussian, bandwidth : 0.3, bandwidth_mode : heuristic, epsilon : 0.1, normalized : True, random_seed : 52, 
bias_direct: 0.021610652315769797
rmse_direct: 0.024143980364423827
bias_indirect: 0.017454506539236456
rmse_indirect: 0.021468967197060578
bias_total: 0.02624974278579765
rmse_total: 0.03360764288022783
bias_mr: 0.02345590164772736
rmse_mr: 0.026508797258630076
coverage: 1.0
