Experiment: expname : nonparametric_experiment, data : uniform, n_samples : 500, mediator_dimension : 1, covariate_dimension : 1, alpha : 0.0, beta : 0.0, stochasticity : 1, gamma : 0.3, noise : uniform, 
Running with estimator : kme_dml, regularization : True, sample_splits : 1, reg_lambda : 0.001, reg_lambda_tilde : 0.001, kernel : gauss, density : conditional_kernel, bandwidth : 0.3, bandwidth_mode : heuristic, epsilon : 0.1, normalized : True, random_seed : 7, 
bias_direct: 0.12443729674299096
rmse_direct: 0.15723077094280186
bias_indirect: 0.04229698005015731
rmse_indirect: 0.062113934992184455
bias_total: 0.08215912205807593
rmse_total: 0.10311586236585141
bias_mr: 0.07817566485095005
rmse_mr: 0.0888963735600776
coverage: 1.0
