Experiment: expname : nonparametric_experiment, data : uniform, n_samples : 500, mediator_dimension : 1, covariate_dimension : 1, alpha : 0.0, beta : 0.0, stochasticity : 1, gamma : 0.3, noise : uniform, 
Running with estimator : ipw, regularization : True, sample_splits : 1, reg_lambda : 0.001, reg_lambda_tilde : 0.001, kernel : gauss, density : conditional_kernel, bandwidth : 0.3, bandwidth_mode : heuristic, epsilon : 0.1, normalized : True, random_seed : 36, 
bias_direct: 0.0832710243831717
rmse_direct: 0.09868982384878845
bias_indirect: 0.015220435966100353
rmse_indirect: 0.01883318420074355
bias_total: 0.07593751982202947
rmse_total: 0.08830921708862739
bias_mr: 0.0849107001135042
rmse_mr: 0.10031489784796528
coverage: 0.0
