Experiment: expname : nonparametric_experiment, data : uniform, n_samples : 1000, mediator_dimension : 1, covariate_dimension : 1, alpha : 0.0, beta : 0.0, stochasticity : 1, gamma : 0.3, noise : uniform, 
Running with estimator : kme_g_computation, regularization : True, sample_splits : 1, reg_lambda : 0.001, reg_lambda_tilde : 0.001, kernel : gauss, density : gaussian, bandwidth : 0.3, bandwidth_mode : heuristic, epsilon : 0.1, normalized : True, random_seed : 43, 
bias_direct: 0.15549834550905567
rmse_direct: 0.17979584378373467
bias_indirect: 0.12351491047805306
rmse_indirect: 0.15111574988797072
bias_total: 0.03488643751426859
rmse_total: 0.05444188544867281
bias_mr: 0.15879960441093177
rmse_mr: 0.18242073791253188
coverage: 0.0
