Experiment: expname : nonparametric_experiment, data : uniform, n_samples : 500, mediator_dimension : 1, covariate_dimension : 1, alpha : 0.0, beta : 0.0, stochasticity : 1, gamma : 0.3, noise : uniform, 
Running with estimator : kme_g_computation, regularization : True, sample_splits : 1, reg_lambda : 0.001, reg_lambda_tilde : 0.001, kernel : gauss, density : gaussian, bandwidth : 0.3, bandwidth_mode : heuristic, epsilon : 0.1, normalized : True, random_seed : 50, 
bias_direct: 0.1412641864608541
rmse_direct: 0.15522558170951012
bias_indirect: 0.08263536978821595
rmse_indirect: 0.13633104817393626
bias_total: 0.11621340394459888
rmse_total: 0.14155674813192518
bias_mr: 0.18596555759653846
rmse_mr: 0.23025921078086958
coverage: 0.0
