Experiment: expname : nonparametric_experiment, data : uniform, n_samples : 1000, mediator_dimension : 1, covariate_dimension : 1, alpha : 0.0, beta : 0.0, stochasticity : 1, gamma : 0.3, noise : uniform, 
Running with estimator : ipw, regularization : True, sample_splits : 1, reg_lambda : 0.001, reg_lambda_tilde : 0.001, kernel : linear, density : conditional_kernel, bandwidth : 0.3, bandwidth_mode : heuristic, epsilon : 0.1, normalized : True, random_seed : 88, 
bias_direct: 0.09780860072445516
rmse_direct: 0.11149616865223833
bias_indirect: 0.04144916919812345
rmse_indirect: 0.0486596858870108
bias_total: 0.073471188911001
rmse_total: 0.08825493669371692
bias_mr: 0.10856604637043274
rmse_mr: 0.12339398133370709
coverage: 0.0
