Experiment: expname : nonparametric_experiment, data : uniform, n_samples : 500, mediator_dimension : 1, covariate_dimension : 1, alpha : 0.0, beta : 0.0, stochasticity : 1, gamma : 0.3, noise : uniform, 
Running with estimator : kme_dml, regularization : True, sample_splits : 1, reg_lambda : 0.001, reg_lambda_tilde : 0.001, kernel : linear, density : gaussian, bandwidth : 0.3, bandwidth_mode : heuristic, epsilon : 0.1, normalized : True, random_seed : 86, 
bias_direct: 0.021405324813907133
rmse_direct: 0.027705229672888108
bias_indirect: 0.025732496770668314
rmse_indirect: 0.028708677821337496
bias_total: 0.04215623862695125
rmse_total: 0.05397701033350438
bias_mr: 0.12738519429487763
rmse_mr: 0.13216259755142304
coverage: 1.0
