Experiment: expname : baselines_experiment, data : uniform, n_samples : 500, mediator_dimension : 1, covariate_dimension : 1, alpha : 0.5, beta : 0.25, stochasticity : 1, gamma : 0.3, noise : uniform, 
Running with estimator : linear, regularization : True, sample_splits : 1, reg_lambda : 0.001, reg_lambda_tilde : 0.001, kernel : gauss, density : gaussian, bandwidth : 0.3, bandwidth_mode : heuristic, epsilon : 0.3, normalized : True, random_seed : 27, 
bias_direct: 0.27562190113275664
rmse_direct: 0.3164875143488954
bias_indirect: 0.01254898689594626
rmse_indirect: 0.014262590716430882
bias_total: 0.26608467109183753
rmse_total: 0.30490994932793986
bias_mr: 0.25457540571498655
rmse_mr: 0.27338736316982465
coverage: 0.0
