Experiment: expname : nonparametric_experiment, data : uniform, n_samples : 5000, mediator_dimension : 1, covariate_dimension : 1, alpha : 0.0, beta : 0.0, stochasticity : 1, gamma : 0.3, noise : uniform, 
Running with estimator : kme_dml, regularization : True, sample_splits : 1, reg_lambda : 0.001, reg_lambda_tilde : 0.001, kernel : linear, density : gaussian, bandwidth : 0.3, bandwidth_mode : heuristic, epsilon : 0.1, normalized : True, random_seed : 86, 
bias_direct: 0.01977889029541071
rmse_direct: 0.024743184410126216
bias_indirect: 0.012892793008427102
rmse_indirect: 0.016819184085757416
bias_total: 0.02559927735781519
rmse_total: 0.02971768776377483
bias_mr: 0.06408740586848909
rmse_mr: 0.0687838297720058
coverage: 0.7931034482758621
