Experiment: expname : nonparametric_experiment, data : uniform, n_samples : 1000, mediator_dimension : 1, covariate_dimension : 1, alpha : 0.0, beta : 0.0, stochasticity : 1, gamma : 0.3, noise : uniform, 
Running with estimator : kme_dml, regularization : True, sample_splits : 1, reg_lambda : 0.001, reg_lambda_tilde : 0.001, kernel : linear, density : gaussian, bandwidth : 0.3, bandwidth_mode : heuristic, epsilon : 0.1, normalized : True, random_seed : 37, 
bias_direct: 0.05322641486265693
rmse_direct: 0.06791174112899756
bias_indirect: 0.012500634095626977
rmse_indirect: 0.01546378007555624
bias_total: 0.05161926584499128
rmse_total: 0.06734776449090248
bias_mr: 0.05392111542195282
rmse_mr: 0.06745475449114446
coverage: 0.9655172413793104
