Experiment: expname : nonparametric_experiment, data : uniform, n_samples : 500, mediator_dimension : 1, covariate_dimension : 1, alpha : 0.0, beta : 0.0, stochasticity : 1, gamma : 0.3, noise : uniform, 
Running with estimator : kme_dml, regularization : True, sample_splits : 1, reg_lambda : 0.001, reg_lambda_tilde : 0.001, kernel : gauss, density : gaussian, bandwidth : 0.3, bandwidth_mode : heuristic, epsilon : 0.1, normalized : True, random_seed : 72, 
bias_direct: 0.04440120604429358
rmse_direct: 0.05351843105695694
bias_indirect: 0.04747543992632724
rmse_indirect: 0.054545287749230426
bias_total: 0.08261553079745067
rmse_total: 0.09313930816450318
bias_mr: 0.05188610033979548
rmse_mr: 0.065020278230216
coverage: 1.0
