Experiment: expname : nonparametric_experiment, data : uniform, n_samples : 1000, mediator_dimension : 1, covariate_dimension : 1, alpha : 0.0, beta : 0.0, stochasticity : 1, gamma : 0.3, noise : uniform, 
Running with estimator : kme_g_computation, regularization : True, sample_splits : 1, reg_lambda : 0.001, reg_lambda_tilde : 0.001, kernel : linear, density : gaussian, bandwidth : 0.3, bandwidth_mode : heuristic, epsilon : 0.1, normalized : True, random_seed : 99, 
bias_direct: 0.16256357128692234
rmse_direct: 0.18471589115864348
bias_indirect: 0.14938773175275047
rmse_indirect: 0.1697871176142312
bias_total: 0.013175839534171872
rmse_total: 0.014965676052997413
bias_mr: 0.16341735413677158
rmse_mr: 0.18733729043463207
coverage: 0.0
