Experiment: expname : nonparametric_experiment, data : uniform, n_samples : 1000, mediator_dimension : 1, covariate_dimension : 1, alpha : 0.0, beta : 0.0, stochasticity : 1, gamma : 0.3, noise : uniform, 
Running with estimator : kme_dml, regularization : True, sample_splits : 1, reg_lambda : 0.001, reg_lambda_tilde : 0.001, kernel : gauss, density : gaussian, bandwidth : 0.3, bandwidth_mode : heuristic, epsilon : 0.1, normalized : True, random_seed : 93, 
bias_direct: 0.08273028187208337
rmse_direct: 0.0945222769504083
bias_indirect: 0.016218788007717116
rmse_indirect: 0.022414606713158425
bias_total: 0.09886585364363769
rmse_total: 0.11398828316784214
bias_mr: 0.09349389371061292
rmse_mr: 0.11126066312331587
coverage: 0.7586206896551724
