Experiment: expname : nonparametric_experiment, data : uniform, n_samples : 500, mediator_dimension : 1, covariate_dimension : 1, alpha : 0.0, beta : 0.0, stochasticity : 1, gamma : 0.3, noise : uniform, 
Running with estimator : kme_dml, regularization : True, sample_splits : 1, reg_lambda : 0.001, reg_lambda_tilde : 0.001, kernel : gauss, density : gaussian, bandwidth : 0.3, bandwidth_mode : heuristic, epsilon : 0.1, normalized : True, random_seed : 95, 
bias_direct: 0.07680611484737938
rmse_direct: 0.09178682874445691
bias_indirect: 0.0351323841146772
rmse_indirect: 0.04299680273857246
bias_total: 0.06354744924350936
rmse_total: 0.07398280927050718
bias_mr: 0.08288602226067444
rmse_mr: 0.0947014836091534
coverage: 1.0
