Experiment: expname : nonparametric_experiment, data : uniform, n_samples : 5000, mediator_dimension : 1, covariate_dimension : 1, alpha : 0.0, beta : 0.0, stochasticity : 1, gamma : 0.3, noise : uniform, 
Running with estimator : kme_g_computation, regularization : True, sample_splits : 1, reg_lambda : 0.001, reg_lambda_tilde : 0.001, kernel : linear, density : gaussian, bandwidth : 0.3, bandwidth_mode : heuristic, epsilon : 0.1, normalized : True, random_seed : 83, 
bias_direct: 0.16625474235264642
rmse_direct: 0.1889360489224003
bias_indirect: 0.14850322881265549
rmse_indirect: 0.16878180592433342
bias_total: 0.01775151353999091
rmse_total: 0.02016003756138374
bias_mr: 0.16626047591198392
rmse_mr: 0.18894788206556845
coverage: 0.0
