Experiment: expname : nonparametric_experiment, data : uniform, n_samples : 1000, mediator_dimension : 1, covariate_dimension : 1, alpha : 0.0, beta : 0.0, stochasticity : 1, gamma : 0.3, noise : uniform, 
Running with estimator : kme_dml, regularization : True, sample_splits : 1, reg_lambda : 0.001, reg_lambda_tilde : 0.001, kernel : linear, density : gaussian, bandwidth : 0.3, bandwidth_mode : heuristic, epsilon : 0.1, normalized : True, random_seed : 13, 
bias_direct: 0.06840723498859083
rmse_direct: 0.09134669756647715
bias_indirect: 0.023857276693727798
rmse_indirect: 0.02778720787396429
bias_total: 0.07180942068725724
rmse_total: 0.09457769613987309
bias_mr: 0.09117031978992296
rmse_mr: 0.10657917131642768
coverage: 0.8275862068965517
