Experiment: expname : nonparametric_experiment, data : uniform, n_samples : 500, mediator_dimension : 1, covariate_dimension : 1, alpha : 0.0, beta : 0.0, stochasticity : 1, gamma : 0.3, noise : uniform, 
Running with estimator : kme_dml, regularization : True, sample_splits : 1, reg_lambda : 0.001, reg_lambda_tilde : 0.001, kernel : gauss, density : gaussian, bandwidth : 0.3, bandwidth_mode : heuristic, epsilon : 0.1, normalized : True, random_seed : 0, 
bias_direct: 0.10556494675150496
rmse_direct: 0.12383313501915062
bias_indirect: 0.04205609630096978
rmse_indirect: 0.05076081978708777
bias_total: 0.06603141027781592
rmse_total: 0.0902621229624044
bias_mr: 0.05851083514242012
rmse_mr: 0.06827882956176702
coverage: 1.0
