Experiment: expname : baselines_experiment, data : uniform, n_samples : 1000, mediator_dimension : 1, covariate_dimension : 1, alpha : 0.5, beta : 0.25, stochasticity : 1, gamma : 0.3, noise : uniform, 
Running with estimator : ipw, regularization : True, sample_splits : 1, reg_lambda : 0.001, reg_lambda_tilde : 0.001, kernel : gauss, density : gaussian, bandwidth : 0.3, bandwidth_mode : heuristic, epsilon : 0.3, normalized : True, random_seed : 83, 
bias_direct: 0.13982724114971162
rmse_direct: 0.19430227540693124
bias_indirect: 0.06982758620689661
rmse_indirect: 0.0793627637866908
bias_total: 0.13698960766112792
rmse_total: 0.16387082424389388
bias_mr: 0.1690562270491853
rmse_mr: 0.23693116666377737
coverage: 0.0
