Experiment: expname : nonparametric_experiment, data : uniform, n_samples : 1000, mediator_dimension : 1, covariate_dimension : 1, alpha : 0.0, beta : 0.0, stochasticity : 1, gamma : 0.3, noise : uniform, 
Running with estimator : kme_dml, regularization : True, sample_splits : 1, reg_lambda : 0.001, reg_lambda_tilde : 0.001, kernel : linear, density : conditional_kernel, bandwidth : 0.3, bandwidth_mode : heuristic, epsilon : 0.1, normalized : True, random_seed : 30, 
bias_direct: 0.11552039070095092
rmse_direct: 0.1359625308930184
bias_indirect: 0.034785348406737304
rmse_indirect: 0.038343035828118786
bias_total: 0.14926793723068404
rmse_total: 0.17039447980308442
bias_mr: 0.12148395753899656
rmse_mr: 0.1530129661161155
coverage: 0.6206896551724138
