Experiment: expname : baselines_experiment, data : uniform, n_samples : 500, mediator_dimension : 1, covariate_dimension : 1, alpha : 0.5, beta : 0.25, stochasticity : 1, gamma : 0.3, noise : uniform, 
Running with estimator : kme_dml, regularization : True, sample_splits : 1, reg_lambda : 0.001, reg_lambda_tilde : 0.001, kernel : gauss, density : gaussian, bandwidth : 0.3, bandwidth_mode : heuristic, epsilon : 0.3, normalized : True, random_seed : 52, 
bias_direct: 0.09394425017281083
rmse_direct: 0.11724319483305959
bias_indirect: 0.02679485588702704
rmse_indirect: 0.032410994858037445
bias_total: 0.0971254073676449
rmse_total: 0.11003306294474723
bias_mr: 0.12147813362862513
rmse_mr: 0.14183483711803632
coverage: 0.8275862068965517
