Experiment: expname : nonparametric_experiment, data : uniform, n_samples : 1000, mediator_dimension : 1, covariate_dimension : 1, alpha : 0.0, beta : 0.0, stochasticity : 1, gamma : 0.3, noise : uniform, 
Running with estimator : kme_g_computation, regularization : True, sample_splits : 1, reg_lambda : 0.001, reg_lambda_tilde : 0.001, kernel : linear, density : gaussian, bandwidth : 0.3, bandwidth_mode : heuristic, epsilon : 0.1, normalized : True, random_seed : 93, 
bias_direct: 0.16979198300759424
rmse_direct: 0.1928915544830954
bias_indirect: 0.13905857945233457
rmse_indirect: 0.1580474555916832
bias_total: 0.03073340355525966
rmse_total: 0.03490491609215966
bias_mr: 0.17203051345569606
rmse_mr: 0.19984251097852415
coverage: 0.0
