Experiment: expname : nonparametric_experiment, data : uniform, n_samples : 5000, mediator_dimension : 1, covariate_dimension : 1, alpha : 0.0, beta : 0.0, stochasticity : 1, gamma : 0.3, noise : uniform, 
Running with estimator : kme_dml, regularization : True, sample_splits : 1, reg_lambda : 0.001, reg_lambda_tilde : 0.001, kernel : gauss, density : conditional_kernel, bandwidth : 0.3, bandwidth_mode : heuristic, epsilon : 0.1, normalized : True, random_seed : 85, 
bias_direct: 0.03225632978805219
rmse_direct: 0.038960644454769766
bias_indirect: 0.008206349067075212
rmse_indirect: 0.009385867483993688
bias_total: 0.02469460699621052
rmse_total: 0.031146917386303898
bias_mr: 0.02794666011929062
rmse_mr: 0.03151473221228275
coverage: 1.0
