Experiment: expname : nonparametric_experiment, data : uniform, n_samples : 5000, mediator_dimension : 1, covariate_dimension : 1, alpha : 0.0, beta : 0.0, stochasticity : 1, gamma : 0.3, noise : uniform, 
Running with estimator : kme_dml, regularization : True, sample_splits : 1, reg_lambda : 0.001, reg_lambda_tilde : 0.001, kernel : linear, density : conditional_kernel, bandwidth : 0.3, bandwidth_mode : heuristic, epsilon : 0.1, normalized : True, random_seed : 38, 
bias_direct: 0.03241436114993455
rmse_direct: 0.037916423443501907
bias_indirect: 0.013597628187243473
rmse_indirect: 0.014771861637805568
bias_total: 0.03208908695421393
rmse_total: 0.03848678944782912
bias_mr: 0.01739795596671517
rmse_mr: 0.023888881417563446
coverage: 1.0
