Experiment: expname : nonparametric_experiment, data : uniform, n_samples : 1000, mediator_dimension : 1, covariate_dimension : 1, alpha : 0.0, beta : 0.0, stochasticity : 1, gamma : 0.3, noise : uniform, 
Running with estimator : ipw, regularization : True, sample_splits : 1, reg_lambda : 0.001, reg_lambda_tilde : 0.001, kernel : gauss, density : conditional_kernel, bandwidth : 0.3, bandwidth_mode : heuristic, epsilon : 0.1, normalized : True, random_seed : 0, 
bias_direct: 0.14155764378558994
rmse_direct: 0.16449539424219708
bias_indirect: 0.019778970502312403
rmse_indirect: 0.024147940019972412
bias_total: 0.15203232962851965
rmse_total: 0.17850574439870764
bias_mr: 0.07398149020149634
rmse_mr: 0.09794715658991421
coverage: 0.0
