Experiment: expname : baselines_experiment, data : uniform, n_samples : 1000, mediator_dimension : 1, covariate_dimension : 1, alpha : 0.5, beta : 0.25, stochasticity : 1, gamma : 0.3, noise : uniform, 
Running with estimator : kme_g_computation, regularization : True, sample_splits : 1, reg_lambda : 0.001, reg_lambda_tilde : 0.001, kernel : gauss, density : gaussian, bandwidth : 0.3, bandwidth_mode : heuristic, epsilon : 0.3, normalized : True, random_seed : 92, 
bias_direct: 0.3869127602069127
rmse_direct: 0.5049021072399341
bias_indirect: 0.404201811973385
rmse_indirect: 0.5224708240682779
bias_total: 0.020448679558391112
rmse_total: 0.026874378408293292
bias_mr: 0.38937315110253656
rmse_mr: 0.5099064687474271
coverage: 0.0
