Experiment: expname : baselines_experiment, data : uniform, n_samples : 1000, mediator_dimension : 1, covariate_dimension : 1, alpha : 0.5, beta : 0.25, stochasticity : 1, gamma : 0.3, noise : uniform, 
Running with estimator : linear, regularization : True, sample_splits : 1, reg_lambda : 0.001, reg_lambda_tilde : 0.001, kernel : gauss, density : gaussian, bandwidth : 0.3, bandwidth_mode : heuristic, epsilon : 0.3, normalized : True, random_seed : 86, 
bias_direct: 0.3146374017409772
rmse_direct: 0.3598269418162739
bias_indirect: 0.0012922977138641063
rmse_indirect: 0.001468765050872517
bias_total: 0.31576888018378263
rmse_total: 0.36109615518377697
bias_mr: 0.3007247473211451
rmse_mr: 0.32038046190787106
coverage: 0.0
