Experiment: expname : nonparametric_experiment, data : uniform, n_samples : 500, mediator_dimension : 1, covariate_dimension : 1, alpha : 0.0, beta : 0.0, stochasticity : 1, gamma : 0.3, noise : uniform, 
Running with estimator : kme_dml, regularization : True, sample_splits : 1, reg_lambda : 0.001, reg_lambda_tilde : 0.001, kernel : gauss, density : conditional_kernel, bandwidth : 0.3, bandwidth_mode : heuristic, epsilon : 0.1, normalized : True, random_seed : 32, 
bias_direct: 0.088519463094863
rmse_direct: 0.10642972794714804
bias_indirect: 0.018679393714801932
rmse_indirect: 0.02293938755040491
bias_total: 0.08693997901222912
rmse_total: 0.10695089498419602
bias_mr: 0.12666021699795793
rmse_mr: 0.13080972877798083
coverage: 1.0
