Experiment: expname : nonparametric_experiment, data : uniform, n_samples : 1000, mediator_dimension : 1, covariate_dimension : 1, alpha : 0.0, beta : 0.0, stochasticity : 1, gamma : 0.3, noise : uniform, 
Running with estimator : ipw, regularization : True, sample_splits : 1, reg_lambda : 0.001, reg_lambda_tilde : 0.001, kernel : gauss, density : gaussian, bandwidth : 0.3, bandwidth_mode : heuristic, epsilon : 0.1, normalized : True, random_seed : 8, 
bias_direct: 0.08792216768150757
rmse_direct: 0.11481933130937727
bias_indirect: 0.06982758620689661
rmse_indirect: 0.07936276378669078
bias_total: 0.07857997319909032
rmse_total: 0.09927842059337422
bias_mr: 0.08787826582705792
rmse_mr: 0.1180667625879412
coverage: 0.0
