Experiment: expname : baselines_experiment, data : uniform, n_samples : 5000, mediator_dimension : 1, covariate_dimension : 1, alpha : 0.5, beta : 0.25, stochasticity : 1, gamma : 0.3, noise : uniform, 
Running with estimator : linear, regularization : True, sample_splits : 1, reg_lambda : 0.001, reg_lambda_tilde : 0.001, kernel : gauss, density : gaussian, bandwidth : 0.3, bandwidth_mode : heuristic, epsilon : 0.3, normalized : True, random_seed : 13, 
bias_direct: 0.3156972613875227
rmse_direct: 0.3610157733625901
bias_indirect: 0.005490421092052846
rmse_indirect: 0.006240155444110413
bias_total: 0.3108900926980364
rmse_total: 0.35563444242573045
bias_mr: 0.3011748317298378
rmse_mr: 0.3206159214959558
coverage: 0.0
