Experiment: expname : baselines_experiment, data : uniform, n_samples : 500, mediator_dimension : 1, covariate_dimension : 1, alpha : 0.5, beta : 0.25, stochasticity : 1, gamma : 0.3, noise : uniform, 
Running with estimator : kme_g_computation, regularization : True, sample_splits : 1, reg_lambda : 0.001, reg_lambda_tilde : 0.001, kernel : gauss, density : gaussian, bandwidth : 0.3, bandwidth_mode : heuristic, epsilon : 0.3, normalized : True, random_seed : 52, 
bias_direct: 0.3104691919174557
rmse_direct: 0.41793345160784906
bias_indirect: 0.3986123460459943
rmse_indirect: 0.5152114974534158
bias_total: 0.08814315412853865
rmse_total: 0.10718845328616936
bias_mr: 0.40495369244809826
rmse_mr: 0.535405983406805
coverage: 0.0
