Experiment: expname : baselines_experiment, data : uniform, n_samples : 1000, mediator_dimension : 1, covariate_dimension : 1, alpha : 0.5, beta : 0.25, stochasticity : 1, gamma : 0.3, noise : uniform, 
Running with estimator : ipw, regularization : True, sample_splits : 1, reg_lambda : 0.001, reg_lambda_tilde : 0.001, kernel : gauss, density : gaussian, bandwidth : 0.3, bandwidth_mode : heuristic, epsilon : 0.3, normalized : True, random_seed : 74, 
bias_direct: 0.15232985286476772
rmse_direct: 0.18477383695102395
bias_indirect: 0.06982758620689661
rmse_indirect: 0.07936276378669078
bias_total: 0.13192932874262087
rmse_total: 0.16083573015759192
bias_mr: 0.11695647481687471
rmse_mr: 0.15834595998401735
coverage: 0.0
