Experiment: expname : baselines_experiment, data : uniform, n_samples : 500, mediator_dimension : 1, covariate_dimension : 1, alpha : 0.5, beta : 0.25, stochasticity : 1, gamma : 0.3, noise : uniform, 
Running with estimator : kme_g_computation, regularization : True, sample_splits : 1, reg_lambda : 0.001, reg_lambda_tilde : 0.001, kernel : gauss, density : gaussian, bandwidth : 0.3, bandwidth_mode : heuristic, epsilon : 0.3, normalized : True, random_seed : 86, 
bias_direct: 0.3939480217542921
rmse_direct: 0.5146496224808293
bias_indirect: 0.38429252064828234
rmse_indirect: 0.5041249136822189
bias_total: 0.07482738133716832
rmse_total: 0.08784203645319968
bias_mr: 0.40019009106097725
rmse_mr: 0.5146081020783376
coverage: 0.0
