Experiment: expname : nonparametric_experiment, data : uniform, n_samples : 1000, mediator_dimension : 1, covariate_dimension : 1, alpha : 0.0, beta : 0.0, stochasticity : 1, gamma : 0.3, noise : uniform, 
Running with estimator : ipw, regularization : True, sample_splits : 1, reg_lambda : 0.001, reg_lambda_tilde : 0.001, kernel : gauss, density : conditional_kernel, bandwidth : 0.3, bandwidth_mode : heuristic, epsilon : 0.1, normalized : True, random_seed : 63, 
bias_direct: 0.06327076961518635
rmse_direct: 0.07560211550239584
bias_indirect: 0.04270686598713087
rmse_indirect: 0.05331939984347341
bias_total: 0.07115912561703167
rmse_total: 0.08422613330835388
bias_mr: 0.06501832357014313
rmse_mr: 0.07848595809780984
coverage: 0.0
