Experiment: expname : nonparametric_experiment, data : uniform, n_samples : 5000, mediator_dimension : 1, covariate_dimension : 1, alpha : 0.0, beta : 0.0, stochasticity : 1, gamma : 0.3, noise : uniform, 
Running with estimator : kme_g_computation, regularization : True, sample_splits : 1, reg_lambda : 0.001, reg_lambda_tilde : 0.001, kernel : gauss, density : conditional_kernel, bandwidth : 0.3, bandwidth_mode : heuristic, epsilon : 0.1, normalized : True, random_seed : 91, 
bias_direct: 0.16590297026658804
rmse_direct: 0.18786589550209687
bias_indirect: 0.18104634526837374
rmse_indirect: 0.20248464127571852
bias_total: 0.018733996418437936
rmse_total: 0.021981109998826687
bias_mr: 0.1709871456299367
rmse_mr: 0.19597924909770753
coverage: 0.0
