Experiment: expname : nonparametric_experiment, data : uniform, n_samples : 1000, mediator_dimension : 1, covariate_dimension : 1, alpha : 0.0, beta : 0.0, stochasticity : 1, gamma : 0.3, noise : uniform, 
Running with estimator : kme_dml, regularization : True, sample_splits : 1, reg_lambda : 0.001, reg_lambda_tilde : 0.001, kernel : linear, density : gaussian, bandwidth : 0.3, bandwidth_mode : heuristic, epsilon : 0.1, normalized : True, random_seed : 42, 
bias_direct: 0.09784625036915498
rmse_direct: 0.10957195304286395
bias_indirect: 0.016861676514725497
rmse_indirect: 0.019206763238650615
bias_total: 0.09389167027050123
rmse_total: 0.10539350731018597
bias_mr: 0.046415020891003196
rmse_mr: 0.05632472889430195
coverage: 1.0
