Experiment: expname : nonparametric_experiment, data : uniform, n_samples : 5000, mediator_dimension : 1, covariate_dimension : 1, alpha : 0.0, beta : 0.0, stochasticity : 1, gamma : 0.3, noise : uniform, 
Running with estimator : kme_g_computation, regularization : True, sample_splits : 1, reg_lambda : 0.001, reg_lambda_tilde : 0.001, kernel : linear, density : gaussian, bandwidth : 0.3, bandwidth_mode : heuristic, epsilon : 0.1, normalized : True, random_seed : 99, 
bias_direct: 0.16408674242047674
rmse_direct: 0.1863274690990571
bias_indirect: 0.16989144032594136
rmse_indirect: 0.19309062774132887
bias_total: 0.006199004982300845
rmse_total: 0.009434133067189501
bias_mr: 0.16699625692093828
rmse_mr: 0.19292148789490207
coverage: 0.0
