Experiment: expname : baselines_experiment, data : uniform, n_samples : 5000, mediator_dimension : 1, covariate_dimension : 1, alpha : 0.5, beta : 0.25, stochasticity : 1, gamma : 0.3, noise : uniform, 
Running with estimator : linear, regularization : True, sample_splits : 1, reg_lambda : 0.001, reg_lambda_tilde : 0.001, kernel : gauss, density : gaussian, bandwidth : 0.3, bandwidth_mode : heuristic, epsilon : 0.3, normalized : True, random_seed : 79, 
bias_direct: 0.3038379658859801
rmse_direct: 0.3477919520640455
bias_indirect: 0.0044954592461905266
rmse_indirect: 0.005109328413716193
bias_total: 0.29990194156820443
rmse_total: 0.34344303044828417
bias_mr: 0.2873394371251108
rmse_mr: 0.30668543831215583
coverage: 0.0
