Experiment: expname : baselines_experiment, data : uniform, n_samples : 1000, mediator_dimension : 1, covariate_dimension : 1, alpha : 0.5, beta : 0.25, stochasticity : 1, gamma : 0.3, noise : uniform, 
Running with estimator : ipw, regularization : True, sample_splits : 1, reg_lambda : 0.001, reg_lambda_tilde : 0.001, kernel : gauss, density : gaussian, bandwidth : 0.3, bandwidth_mode : heuristic, epsilon : 0.3, normalized : True, random_seed : 16, 
bias_direct: 0.15057315789207298
rmse_direct: 0.190476252436244
bias_indirect: 0.06982758620689661
rmse_indirect: 0.07936276378669078
bias_total: 0.09516489207365748
rmse_total: 0.12490976623487401
bias_mr: 0.16718681818340653
rmse_mr: 0.23402460187654064
coverage: 0.0
