Experiment: expname : baselines_experiment, data : uniform, n_samples : 5000, mediator_dimension : 1, covariate_dimension : 1, alpha : 0.5, beta : 0.25, stochasticity : 1, gamma : 0.3, noise : uniform, 
Running with estimator : kme_dml, regularization : True, sample_splits : 1, reg_lambda : 0.001, reg_lambda_tilde : 0.001, kernel : gauss, density : gaussian, bandwidth : 0.3, bandwidth_mode : heuristic, epsilon : 0.3, normalized : True, random_seed : 15, 
bias_direct: 0.08027102376650705
rmse_direct: 0.09788247490105456
bias_indirect: 0.019379301691375216
rmse_indirect: 0.022708608351442294
bias_total: 0.07455460115516904
rmse_total: 0.0878956616014721
bias_mr: 0.06471657148761029
rmse_mr: 0.07387866268085957
coverage: 0.6896551724137931
