Experiment: expname : nonparametric_experiment, data : uniform, n_samples : 1000, mediator_dimension : 1, covariate_dimension : 1, alpha : 0.0, beta : 0.0, stochasticity : 1, gamma : 0.3, noise : uniform, 
Running with estimator : kme_dml, regularization : True, sample_splits : 1, reg_lambda : 0.001, reg_lambda_tilde : 0.001, kernel : gauss, density : conditional_kernel, bandwidth : 0.3, bandwidth_mode : heuristic, epsilon : 0.1, normalized : True, random_seed : 11, 
bias_direct: 0.09065406431652326
rmse_direct: 0.10920066792483454
bias_indirect: 0.013364385101342306
rmse_indirect: 0.01849068077968566
bias_total: 0.08960674551769554
rmse_total: 0.10625840984862923
bias_mr: 0.06444480135502505
rmse_mr: 0.08081471845344249
coverage: 1.0
