Experiment: expname : nonparametric_experiment, data : uniform, n_samples : 500, mediator_dimension : 1, covariate_dimension : 1, alpha : 0.0, beta : 0.0, stochasticity : 1, gamma : 0.3, noise : uniform, 
Running with estimator : kme_dml, regularization : True, sample_splits : 1, reg_lambda : 0.001, reg_lambda_tilde : 0.001, kernel : linear, density : gaussian, bandwidth : 0.3, bandwidth_mode : heuristic, epsilon : 0.1, normalized : True, random_seed : 66, 
bias_direct: 0.06253776332184723
rmse_direct: 0.09751484532949455
bias_indirect: 0.047837742957874706
rmse_indirect: 0.06336492563762093
bias_total: 0.10459130275832616
rmse_total: 0.13774056242767424
bias_mr: 0.14867618483032083
rmse_mr: 0.1627709061575506
coverage: 0.7241379310344828
