Experiment: expname : nonparametric_experiment, data : uniform, n_samples : 5000, mediator_dimension : 1, covariate_dimension : 1, alpha : 0.0, beta : 0.0, stochasticity : 1, gamma : 0.3, noise : uniform, 
Running with estimator : kme_dml, regularization : True, sample_splits : 1, reg_lambda : 0.001, reg_lambda_tilde : 0.001, kernel : gauss, density : gaussian, bandwidth : 0.3, bandwidth_mode : heuristic, epsilon : 0.1, normalized : True, random_seed : 89, 
bias_direct: 0.021366639634721102
rmse_direct: 0.02738701292391537
bias_indirect: 0.01682498824944555
rmse_indirect: 0.02055405326672899
bias_total: 0.030917885244346126
rmse_total: 0.04040048704554607
bias_mr: 0.023417802388418358
rmse_mr: 0.02793409654392872
coverage: 1.0
