Experiment: expname : baselines_experiment, data : uniform, n_samples : 1000, mediator_dimension : 1, covariate_dimension : 1, alpha : 0.5, beta : 0.25, stochasticity : 1, gamma : 0.3, noise : uniform, 
Running with estimator : linear, regularization : True, sample_splits : 1, reg_lambda : 0.001, reg_lambda_tilde : 0.001, kernel : gauss, density : gaussian, bandwidth : 0.3, bandwidth_mode : heuristic, epsilon : 0.3, normalized : True, random_seed : 21, 
bias_direct: 0.3010885923949241
rmse_direct: 0.3447519668186671
bias_indirect: 0.003752404308125091
rmse_indirect: 0.004264806975505617
bias_total: 0.29780315395625456
rmse_total: 0.34113269394448725
bias_mr: 0.28445349456413876
rmse_mr: 0.3034242657986626
coverage: 0.0
