Experiment: expname : nonparametric_experiment, data : uniform, n_samples : 1000, mediator_dimension : 1, covariate_dimension : 1, alpha : 0.0, beta : 0.0, stochasticity : 1, gamma : 0.3, noise : uniform, 
Running with estimator : kme_dml, regularization : True, sample_splits : 1, reg_lambda : 0.001, reg_lambda_tilde : 0.001, kernel : gauss, density : gaussian, bandwidth : 0.3, bandwidth_mode : heuristic, epsilon : 0.1, normalized : True, random_seed : 63, 
bias_direct: 0.019106623666100584
rmse_direct: 0.02268390648094958
bias_indirect: 0.02781356784326394
rmse_indirect: 0.03575479920950143
bias_total: 0.040517361860976146
rmse_total: 0.05081998353154305
bias_mr: 0.017773918970759674
rmse_mr: 0.02040833296911594
coverage: 1.0
