Experiment: expname : nonparametric_experiment, data : uniform, n_samples : 1000, mediator_dimension : 1, covariate_dimension : 1, alpha : 0.0, beta : 0.0, stochasticity : 1, gamma : 0.3, noise : uniform, 
Running with estimator : kme_g_computation, regularization : True, sample_splits : 1, reg_lambda : 0.001, reg_lambda_tilde : 0.001, kernel : gauss, density : gaussian, bandwidth : 0.3, bandwidth_mode : heuristic, epsilon : 0.1, normalized : True, random_seed : 68, 
bias_direct: 0.16838381582908873
rmse_direct: 0.1889032680476357
bias_indirect: 0.19151851726931754
rmse_indirect: 0.2439340942305872
bias_total: 0.06845581585203998
rmse_total: 0.096657990136371
bias_mr: 0.18935086940440404
rmse_mr: 0.22197844228460245
coverage: 0.0
