Experiment: expname : baselines_experiment, data : uniform, n_samples : 500, mediator_dimension : 1, covariate_dimension : 1, alpha : 0.5, beta : 0.25, stochasticity : 1, gamma : 0.3, noise : uniform, 
Running with estimator : linear, regularization : True, sample_splits : 1, reg_lambda : 0.001, reg_lambda_tilde : 0.001, kernel : gauss, density : gaussian, bandwidth : 0.3, bandwidth_mode : heuristic, epsilon : 0.3, normalized : True, random_seed : 76, 
bias_direct: 0.24631847976966845
rmse_direct: 0.281700390932611
bias_indirect: 0.015385683925167967
rmse_indirect: 0.017486647690095756
bias_total: 0.23462535998654083
rmse_total: 0.26855830414243814
bias_mr: 0.2169747255005936
rmse_mr: 0.2368992972214354
coverage: 0.0
