Experiment: expname : baselines_experiment, data : uniform, n_samples : 500, mediator_dimension : 1, covariate_dimension : 1, alpha : 0.5, beta : 0.25, stochasticity : 1, gamma : 0.3, noise : uniform, 
Running with estimator : linear, regularization : True, sample_splits : 1, reg_lambda : 0.001, reg_lambda_tilde : 0.001, kernel : gauss, density : gaussian, bandwidth : 0.3, bandwidth_mode : heuristic, epsilon : 0.3, normalized : True, random_seed : 50, 
bias_direct: 0.2822636212949894
rmse_direct: 0.32422695879272095
bias_indirect: 0.0183282781459245
rmse_indirect: 0.020831062451477235
bias_total: 0.2983110470494211
rmse_total: 0.341691220901874
bias_mr: 0.26380424143807213
rmse_mr: 0.28272191291761833
coverage: 0.0
