Experiment: expname : baselines_experiment, data : uniform, n_samples : 5000, mediator_dimension : 1, covariate_dimension : 1, alpha : 0.5, beta : 0.25, stochasticity : 1, gamma : 0.3, noise : uniform, 
Running with estimator : linear, regularization : True, sample_splits : 1, reg_lambda : 0.001, reg_lambda_tilde : 0.001, kernel : gauss, density : gaussian, bandwidth : 0.3, bandwidth_mode : heuristic, epsilon : 0.3, normalized : True, random_seed : 42, 
bias_direct: 0.30479350717522036
rmse_direct: 0.3488508417350561
bias_indirect: 0.0018194547239699305
rmse_indirect: 0.0020679070167363566
bias_total: 0.30320047348356666
rmse_total: 0.34708617908660044
bias_mr: 0.28894687559977894
rmse_mr: 0.3079031941496389
coverage: 0.0
