Experiment: expname : nonparametric_experiment, data : uniform, n_samples : 5000, mediator_dimension : 1, covariate_dimension : 1, alpha : 0.0, beta : 0.0, stochasticity : 1, gamma : 0.3, noise : uniform, 
Running with estimator : ipw, regularization : True, sample_splits : 1, reg_lambda : 0.001, reg_lambda_tilde : 0.001, kernel : gauss, density : gaussian, bandwidth : 0.3, bandwidth_mode : heuristic, epsilon : 0.1, normalized : True, random_seed : 43, 
bias_direct: 0.0798663110776151
rmse_direct: 0.09884426905245447
bias_indirect: 0.06982758620689657
rmse_indirect: 0.07936276378669074
bias_total: 0.05754373268501031
rmse_total: 0.06931451912238709
bias_mr: 0.08497975066839997
rmse_mr: 0.09920690557648341
coverage: 0.0
