Experiment: expname : baselines_experiment, data : uniform, n_samples : 5000, mediator_dimension : 1, covariate_dimension : 1, alpha : 0.5, beta : 0.25, stochasticity : 1, gamma : 0.3, noise : uniform, 
Running with estimator : ipw, regularization : True, sample_splits : 1, reg_lambda : 0.001, reg_lambda_tilde : 0.001, kernel : gauss, density : gaussian, bandwidth : 0.3, bandwidth_mode : heuristic, epsilon : 0.3, normalized : True, random_seed : 39, 
bias_direct: 0.10264016124977424
rmse_direct: 0.1243101001029536
bias_indirect: 0.06982758620689658
rmse_indirect: 0.07936276378669076
bias_total: 0.0562847167747738
rmse_total: 0.06674482072196632
bias_mr: 0.13145149289766564
rmse_mr: 0.1913544195689884
coverage: 0.0
