Experiment: expname : nonparametric_experiment, data : uniform, n_samples : 5000, mediator_dimension : 1, covariate_dimension : 1, alpha : 0.0, beta : 0.0, stochasticity : 1, gamma : 0.3, noise : uniform, 
Running with estimator : kme_dml, regularization : True, sample_splits : 1, reg_lambda : 0.001, reg_lambda_tilde : 0.001, kernel : linear, density : gaussian, bandwidth : 0.3, bandwidth_mode : heuristic, epsilon : 0.1, normalized : True, random_seed : 48, 
bias_direct: 0.03999358124736162
rmse_direct: 0.05112758286099901
bias_indirect: 0.007957361314101751
rmse_indirect: 0.0100484894492839
bias_total: 0.04236337632838611
rmse_total: 0.05534686914581191
bias_mr: 0.03826199194887439
rmse_mr: 0.04929303879565699
coverage: 0.8620689655172413
