Experiment: expname : nonparametric_experiment, data : uniform, n_samples : 5000, mediator_dimension : 1, covariate_dimension : 1, alpha : 0.0, beta : 0.0, stochasticity : 1, gamma : 0.3, noise : uniform, 
Running with estimator : kme_dml, regularization : True, sample_splits : 1, reg_lambda : 0.001, reg_lambda_tilde : 0.001, kernel : linear, density : conditional_kernel, bandwidth : 0.3, bandwidth_mode : heuristic, epsilon : 0.1, normalized : True, random_seed : 52, 
bias_direct: 0.024093176124842172
rmse_direct: 0.027714806762850132
bias_indirect: 0.009848570644429329
rmse_indirect: 0.01293092553996704
bias_total: 0.02742965396694257
rmse_total: 0.03501181237534427
bias_mr: 0.027008760598235648
rmse_mr: 0.031108548512161396
coverage: 1.0
