Experiment: expname : nonparametric_experiment, data : uniform, n_samples : 5000, mediator_dimension : 1, covariate_dimension : 1, alpha : 0.0, beta : 0.0, stochasticity : 1, gamma : 0.3, noise : uniform, 
Running with estimator : ipw, regularization : True, sample_splits : 1, reg_lambda : 0.001, reg_lambda_tilde : 0.001, kernel : linear, density : conditional_kernel, bandwidth : 0.3, bandwidth_mode : heuristic, epsilon : 0.1, normalized : True, random_seed : 8, 
bias_direct: 0.05931215882768925
rmse_direct: 0.07133807821432851
bias_indirect: 0.03487395622717255
rmse_indirect: 0.04130182408798244
bias_total: 0.07373133827186626
rmse_total: 0.08198836994599966
bias_mr: 0.06087664244784856
rmse_mr: 0.08205837941462368
coverage: 0.0
