Experiment: expname : nonparametric_experiment, data : uniform, n_samples : 500, mediator_dimension : 1, covariate_dimension : 1, alpha : 0.0, beta : 0.0, stochasticity : 1, gamma : 0.3, noise : uniform, 
Running with estimator : kme_dml, regularization : True, sample_splits : 1, reg_lambda : 0.001, reg_lambda_tilde : 0.001, kernel : gauss, density : gaussian, bandwidth : 0.3, bandwidth_mode : heuristic, epsilon : 0.1, normalized : True, random_seed : 69, 
bias_direct: 0.03631908765845306
rmse_direct: 0.04505831855531858
bias_indirect: 0.012519070101907535
rmse_indirect: 0.01672130459553165
bias_total: 0.034594373184378406
rmse_total: 0.04403283842068041
bias_mr: 0.034061139404420626
rmse_mr: 0.042402382083929685
coverage: 1.0
