Experiment: expname : nonparametric_experiment, data : uniform, n_samples : 5000, mediator_dimension : 1, covariate_dimension : 1, alpha : 0.0, beta : 0.0, stochasticity : 1, gamma : 0.3, noise : uniform, 
Running with estimator : ipw, regularization : True, sample_splits : 1, reg_lambda : 0.001, reg_lambda_tilde : 0.001, kernel : gauss, density : gaussian, bandwidth : 0.3, bandwidth_mode : heuristic, epsilon : 0.1, normalized : True, random_seed : 97, 
bias_direct: 0.10105377875638455
rmse_direct: 0.12273279912977955
bias_indirect: 0.06982758620689658
rmse_indirect: 0.07936276378669073
bias_total: 0.08140152704301809
rmse_total: 0.0958381026020545
bias_mr: 0.07872774495888887
rmse_mr: 0.1033090146638277
coverage: 0.0
