Experiment: expname : nonparametric_experiment, data : uniform, n_samples : 1000, mediator_dimension : 1, covariate_dimension : 1, alpha : 0.0, beta : 0.0, stochasticity : 1, gamma : 0.3, noise : uniform, 
Running with estimator : ipw, regularization : True, sample_splits : 1, reg_lambda : 0.001, reg_lambda_tilde : 0.001, kernel : linear, density : conditional_kernel, bandwidth : 0.3, bandwidth_mode : heuristic, epsilon : 0.1, normalized : True, random_seed : 18, 
bias_direct: 0.06651929744898066
rmse_direct: 0.08711098820315254
bias_indirect: 0.008782376443784124
rmse_indirect: 0.011073152997228792
bias_total: 0.06904304884435974
rmse_total: 0.09135958030166233
bias_mr: 0.08584568857119661
rmse_mr: 0.09506065289883311
coverage: 0.0
