Experiment: expname : nonparametric_experiment, data : uniform, n_samples : 1000, mediator_dimension : 1, covariate_dimension : 1, alpha : 0.0, beta : 0.0, stochasticity : 1, gamma : 0.3, noise : uniform, 
Running with estimator : ipw, regularization : True, sample_splits : 1, reg_lambda : 0.001, reg_lambda_tilde : 0.001, kernel : gauss, density : conditional_kernel, bandwidth : 0.3, bandwidth_mode : heuristic, epsilon : 0.1, normalized : True, random_seed : 92, 
bias_direct: 0.11781259736481885
rmse_direct: 0.13325152224608916
bias_indirect: 0.028607020923781826
rmse_indirect: 0.033580222631815516
bias_total: 0.1286604871665039
rmse_total: 0.1429675907243509
bias_mr: 0.0859791541270378
rmse_mr: 0.10321357333793438
coverage: 0.0
