Experiment: expname : baselines_experiment, data : uniform, n_samples : 500, mediator_dimension : 1, covariate_dimension : 1, alpha : 0.5, beta : 0.25, stochasticity : 1, gamma : 0.3, noise : uniform, 
Running with estimator : linear, regularization : True, sample_splits : 1, reg_lambda : 0.001, reg_lambda_tilde : 0.001, kernel : gauss, density : gaussian, bandwidth : 0.3, bandwidth_mode : heuristic, epsilon : 0.3, normalized : True, random_seed : 68, 
bias_direct: 0.28038240097895306
rmse_direct: 0.3222058500434742
bias_indirect: 0.034645305715476304
rmse_indirect: 0.039376231704017745
bias_total: 0.25393778513473075
rmse_total: 0.29051043232077933
bias_mr: 0.26118357410952614
rmse_mr: 0.27968705518256876
coverage: 0.0
