Experiment: expname : baselines_experiment, data : uniform, n_samples : 1000, mediator_dimension : 1, covariate_dimension : 1, alpha : 0.5, beta : 0.25, stochasticity : 1, gamma : 0.3, noise : uniform, 
Running with estimator : linear, regularization : True, sample_splits : 1, reg_lambda : 0.001, reg_lambda_tilde : 0.001, kernel : gauss, density : gaussian, bandwidth : 0.3, bandwidth_mode : heuristic, epsilon : 0.3, normalized : True, random_seed : 62, 
bias_direct: 0.24542397527160484
rmse_direct: 0.2806782967611968
bias_indirect: 0.0145257825352789
rmse_indirect: 0.016509324047783276
bias_total: 0.25646356999841674
rmse_total: 0.29347021346119073
bias_mr: 0.2155544739349514
rmse_mr: 0.2348952817688188
coverage: 0.0
