Experiment: expname : nonparametric_experiment, data : uniform, n_samples : 1000, mediator_dimension : 1, covariate_dimension : 1, alpha : 0.0, beta : 0.0, stochasticity : 1, gamma : 0.3, noise : uniform, 
Running with estimator : kme_dml, regularization : True, sample_splits : 1, reg_lambda : 0.001, reg_lambda_tilde : 0.001, kernel : linear, density : conditional_kernel, bandwidth : 0.3, bandwidth_mode : heuristic, epsilon : 0.1, normalized : True, random_seed : 58, 
bias_direct: 0.076669688189718
rmse_direct: 0.08698525356926287
bias_indirect: 0.027113468578435797
rmse_indirect: 0.035442195204513124
bias_total: 0.05209048160052718
rmse_total: 0.06269529001395238
bias_mr: 0.04722410806372906
rmse_mr: 0.05810813045876536
coverage: 1.0
