Experiment: expname : nonparametric_experiment, data : uniform, n_samples : 5000, mediator_dimension : 1, covariate_dimension : 1, alpha : 0.0, beta : 0.0, stochasticity : 1, gamma : 0.3, noise : uniform, 
Running with estimator : kme_dml, regularization : True, sample_splits : 1, reg_lambda : 0.001, reg_lambda_tilde : 0.001, kernel : linear, density : conditional_kernel, bandwidth : 0.3, bandwidth_mode : heuristic, epsilon : 0.1, normalized : True, random_seed : 43, 
bias_direct: 0.056608343080082044
rmse_direct: 0.0642949265718015
bias_indirect: 0.004007239896485954
rmse_indirect: 0.004743013489337036
bias_total: 0.058343885113494254
rmse_total: 0.06667652383667444
bias_mr: 0.04802372337590295
rmse_mr: 0.05648543327407547
coverage: 0.8275862068965517
