Experiment: expname : nonparametric_experiment, data : uniform, n_samples : 5000, mediator_dimension : 1, covariate_dimension : 1, alpha : 0.0, beta : 0.0, stochasticity : 1, gamma : 0.3, noise : uniform, 
Running with estimator : kme_g_computation, regularization : True, sample_splits : 1, reg_lambda : 0.001, reg_lambda_tilde : 0.001, kernel : gauss, density : conditional_kernel, bandwidth : 0.3, bandwidth_mode : heuristic, epsilon : 0.1, normalized : True, random_seed : 92, 
bias_direct: 0.17094191805276118
rmse_direct: 0.19264672093976712
bias_indirect: 0.1745240997395274
rmse_indirect: 0.19644141602878756
bias_total: 0.00495090531349865
rmse_total: 0.007466170884711831
bias_mr: 0.18090151820286396
rmse_mr: 0.20562101774103053
coverage: 0.0
