Experiment: expname : nonparametric_experiment, data : uniform, n_samples : 1000, mediator_dimension : 1, covariate_dimension : 1, alpha : 0.0, beta : 0.0, stochasticity : 1, gamma : 0.3, noise : uniform, 
Running with estimator : kme_dml, regularization : True, sample_splits : 1, reg_lambda : 0.001, reg_lambda_tilde : 0.001, kernel : linear, density : conditional_kernel, bandwidth : 0.3, bandwidth_mode : heuristic, epsilon : 0.1, normalized : True, random_seed : 10, 
bias_direct: 0.05080568013314614
rmse_direct: 0.0657188652382775
bias_indirect: 0.03465510477048642
rmse_indirect: 0.04459489420190371
bias_total: 0.03701200158592078
rmse_total: 0.04374383768967515
bias_mr: 0.03646747654824262
rmse_mr: 0.04504885982658479
coverage: 1.0
