Experiment: expname : nonparametric_experiment, data : uniform, n_samples : 1000, mediator_dimension : 1, covariate_dimension : 1, alpha : 0.0, beta : 0.0, stochasticity : 1, gamma : 0.3, noise : uniform, 
Running with estimator : kme_dml, regularization : True, sample_splits : 1, reg_lambda : 0.001, reg_lambda_tilde : 0.001, kernel : linear, density : gaussian, bandwidth : 0.3, bandwidth_mode : heuristic, epsilon : 0.1, normalized : True, random_seed : 21, 
bias_direct: 0.020222289675648663
rmse_direct: 0.02517667100379635
bias_indirect: 0.029987270681875233
rmse_indirect: 0.03620710099256954
bias_total: 0.025805579876021775
rmse_total: 0.031329560425264955
bias_mr: 0.02437831271077949
rmse_mr: 0.03012729178410022
coverage: 1.0
