Experiment: expname : nonparametric_experiment, data : uniform, n_samples : 1000, mediator_dimension : 1, covariate_dimension : 1, alpha : 0.0, beta : 0.0, stochasticity : 1, gamma : 0.3, noise : uniform, 
Running with estimator : kme_g_computation, regularization : True, sample_splits : 1, reg_lambda : 0.001, reg_lambda_tilde : 0.001, kernel : gauss, density : gaussian, bandwidth : 0.3, bandwidth_mode : heuristic, epsilon : 0.1, normalized : True, random_seed : 2, 
bias_direct: 0.18242406249911586
rmse_direct: 0.21197543779660852
bias_indirect: 0.1356409450517197
rmse_indirect: 0.19665413840894366
bias_total: 0.13221288059365097
rmse_total: 0.17362045384559366
bias_mr: 0.24372342365453953
rmse_mr: 0.29521952505209337
coverage: 0.0
