Experiment: expname : nonparametric_experiment, data : uniform, n_samples : 500, mediator_dimension : 1, covariate_dimension : 1, alpha : 0.0, beta : 0.0, stochasticity : 1, gamma : 0.3, noise : uniform, 
Running with estimator : kme_g_computation, regularization : True, sample_splits : 1, reg_lambda : 0.001, reg_lambda_tilde : 0.001, kernel : gauss, density : conditional_kernel, bandwidth : 0.3, bandwidth_mode : heuristic, epsilon : 0.1, normalized : True, random_seed : 2, 
bias_direct: 0.17883473174387154
rmse_direct: 0.205644832534129
bias_indirect: 0.1916071356654567
rmse_indirect: 0.2175138257567203
bias_total: 0.016279723644032636
rmse_total: 0.01957293372002362
bias_mr: 0.167741118065795
rmse_mr: 0.19943130455714225
coverage: 0.0
