Experiment: expname : nonparametric_experiment, data : uniform, n_samples : 500, mediator_dimension : 1, covariate_dimension : 1, alpha : 0.0, beta : 0.0, stochasticity : 1, gamma : 0.3, noise : uniform, 
Running with estimator : kme_g_computation, regularization : True, sample_splits : 1, reg_lambda : 0.001, reg_lambda_tilde : 0.001, kernel : linear, density : gaussian, bandwidth : 0.3, bandwidth_mode : heuristic, epsilon : 0.1, normalized : True, random_seed : 61, 
bias_direct: 0.17318499972584414
rmse_direct: 0.19682756025834364
bias_indirect: 0.15260771229886733
rmse_indirect: 0.17344670896270972
bias_total: 0.0205772874269768
rmse_total: 0.023381223543968387
bias_mr: 0.1724859526822607
rmse_mr: 0.1969011328560488
coverage: 0.0
