Experiment: expname : nonparametric_experiment, data : uniform, n_samples : 5000, mediator_dimension : 1, covariate_dimension : 1, alpha : 0.0, beta : 0.0, stochasticity : 1, gamma : 0.3, noise : uniform, 
Running with estimator : kme_g_computation, regularization : True, sample_splits : 1, reg_lambda : 0.001, reg_lambda_tilde : 0.001, kernel : linear, density : gaussian, bandwidth : 0.3, bandwidth_mode : heuristic, epsilon : 0.1, normalized : True, random_seed : 33, 
bias_direct: 0.16085185179406916
rmse_direct: 0.18266047111034725
bias_indirect: 0.13865969669751935
rmse_indirect: 0.1575941288197949
bias_total: 0.02219215509654978
rmse_total: 0.025624676239324858
bias_mr: 0.16113605280865956
rmse_mr: 0.18310682027772746
coverage: 0.0
