Experiment: expname : nonparametric_experiment, data : uniform, n_samples : 1000, mediator_dimension : 1, covariate_dimension : 1, alpha : 0.0, beta : 0.0, stochasticity : 1, gamma : 0.3, noise : uniform, 
Running with estimator : kme_g_computation, regularization : True, sample_splits : 1, reg_lambda : 0.001, reg_lambda_tilde : 0.001, kernel : linear, density : conditional_kernel, bandwidth : 0.3, bandwidth_mode : heuristic, epsilon : 0.1, normalized : True, random_seed : 6, 
bias_direct: 0.1654184014071078
rmse_direct: 0.18783724533090487
bias_indirect: 0.10128135565564698
rmse_indirect: 0.11511162176349111
bias_total: 0.06413704575146087
rmse_total: 0.07293490127962153
bias_mr: 0.17320629897166673
rmse_mr: 0.20372085545797428
coverage: 0.0
