Experiment: expname : baselines_experiment, data : uniform, n_samples : 500, mediator_dimension : 1, covariate_dimension : 1, alpha : 0.5, beta : 0.25, stochasticity : 1, gamma : 0.3, noise : uniform, 
Running with estimator : kme_g_computation, regularization : True, sample_splits : 1, reg_lambda : 0.001, reg_lambda_tilde : 0.001, kernel : gauss, density : gaussian, bandwidth : 0.3, bandwidth_mode : heuristic, epsilon : 0.3, normalized : True, random_seed : 69, 
bias_direct: 0.3507277654354036
rmse_direct: 0.45446734543120787
bias_indirect: 0.38241728845738465
rmse_indirect: 0.5023853267123097
bias_total: 0.04814973728754049
rmse_total: 0.07624885783037282
bias_mr: 0.3913621559613889
rmse_mr: 0.5161118039729427
coverage: 0.0
