Experiment: expname : baselines_experiment, data : uniform, n_samples : 5000, mediator_dimension : 1, covariate_dimension : 1, alpha : 0.5, beta : 0.25, stochasticity : 1, gamma : 0.3, noise : uniform, 
Running with estimator : ipw, regularization : True, sample_splits : 1, reg_lambda : 0.001, reg_lambda_tilde : 0.001, kernel : gauss, density : gaussian, bandwidth : 0.3, bandwidth_mode : heuristic, epsilon : 0.3, normalized : True, random_seed : 92, 
bias_direct: 0.08793116051910295
rmse_direct: 0.11537313991863161
bias_indirect: 0.06982758620689661
rmse_indirect: 0.0793627637866908
bias_total: 0.05572868118698392
rmse_total: 0.0726516870735785
bias_mr: 0.11510873349784352
rmse_mr: 0.1595684350913627
coverage: 0.0
