Experiment: expname : nonparametric_experiment, data : uniform, n_samples : 500, mediator_dimension : 1, covariate_dimension : 1, alpha : 0.0, beta : 0.0, stochasticity : 1, gamma : 0.3, noise : uniform, 
Running with estimator : kme_dml, regularization : True, sample_splits : 1, reg_lambda : 0.001, reg_lambda_tilde : 0.001, kernel : linear, density : gaussian, bandwidth : 0.3, bandwidth_mode : heuristic, epsilon : 0.1, normalized : True, random_seed : 55, 
bias_direct: 0.05774170876308991
rmse_direct: 0.08108522098347612
bias_indirect: 0.017525608721697446
rmse_indirect: 0.025136714492294602
bias_total: 0.07253465011579488
rmse_total: 0.09731696134268193
bias_mr: 0.07859167294676056
rmse_mr: 0.08584982697719723
coverage: 1.0
