Experiment: expname : nonparametric_experiment, data : uniform, n_samples : 500, mediator_dimension : 1, covariate_dimension : 1, alpha : 0.0, beta : 0.0, stochasticity : 1, gamma : 0.3, noise : uniform, 
Running with estimator : kme_dml, regularization : True, sample_splits : 1, reg_lambda : 0.001, reg_lambda_tilde : 0.001, kernel : gauss, density : gaussian, bandwidth : 0.3, bandwidth_mode : heuristic, epsilon : 0.1, normalized : True, random_seed : 58, 
bias_direct: 0.11761461782543683
rmse_direct: 0.14383076329405675
bias_indirect: 0.037806280648101966
rmse_indirect: 0.041934241366795105
bias_total: 0.11929727648276206
rmse_total: 0.16569067787295436
bias_mr: 0.07449253988346648
rmse_mr: 0.09138507891864744
coverage: 1.0
