Experiment: expname : nonparametric_experiment, data : uniform, n_samples : 5000, mediator_dimension : 1, covariate_dimension : 1, alpha : 0.0, beta : 0.0, stochasticity : 1, gamma : 0.3, noise : uniform, 
Running with estimator : kme_g_computation, regularization : True, sample_splits : 1, reg_lambda : 0.001, reg_lambda_tilde : 0.001, kernel : gauss, density : gaussian, bandwidth : 0.3, bandwidth_mode : heuristic, epsilon : 0.1, normalized : True, random_seed : 50, 
bias_direct: 0.16094735889233241
rmse_direct: 0.1835202486363236
bias_indirect: 0.17280330798509622
rmse_indirect: 0.19717181698118938
bias_total: 0.011855949092763832
rmse_total: 0.013986008678378488
bias_mr: 0.15998454981785018
rmse_mr: 0.18242219596942702
coverage: 0.0
