Experiment: expname : baselines_experiment, data : uniform, n_samples : 1000, mediator_dimension : 1, covariate_dimension : 1, alpha : 0.5, beta : 0.25, stochasticity : 1, gamma : 0.3, noise : uniform, 
Running with estimator : linear, regularization : True, sample_splits : 1, reg_lambda : 0.001, reg_lambda_tilde : 0.001, kernel : gauss, density : gaussian, bandwidth : 0.3, bandwidth_mode : heuristic, epsilon : 0.3, normalized : True, random_seed : 81, 
bias_direct: 0.25159777109097897
rmse_direct: 0.2877854195323474
bias_indirect: 0.01650429952342867
rmse_indirect: 0.01875801378357392
bias_total: 0.26414103872878475
rmse_total: 0.30257863653749356
bias_mr: 0.22379650173468885
rmse_mr: 0.243204245300096
coverage: 0.0
