Experiment: expname : nonparametric_experiment, data : uniform, n_samples : 1000, mediator_dimension : 1, covariate_dimension : 1, alpha : 0.0, beta : 0.0, stochasticity : 1, gamma : 0.3, noise : uniform, 
Running with estimator : kme_dml, regularization : True, sample_splits : 1, reg_lambda : 0.001, reg_lambda_tilde : 0.001, kernel : gauss, density : conditional_kernel, bandwidth : 0.3, bandwidth_mode : heuristic, epsilon : 0.1, normalized : True, random_seed : 23, 
bias_direct: 0.043140502603543615
rmse_direct: 0.07015270344024728
bias_indirect: 0.009864297822645857
rmse_indirect: 0.014544666004704013
bias_total: 0.035907405053655764
rmse_total: 0.06362709563464883
bias_mr: 0.052769764120787065
rmse_mr: 0.05706779624755783
coverage: 1.0
