Experiment: expname : nonparametric_experiment, data : uniform, n_samples : 500, mediator_dimension : 1, covariate_dimension : 1, alpha : 0.0, beta : 0.0, stochasticity : 1, gamma : 0.3, noise : uniform, 
Running with estimator : kme_g_computation, regularization : True, sample_splits : 1, reg_lambda : 0.001, reg_lambda_tilde : 0.001, kernel : gauss, density : gaussian, bandwidth : 0.3, bandwidth_mode : heuristic, epsilon : 0.1, normalized : True, random_seed : 13, 
bias_direct: 0.1265761582855098
rmse_direct: 0.151179813223429
bias_indirect: 0.17759314297893508
rmse_indirect: 0.20112390145473336
bias_total: 0.07000586766462531
rmse_total: 0.0816689425573741
bias_mr: 0.10972971122527594
rmse_mr: 0.13332609350728816
coverage: 0.0
