Experiment: expname : nonparametric_experiment, data : uniform, n_samples : 1000, mediator_dimension : 1, covariate_dimension : 1, alpha : 0.0, beta : 0.0, stochasticity : 1, gamma : 0.3, noise : uniform, 
Running with estimator : kme_dml, regularization : True, sample_splits : 1, reg_lambda : 0.001, reg_lambda_tilde : 0.001, kernel : gauss, density : conditional_kernel, bandwidth : 0.3, bandwidth_mode : heuristic, epsilon : 0.1, normalized : True, random_seed : 8, 
bias_direct: 0.053263011780946556
rmse_direct: 0.06929713189226089
bias_indirect: 0.018620569297563175
rmse_indirect: 0.023714766816706284
bias_total: 0.05460122319462782
rmse_total: 0.06466432829295574
bias_mr: 0.037235691737677816
rmse_mr: 0.04716110581157145
coverage: 1.0
