Experiment: expname : baselines_experiment, data : uniform, n_samples : 1000, mediator_dimension : 1, covariate_dimension : 1, alpha : 0.5, beta : 0.25, stochasticity : 1, gamma : 0.3, noise : uniform, 
Running with estimator : kme_dml, regularization : True, sample_splits : 1, reg_lambda : 0.001, reg_lambda_tilde : 0.001, kernel : gauss, density : gaussian, bandwidth : 0.3, bandwidth_mode : heuristic, epsilon : 0.3, normalized : True, random_seed : 7, 
bias_direct: 0.09567392571084408
rmse_direct: 0.11960959058923835
bias_indirect: 0.015219417375081873
rmse_indirect: 0.017608679991334766
bias_total: 0.09948513380520782
rmse_total: 0.12603178997665665
bias_mr: 0.08817024301386715
rmse_mr: 0.10172233486310736
coverage: 0.9310344827586207
