Experiment: expname : baselines_experiment, data : uniform, n_samples : 5000, mediator_dimension : 1, covariate_dimension : 1, alpha : 0.5, beta : 0.25, stochasticity : 1, gamma : 0.3, noise : uniform, 
Running with estimator : kme_g_computation, regularization : True, sample_splits : 1, reg_lambda : 0.001, reg_lambda_tilde : 0.001, kernel : gauss, density : gaussian, bandwidth : 0.3, bandwidth_mode : heuristic, epsilon : 0.3, normalized : True, random_seed : 63, 
bias_direct: 0.367494302964044
rmse_direct: 0.4790330715410812
bias_indirect: 0.4283088113807682
rmse_indirect: 0.5461957553328475
bias_total: 0.06081450841672416
rmse_total: 0.07966132385675706
bias_mr: 0.3883916317278929
rmse_mr: 0.5076219884645048
coverage: 0.0
