Experiment: expname : nonparametric_experiment, data : uniform, n_samples : 500, mediator_dimension : 1, covariate_dimension : 1, alpha : 0.0, beta : 0.0, stochasticity : 1, gamma : 0.3, noise : uniform, 
Running with estimator : ipw, regularization : True, sample_splits : 1, reg_lambda : 0.001, reg_lambda_tilde : 0.001, kernel : linear, density : conditional_kernel, bandwidth : 0.3, bandwidth_mode : heuristic, epsilon : 0.1, normalized : True, random_seed : 55, 
bias_direct: 0.10149461132981137
rmse_direct: 0.12264797439983859
bias_indirect: 0.03762140214612066
rmse_indirect: 0.04588484058665218
bias_total: 0.10351544821317406
rmse_total: 0.1300229297635602
bias_mr: 0.1138752129429584
rmse_mr: 0.1381292832462228
coverage: 0.0
