Experiment: expname : nonparametric_experiment, data : uniform, n_samples : 5000, mediator_dimension : 1, covariate_dimension : 1, alpha : 0.0, beta : 0.0, stochasticity : 1, gamma : 0.3, noise : uniform, 
Running with estimator : kme_dml, regularization : True, sample_splits : 1, reg_lambda : 0.001, reg_lambda_tilde : 0.001, kernel : linear, density : conditional_kernel, bandwidth : 0.3, bandwidth_mode : heuristic, epsilon : 0.1, normalized : True, random_seed : 37, 
bias_direct: 0.015682288322383563
rmse_direct: 0.021501014304813097
bias_indirect: 0.009151612725556646
rmse_indirect: 0.012606249163148913
bias_total: 0.018554793982536448
rmse_total: 0.023764071641050148
bias_mr: 0.020574084403129383
rmse_mr: 0.025076869239325606
coverage: 1.0
