Experiment: expname : nonparametric_experiment, data : uniform, n_samples : 5000, mediator_dimension : 1, covariate_dimension : 1, alpha : 0.0, beta : 0.0, stochasticity : 1, gamma : 0.3, noise : uniform, 
Running with estimator : kme_dml, regularization : True, sample_splits : 1, reg_lambda : 0.001, reg_lambda_tilde : 0.001, kernel : linear, density : gaussian, bandwidth : 0.3, bandwidth_mode : heuristic, epsilon : 0.1, normalized : True, random_seed : 88, 
bias_direct: 0.027499153663619696
rmse_direct: 0.03248833333745588
bias_indirect: 0.007912320437857348
rmse_indirect: 0.01056373072180347
bias_total: 0.028162652170773805
rmse_total: 0.03551644919254452
bias_mr: 0.018822173107711726
rmse_mr: 0.022781581733226346
coverage: 1.0
