Experiment: expname : baselines_experiment, data : uniform, n_samples : 1000, mediator_dimension : 1, covariate_dimension : 1, alpha : 0.5, beta : 0.25, stochasticity : 1, gamma : 0.3, noise : uniform, 
Running with estimator : kme_dml, regularization : True, sample_splits : 1, reg_lambda : 0.001, reg_lambda_tilde : 0.001, kernel : gauss, density : gaussian, bandwidth : 0.3, bandwidth_mode : heuristic, epsilon : 0.3, normalized : True, random_seed : 30, 
bias_direct: 0.1589973788884875
rmse_direct: 0.19668574523908328
bias_indirect: 0.034521702104975585
rmse_indirect: 0.04442377291843154
bias_total: 0.18714364194153407
rmse_total: 0.22112977270319994
bias_mr: 0.18905729532194915
rmse_mr: 0.224526203772729
coverage: 0.5172413793103449
