Experiment: expname : nonparametric_experiment, data : uniform, n_samples : 1000, mediator_dimension : 1, covariate_dimension : 1, alpha : 0.0, beta : 0.0, stochasticity : 1, gamma : 0.3, noise : uniform, 
Running with estimator : kme_dml, regularization : True, sample_splits : 1, reg_lambda : 0.001, reg_lambda_tilde : 0.001, kernel : gauss, density : gaussian, bandwidth : 0.3, bandwidth_mode : heuristic, epsilon : 0.1, normalized : True, random_seed : 12, 
bias_direct: 0.08285611077195164
rmse_direct: 0.1025877010587481
bias_indirect: 0.020221270524783938
rmse_indirect: 0.025628445874946452
bias_total: 0.06753291907783182
rmse_total: 0.07912671201555806
bias_mr: 0.06474225080646852
rmse_mr: 0.07780040564807647
coverage: 1.0
