Experiment: expname : nonparametric_experiment, data : uniform, n_samples : 1000, mediator_dimension : 1, covariate_dimension : 1, alpha : 0.0, beta : 0.0, stochasticity : 1, gamma : 0.3, noise : uniform, 
Running with estimator : kme_dml, regularization : True, sample_splits : 1, reg_lambda : 0.001, reg_lambda_tilde : 0.001, kernel : linear, density : gaussian, bandwidth : 0.3, bandwidth_mode : heuristic, epsilon : 0.1, normalized : True, random_seed : 2, 
bias_direct: 0.15769398881624674
rmse_direct: 0.19335397330027004
bias_indirect: 0.02699633830825076
rmse_indirect: 0.029763086212610132
bias_total: 0.1837537092951045
rmse_total: 0.22078313360372118
bias_mr: 0.1398839760429356
rmse_mr: 0.15883776914648332
coverage: 0.6206896551724138
