Experiment: expname : baselines_experiment, data : uniform, n_samples : 1000, mediator_dimension : 1, covariate_dimension : 1, alpha : 0.5, beta : 0.25, stochasticity : 1, gamma : 0.3, noise : uniform, 
Running with estimator : linear, regularization : True, sample_splits : 1, reg_lambda : 0.001, reg_lambda_tilde : 0.001, kernel : gauss, density : gaussian, bandwidth : 0.3, bandwidth_mode : heuristic, epsilon : 0.3, normalized : True, random_seed : 55, 
bias_direct: 0.3062217262080013
rmse_direct: 0.3504357525970773
bias_indirect: 0.001135406384420158
rmse_indirect: 0.0012904497145533273
bias_total: 0.3072158375756936
rmse_total: 0.35154048281008937
bias_mr: 0.2910949049803563
rmse_mr: 0.31040932480130257
coverage: 0.0
