Experiment: expname : nonparametric_experiment, data : uniform, n_samples : 500, mediator_dimension : 1, covariate_dimension : 1, alpha : 0.0, beta : 0.0, stochasticity : 1, gamma : 0.3, noise : uniform, 
Running with estimator : kme_dml, regularization : True, sample_splits : 1, reg_lambda : 0.001, reg_lambda_tilde : 0.001, kernel : gauss, density : conditional_kernel, bandwidth : 0.3, bandwidth_mode : heuristic, epsilon : 0.1, normalized : True, random_seed : 93, 
bias_direct: 0.05149091128005271
rmse_direct: 0.08900735169803684
bias_indirect: 0.014167407473165458
rmse_indirect: 0.019091473993612107
bias_total: 0.051217017532479994
rmse_total: 0.09799484666087346
bias_mr: 0.07742990042883946
rmse_mr: 0.11214498638761985
coverage: 0.896551724137931
