Experiment: expname : nonparametric_experiment, data : uniform, n_samples : 5000, mediator_dimension : 1, covariate_dimension : 1, alpha : 0.0, beta : 0.0, stochasticity : 1, gamma : 0.3, noise : uniform, 
Running with estimator : kme_dml, regularization : True, sample_splits : 1, reg_lambda : 0.001, reg_lambda_tilde : 0.001, kernel : linear, density : gaussian, bandwidth : 0.3, bandwidth_mode : heuristic, epsilon : 0.1, normalized : True, random_seed : 87, 
bias_direct: 0.06024895053508816
rmse_direct: 0.06647353036467696
bias_indirect: 0.00840276936076504
rmse_indirect: 0.01344651773332455
bias_total: 0.05563551828519465
rmse_total: 0.060798307670340494
bias_mr: 0.04528888820003814
rmse_mr: 0.04907013761152555
coverage: 1.0
