Experiment: expname : nonparametric_experiment, data : uniform, n_samples : 500, mediator_dimension : 1, covariate_dimension : 1, alpha : 0.0, beta : 0.0, stochasticity : 1, gamma : 0.3, noise : uniform, 
Running with estimator : kme_dml, regularization : True, sample_splits : 1, reg_lambda : 0.001, reg_lambda_tilde : 0.001, kernel : gauss, density : gaussian, bandwidth : 0.3, bandwidth_mode : heuristic, epsilon : 0.1, normalized : True, random_seed : 55, 
bias_direct: 0.05203507535715975
rmse_direct: 0.06957656106775077
bias_indirect: 0.03760546848210991
rmse_indirect: 0.046833472942943
bias_total: 0.07395514464008998
rmse_total: 0.09919836609887026
bias_mr: 0.07941253042093493
rmse_mr: 0.08812756740284453
coverage: 1.0
