Experiment: expname : nonparametric_experiment, data : uniform, n_samples : 5000, mediator_dimension : 1, covariate_dimension : 1, alpha : 0.0, beta : 0.0, stochasticity : 1, gamma : 0.3, noise : uniform, 
Running with estimator : kme_g_computation, regularization : True, sample_splits : 1, reg_lambda : 0.001, reg_lambda_tilde : 0.001, kernel : gauss, density : gaussian, bandwidth : 0.3, bandwidth_mode : heuristic, epsilon : 0.1, normalized : True, random_seed : 33, 
bias_direct: 0.1675334400336053
rmse_direct: 0.18815656233371836
bias_indirect: 0.1674036428491025
rmse_indirect: 0.18406796619953666
bias_total: 0.011586374281568935
rmse_total: 0.015890064010974977
bias_mr: 0.1757333003422079
rmse_mr: 0.19946077888546834
coverage: 0.0
