Experiment: expname : baselines_experiment, data : uniform, n_samples : 1000, mediator_dimension : 1, covariate_dimension : 1, alpha : 0.5, beta : 0.25, stochasticity : 1, gamma : 0.3, noise : uniform, 
Running with estimator : linear, regularization : True, sample_splits : 1, reg_lambda : 0.001, reg_lambda_tilde : 0.001, kernel : gauss, density : gaussian, bandwidth : 0.3, bandwidth_mode : heuristic, epsilon : 0.3, normalized : True, random_seed : 9, 
bias_direct: 0.23071472901787418
rmse_direct: 0.26372481396199604
bias_indirect: 0.010225508342400146
rmse_indirect: 0.011621833823271806
bias_total: 0.22403406356750613
rmse_total: 0.2554142709174586
bias_mr: 0.19816854333361722
rmse_mr: 0.2164471774779091
coverage: 0.0
