Experiment: expname : baselines_experiment, data : uniform, n_samples : 500, mediator_dimension : 1, covariate_dimension : 1, alpha : 0.5, beta : 0.25, stochasticity : 1, gamma : 0.3, noise : uniform, 
Running with estimator : linear, regularization : True, sample_splits : 1, reg_lambda : 0.001, reg_lambda_tilde : 0.001, kernel : gauss, density : gaussian, bandwidth : 0.3, bandwidth_mode : heuristic, epsilon : 0.3, normalized : True, random_seed : 79, 
bias_direct: 0.3207936548845787
rmse_direct: 0.36675059442459934
bias_indirect: 0.005739673348989604
rmse_indirect: 0.006523443884469214
bias_total: 0.3157682519967967
rmse_total: 0.3610954501077668
bias_mr: 0.3079127720158129
rmse_mr: 0.3280796685695835
coverage: 0.0
