Experiment: expname : nonparametric_experiment, data : uniform, n_samples : 500, mediator_dimension : 1, covariate_dimension : 1, alpha : 0.0, beta : 0.0, stochasticity : 1, gamma : 0.3, noise : uniform, 
Running with estimator : ipw, regularization : True, sample_splits : 1, reg_lambda : 0.001, reg_lambda_tilde : 0.001, kernel : gauss, density : gaussian, bandwidth : 0.3, bandwidth_mode : heuristic, epsilon : 0.1, normalized : True, random_seed : 16, 
bias_direct: 0.16161571463816177
rmse_direct: 0.19284875990222064
bias_indirect: 0.06982758620689661
rmse_indirect: 0.07936276378669078
bias_total: 0.15637937399638668
rmse_total: 0.1811938100672771
bias_mr: 0.09884307509246659
rmse_mr: 0.1150320058775354
coverage: 0.0
