Experiment: expname : nonparametric_experiment, data : uniform, n_samples : 5000, mediator_dimension : 1, covariate_dimension : 1, alpha : 0.0, beta : 0.0, stochasticity : 1, gamma : 0.3, noise : uniform, 
Running with estimator : kme_g_computation, regularization : True, sample_splits : 1, reg_lambda : 0.001, reg_lambda_tilde : 0.001, kernel : gauss, density : gaussian, bandwidth : 0.3, bandwidth_mode : heuristic, epsilon : 0.1, normalized : True, random_seed : 77, 
bias_direct: 0.17520723149596432
rmse_direct: 0.19678987090475716
bias_indirect: 0.1541651358777124
rmse_indirect: 0.17806755373128935
bias_total: 0.02104209561825191
rmse_total: 0.023459359580208877
bias_mr: 0.17913052547748098
rmse_mr: 0.2040989840344651
coverage: 0.0
