Experiment: expname : nonparametric_experiment, data : uniform, n_samples : 1000, mediator_dimension : 1, covariate_dimension : 1, alpha : 0.0, beta : 0.0, stochasticity : 1, gamma : 0.3, noise : uniform, 
Running with estimator : kme_dml, regularization : True, sample_splits : 1, reg_lambda : 0.001, reg_lambda_tilde : 0.001, kernel : gauss, density : conditional_kernel, bandwidth : 0.3, bandwidth_mode : heuristic, epsilon : 0.1, normalized : True, random_seed : 13, 
bias_direct: 0.07213102459414247
rmse_direct: 0.09516875832573592
bias_indirect: 0.028798390054372743
rmse_indirect: 0.03257779207667033
bias_total: 0.07159732662239447
rmse_total: 0.09578016729623395
bias_mr: 0.10287352826997181
rmse_mr: 0.11941031420116356
coverage: 0.7241379310344828
