Experiment: expname : nonparametric_experiment, data : uniform, n_samples : 5000, mediator_dimension : 1, covariate_dimension : 1, alpha : 0.0, beta : 0.0, stochasticity : 1, gamma : 0.3, noise : uniform, 
Running with estimator : ipw, regularization : True, sample_splits : 1, reg_lambda : 0.001, reg_lambda_tilde : 0.001, kernel : gauss, density : gaussian, bandwidth : 0.3, bandwidth_mode : heuristic, epsilon : 0.1, normalized : True, random_seed : 25, 
bias_direct: 0.08851273842119868
rmse_direct: 0.09900445878218336
bias_indirect: 0.06982758620689661
rmse_indirect: 0.07936276378669078
bias_total: 0.028905657267363737
rmse_total: 0.03479923217342116
bias_mr: 0.0889373932658443
rmse_mr: 0.09933524310734844
coverage: 0.0
