Experiment: expname : nonparametric_experiment, data : uniform, n_samples : 500, mediator_dimension : 1, covariate_dimension : 1, alpha : 0.0, beta : 0.0, stochasticity : 1, gamma : 0.3, noise : uniform, 
Running with estimator : kme_dml, regularization : True, sample_splits : 1, reg_lambda : 0.001, reg_lambda_tilde : 0.001, kernel : gauss, density : conditional_kernel, bandwidth : 0.3, bandwidth_mode : heuristic, epsilon : 0.1, normalized : True, random_seed : 71, 
bias_direct: 0.05259927157204837
rmse_direct: 0.06058441584764254
bias_indirect: 0.041905345343756936
rmse_indirect: 0.05243255329100231
bias_total: 0.07012279234042162
rmse_total: 0.07980538434771942
bias_mr: 0.0534757098063076
rmse_mr: 0.06882971524659987
coverage: 1.0
