Experiment: expname : nonparametric_experiment, data : uniform, n_samples : 1000, mediator_dimension : 1, covariate_dimension : 1, alpha : 0.0, beta : 0.0, stochasticity : 1, gamma : 0.3, noise : uniform, 
Running with estimator : kme_dml, regularization : True, sample_splits : 1, reg_lambda : 0.001, reg_lambda_tilde : 0.001, kernel : linear, density : conditional_kernel, bandwidth : 0.3, bandwidth_mode : heuristic, epsilon : 0.1, normalized : True, random_seed : 23, 
bias_direct: 0.03847417223839588
rmse_direct: 0.06964525920313704
bias_indirect: 0.007719084494057149
rmse_indirect: 0.009198596605392129
bias_total: 0.03569937545288907
rmse_total: 0.06272862906735543
bias_mr: 0.05812709345059436
rmse_mr: 0.06171103056924448
coverage: 1.0
