Experiment: expname : nonparametric_experiment, data : uniform, n_samples : 500, mediator_dimension : 1, covariate_dimension : 1, alpha : 0.0, beta : 0.0, stochasticity : 1, gamma : 0.3, noise : uniform, 
Running with estimator : kme_dml, regularization : True, sample_splits : 1, reg_lambda : 0.001, reg_lambda_tilde : 0.001, kernel : gauss, density : gaussian, bandwidth : 0.3, bandwidth_mode : heuristic, epsilon : 0.1, normalized : True, random_seed : 53, 
bias_direct: 0.08602290052323168
rmse_direct: 0.09459935352623657
bias_indirect: 0.02372394332298523
rmse_indirect: 0.030884959048559608
bias_total: 0.1080509251632816
rmse_total: 0.1178970207348942
bias_mr: 0.03286599448892238
rmse_mr: 0.04441543347252712
coverage: 1.0
