Experiment: expname : baselines_experiment, data : uniform, n_samples : 1000, mediator_dimension : 1, covariate_dimension : 1, alpha : 0.5, beta : 0.25, stochasticity : 1, gamma : 0.3, noise : uniform, 
Running with estimator : linear, regularization : True, sample_splits : 1, reg_lambda : 0.001, reg_lambda_tilde : 0.001, kernel : gauss, density : gaussian, bandwidth : 0.3, bandwidth_mode : heuristic, epsilon : 0.3, normalized : True, random_seed : 87, 
bias_direct: 0.2898773908080021
rmse_direct: 0.33246460629991753
bias_indirect: 0.011301676187348416
rmse_indirect: 0.012844955788570764
bias_total: 0.27998214543507927
rmse_total: 0.32177658448593277
bias_mr: 0.27163070394516364
rmse_mr: 0.2903886320978544
coverage: 0.0
