Experiment: expname : nonparametric_experiment, data : uniform, n_samples : 500, mediator_dimension : 1, covariate_dimension : 1, alpha : 0.0, beta : 0.0, stochasticity : 1, gamma : 0.3, noise : uniform, 
Running with estimator : kme_dml, regularization : True, sample_splits : 1, reg_lambda : 0.001, reg_lambda_tilde : 0.001, kernel : gauss, density : conditional_kernel, bandwidth : 0.3, bandwidth_mode : heuristic, epsilon : 0.1, normalized : True, random_seed : 88, 
bias_direct: 0.10292546630909333
rmse_direct: 0.1356926383511677
bias_indirect: 0.020775557690328447
rmse_indirect: 0.02915835509099332
bias_total: 0.09335968786553843
rmse_total: 0.13388570154350188
bias_mr: 0.08185208055432097
rmse_mr: 0.11314326255980664
coverage: 0.7931034482758621
