Experiment: expname : nonparametric_experiment, data : uniform, n_samples : 5000, mediator_dimension : 1, covariate_dimension : 1, alpha : 0.0, beta : 0.0, stochasticity : 1, gamma : 0.3, noise : uniform, 
Running with estimator : kme_dml, regularization : True, sample_splits : 1, reg_lambda : 0.001, reg_lambda_tilde : 0.001, kernel : linear, density : gaussian, bandwidth : 0.3, bandwidth_mode : heuristic, epsilon : 0.1, normalized : True, random_seed : 16, 
bias_direct: 0.021189713432877972
rmse_direct: 0.0244752287295042
bias_indirect: 0.01068676970525201
rmse_indirect: 0.01315652663727566
bias_total: 0.03018968872178253
rmse_total: 0.03485660665221735
bias_mr: 0.05015764191794168
rmse_mr: 0.054170807648637284
coverage: 0.8620689655172413
