Experiment: expname : nonparametric_experiment, data : uniform, n_samples : 500, mediator_dimension : 1, covariate_dimension : 1, alpha : 0.0, beta : 0.0, stochasticity : 1, gamma : 0.3, noise : uniform, 
Running with estimator : kme_g_computation, regularization : True, sample_splits : 1, reg_lambda : 0.001, reg_lambda_tilde : 0.001, kernel : linear, density : gaussian, bandwidth : 0.3, bandwidth_mode : heuristic, epsilon : 0.1, normalized : True, random_seed : 92, 
bias_direct: 0.1663058432712166
rmse_direct: 0.1900787155968819
bias_indirect: 0.16869036813332325
rmse_indirect: 0.19172550223609044
bias_total: 0.010154317737187389
rmse_total: 0.013699511711202358
bias_mr: 0.16471010705709804
rmse_mr: 0.18757491302579318
coverage: 0.0
