Experiment: expname : baselines_experiment, data : uniform, n_samples : 1000, mediator_dimension : 1, covariate_dimension : 1, alpha : 0.5, beta : 0.25, stochasticity : 1, gamma : 0.3, noise : uniform, 
Running with estimator : ipw, regularization : True, sample_splits : 1, reg_lambda : 0.001, reg_lambda_tilde : 0.001, kernel : gauss, density : gaussian, bandwidth : 0.3, bandwidth_mode : heuristic, epsilon : 0.3, normalized : True, random_seed : 69, 
bias_direct: 0.15261884830665345
rmse_direct: 0.18897169374603706
bias_indirect: 0.06982758620689661
rmse_indirect: 0.07936276378669078
bias_total: 0.10901519740027776
rmse_total: 0.1319447226653815
bias_mr: 0.15357601835828424
rmse_mr: 0.23889976478919603
coverage: 0.0
