Experiment: expname : baselines_experiment, data : uniform, n_samples : 1000, mediator_dimension : 1, covariate_dimension : 1, alpha : 0.5, beta : 0.25, stochasticity : 1, gamma : 0.3, noise : uniform, 
Running with estimator : linear, regularization : True, sample_splits : 1, reg_lambda : 0.001, reg_lambda_tilde : 0.001, kernel : gauss, density : gaussian, bandwidth : 0.3, bandwidth_mode : heuristic, epsilon : 0.3, normalized : True, random_seed : 40, 
bias_direct: 0.320324861641606
rmse_direct: 0.3662218347749126
bias_indirect: 0.010510300950066194
rmse_indirect: 0.011945515761573777
bias_total: 0.3295272140289973
rmse_total: 0.3766453702765965
bias_mr: 0.3061991225812583
rmse_mr: 0.3260914519906406
coverage: 0.0
