Experiment: expname : baselines_experiment, data : uniform, n_samples : 500, mediator_dimension : 1, covariate_dimension : 1, alpha : 0.5, beta : 0.25, stochasticity : 1, gamma : 0.3, noise : uniform, 
Running with estimator : kme_g_computation, regularization : True, sample_splits : 1, reg_lambda : 0.001, reg_lambda_tilde : 0.001, kernel : gauss, density : gaussian, bandwidth : 0.3, bandwidth_mode : heuristic, epsilon : 0.3, normalized : True, random_seed : 45, 
bias_direct: 0.3641244793300869
rmse_direct: 0.4766903096686779
bias_indirect: 0.5010501503890223
rmse_indirect: 0.6141794840090764
bias_total: 0.13692567105893547
rmse_total: 0.1530038896024023
bias_mr: 0.4118158539297637
rmse_mr: 0.5352156427377691
coverage: 0.0
