Experiment: expname : baselines_experiment, data : uniform, n_samples : 5000, mediator_dimension : 1, covariate_dimension : 1, alpha : 0.5, beta : 0.25, stochasticity : 1, gamma : 0.3, noise : uniform, 
Running with estimator : linear, regularization : True, sample_splits : 1, reg_lambda : 0.001, reg_lambda_tilde : 0.001, kernel : gauss, density : gaussian, bandwidth : 0.3, bandwidth_mode : heuristic, epsilon : 0.3, normalized : True, random_seed : 39, 
bias_direct: 0.33335031634419904
rmse_direct: 0.38100208507433425
bias_indirect: 0.00037734394911057294
rmse_indirect: 0.0004288714579201907
bias_total: 0.3330199307532001
rmse_total: 0.38062499991025406
bias_mr: 0.32084925137800363
rmse_mr: 0.3417112970325137
coverage: 0.0
