Experiment: expname : nonparametric_experiment, data : uniform, n_samples : 500, mediator_dimension : 1, covariate_dimension : 1, alpha : 0.0, beta : 0.0, stochasticity : 1, gamma : 0.3, noise : uniform, 
Running with estimator : kme_g_computation, regularization : True, sample_splits : 1, reg_lambda : 0.001, reg_lambda_tilde : 0.001, kernel : linear, density : gaussian, bandwidth : 0.3, bandwidth_mode : heuristic, epsilon : 0.1, normalized : True, random_seed : 37, 
bias_direct: 0.1381243133132101
rmse_direct: 0.15750899277824237
bias_indirect: 0.18024591288451947
rmse_indirect: 0.20485909171616756
bias_total: 0.04212159957130943
rmse_total: 0.04817155547871806
bias_mr: 0.1383952453448523
rmse_mr: 0.15877872002710636
coverage: 0.0
