Experiment: expname : nonparametric_experiment, data : uniform, n_samples : 5000, mediator_dimension : 1, covariate_dimension : 1, alpha : 0.0, beta : 0.0, stochasticity : 1, gamma : 0.3, noise : uniform, 
Running with estimator : kme_g_computation, regularization : True, sample_splits : 1, reg_lambda : 0.001, reg_lambda_tilde : 0.001, kernel : gauss, density : conditional_kernel, bandwidth : 0.3, bandwidth_mode : heuristic, epsilon : 0.1, normalized : True, random_seed : 44, 
bias_direct: 0.1659100098930148
rmse_direct: 0.18746982734381923
bias_indirect: 0.1928317525042133
rmse_indirect: 0.2155388668980981
bias_total: 0.026921742611198445
rmse_total: 0.029764967817586075
bias_mr: 0.17407322530650116
rmse_mr: 0.19789447800769122
coverage: 0.0
