Experiment: expname : nonparametric_experiment, data : uniform, n_samples : 5000, mediator_dimension : 1, covariate_dimension : 1, alpha : 0.0, beta : 0.0, stochasticity : 1, gamma : 0.3, noise : uniform, 
Running with estimator : kme_g_computation, regularization : True, sample_splits : 1, reg_lambda : 0.001, reg_lambda_tilde : 0.001, kernel : gauss, density : conditional_kernel, bandwidth : 0.3, bandwidth_mode : heuristic, epsilon : 0.1, normalized : True, random_seed : 57, 
bias_direct: 0.16882461050195027
rmse_direct: 0.18938153305496924
bias_indirect: 0.1640154750951914
rmse_indirect: 0.1914513434387373
bias_total: 0.032444415431203015
rmse_total: 0.040341155308946636
bias_mr: 0.18523533544213758
rmse_mr: 0.21155493728129895
coverage: 0.0
