Experiment: expname : nonparametric_experiment, data : uniform, n_samples : 5000, mediator_dimension : 1, covariate_dimension : 1, alpha : 0.0, beta : 0.0, stochasticity : 1, gamma : 0.3, noise : uniform, 
Running with estimator : kme_dml, regularization : True, sample_splits : 1, reg_lambda : 0.001, reg_lambda_tilde : 0.001, kernel : gauss, density : gaussian, bandwidth : 0.3, bandwidth_mode : heuristic, epsilon : 0.1, normalized : True, random_seed : 64, 
bias_direct: 0.0330963057135618
rmse_direct: 0.038464027200264844
bias_indirect: 0.007848308998896264
rmse_indirect: 0.009765306846360565
bias_total: 0.03382415175870567
rmse_total: 0.03870902504991473
bias_mr: 0.031307368315516386
rmse_mr: 0.04144970311880957
coverage: 0.9310344827586207
