Experiment: expname : nonparametric_experiment, data : uniform, n_samples : 5000, mediator_dimension : 1, covariate_dimension : 1, alpha : 0.0, beta : 0.0, stochasticity : 1, gamma : 0.3, noise : uniform, 
Running with estimator : kme_dml, regularization : True, sample_splits : 1, reg_lambda : 0.001, reg_lambda_tilde : 0.001, kernel : gauss, density : gaussian, bandwidth : 0.3, bandwidth_mode : heuristic, epsilon : 0.1, normalized : True, random_seed : 23, 
bias_direct: 0.02536039272471349
rmse_direct: 0.03135470111825221
bias_indirect: 0.01146305043563055
rmse_indirect: 0.01611960364602516
bias_total: 0.01762155118186954
rmse_total: 0.02250724531657013
bias_mr: 0.02458146834836429
rmse_mr: 0.02891882248347073
coverage: 1.0
