Experiment: expname : baselines_experiment, data : uniform, n_samples : 500, mediator_dimension : 1, covariate_dimension : 1, alpha : 0.5, beta : 0.25, stochasticity : 1, gamma : 0.3, noise : uniform, 
Running with estimator : kme_g_computation, regularization : True, sample_splits : 1, reg_lambda : 0.001, reg_lambda_tilde : 0.001, kernel : gauss, density : gaussian, bandwidth : 0.3, bandwidth_mode : heuristic, epsilon : 0.3, normalized : True, random_seed : 54, 
bias_direct: 0.3269283491010427
rmse_direct: 0.42814401039463323
bias_indirect: 0.38105174132677755
rmse_indirect: 0.47936408962112503
bias_total: 0.06497785162130283
rmse_total: 0.1003158734277083
bias_mr: 0.3655259776112225
rmse_mr: 0.46907638292007503
coverage: 0.0
