Experiment: expname : nonparametric_experiment, data : uniform, n_samples : 1000, mediator_dimension : 1, covariate_dimension : 1, alpha : 0.0, beta : 0.0, stochasticity : 1, gamma : 0.3, noise : uniform, 
Running with estimator : ipw, regularization : True, sample_splits : 1, reg_lambda : 0.001, reg_lambda_tilde : 0.001, kernel : linear, density : conditional_kernel, bandwidth : 0.3, bandwidth_mode : heuristic, epsilon : 0.1, normalized : True, random_seed : 62, 
bias_direct: 0.1865390988924494
rmse_direct: 0.21628261586620737
bias_indirect: 0.01105196128931422
rmse_indirect: 0.013787117724264981
bias_total: 0.1816855912147038
rmse_total: 0.21262084680387824
bias_mr: 0.09535361950504742
rmse_mr: 0.11667841448044461
coverage: 0.0
