Experiment: expname : nonparametric_experiment, data : uniform, n_samples : 5000, mediator_dimension : 1, covariate_dimension : 1, alpha : 0.0, beta : 0.0, stochasticity : 1, gamma : 0.3, noise : uniform, 
Running with estimator : ipw, regularization : True, sample_splits : 1, reg_lambda : 0.001, reg_lambda_tilde : 0.001, kernel : linear, density : gaussian, bandwidth : 0.3, bandwidth_mode : heuristic, epsilon : 0.1, normalized : True, random_seed : 21, 
bias_direct: 0.07926703291202199
rmse_direct: 0.10051429977964112
bias_indirect: 0.06982758620689658
rmse_indirect: 0.07936276378669077
bias_total: 0.06500186700205922
rmse_total: 0.08513230619446222
bias_mr: 0.06318282188007975
rmse_mr: 0.07559811498943848
coverage: 0.0
