Experiment: expname : nonparametric_experiment, data : uniform, n_samples : 500, mediator_dimension : 1, covariate_dimension : 1, alpha : 0.0, beta : 0.0, stochasticity : 1, gamma : 0.3, noise : uniform, 
Running with estimator : kme_dml, regularization : True, sample_splits : 1, reg_lambda : 0.001, reg_lambda_tilde : 0.001, kernel : gauss, density : conditional_kernel, bandwidth : 0.3, bandwidth_mode : heuristic, epsilon : 0.1, normalized : True, random_seed : 17, 
bias_direct: 0.11045999925155801
rmse_direct: 0.1402303926870726
bias_indirect: 0.025134577316142305
rmse_indirect: 0.037783916198657085
bias_total: 0.0868065481253206
rmse_total: 0.10791039380628403
bias_mr: 0.09618584805110239
rmse_mr: 0.11231564722160148
coverage: 0.9655172413793104
