Experiment: expname : baselines_experiment, data : uniform, n_samples : 500, mediator_dimension : 1, covariate_dimension : 1, alpha : 0.5, beta : 0.25, stochasticity : 1, gamma : 0.3, noise : uniform, 
Running with estimator : linear, regularization : True, sample_splits : 1, reg_lambda : 0.001, reg_lambda_tilde : 0.001, kernel : gauss, density : gaussian, bandwidth : 0.3, bandwidth_mode : heuristic, epsilon : 0.3, normalized : True, random_seed : 95, 
bias_direct: 0.31148969423946016
rmse_direct: 0.35630413055212773
bias_indirect: 0.020953791001138995
rmse_indirect: 0.023815097384747318
bias_total: 0.29314348611846297
rmse_total: 0.3360255306191024
bias_mr: 0.29692633417232495
rmse_mr: 0.3162377933614427
coverage: 0.0
