Experiment: expname : baselines_experiment, data : uniform, n_samples : 1000, mediator_dimension : 1, covariate_dimension : 1, alpha : 0.5, beta : 0.25, stochasticity : 1, gamma : 0.3, noise : uniform, 
Running with estimator : linear, regularization : True, sample_splits : 1, reg_lambda : 0.001, reg_lambda_tilde : 0.001, kernel : gauss, density : gaussian, bandwidth : 0.3, bandwidth_mode : heuristic, epsilon : 0.3, normalized : True, random_seed : 48, 
bias_direct: 0.3050902985546429
rmse_direct: 0.3491799763932576
bias_indirect: 0.008796258177869096
rmse_indirect: 0.009997415031768977
bias_total: 0.2973886858389086
rmse_total: 0.340677172780872
bias_mr: 0.2892741334083175
rmse_mr: 0.30824131174727576
coverage: 0.0
