Experiment: expname : nonparametric_experiment, data : uniform, n_samples : 5000, mediator_dimension : 1, covariate_dimension : 1, alpha : 0.0, beta : 0.0, stochasticity : 1, gamma : 0.3, noise : uniform, 
Running with estimator : kme_dml, regularization : True, sample_splits : 1, reg_lambda : 0.001, reg_lambda_tilde : 0.001, kernel : gauss, density : gaussian, bandwidth : 0.3, bandwidth_mode : heuristic, epsilon : 0.1, normalized : True, random_seed : 92, 
bias_direct: 0.026004517492312612
rmse_direct: 0.03621256396109159
bias_indirect: 0.019031405320086434
rmse_indirect: 0.024483760870950104
bias_total: 0.019520173451881697
rmse_total: 0.025838058836103815
bias_mr: 0.016963079653836546
rmse_mr: 0.023136081391164756
coverage: 1.0
