Experiment: expname : baselines_experiment, data : uniform, n_samples : 5000, mediator_dimension : 1, covariate_dimension : 1, alpha : 0.5, beta : 0.25, stochasticity : 1, gamma : 0.3, noise : uniform, 
Running with estimator : kme_g_computation, regularization : True, sample_splits : 1, reg_lambda : 0.001, reg_lambda_tilde : 0.001, kernel : gauss, density : gaussian, bandwidth : 0.3, bandwidth_mode : heuristic, epsilon : 0.3, normalized : True, random_seed : 56, 
bias_direct: 0.3767915283697793
rmse_direct: 0.49396928592730516
bias_indirect: 0.43420504615958333
rmse_indirect: 0.5596781661420076
bias_total: 0.05741351778980414
rmse_total: 0.07092565822538491
bias_mr: 0.38307368357083726
rmse_mr: 0.5030272815310259
coverage: 0.0
