Experiment: expname : baselines_experiment, data : uniform, n_samples : 500, mediator_dimension : 1, covariate_dimension : 1, alpha : 0.5, beta : 0.25, stochasticity : 1, gamma : 0.3, noise : uniform, 
Running with estimator : linear, regularization : True, sample_splits : 1, reg_lambda : 0.001, reg_lambda_tilde : 0.001, kernel : gauss, density : gaussian, bandwidth : 0.3, bandwidth_mode : heuristic, epsilon : 0.3, normalized : True, random_seed : 41, 
bias_direct: 0.2620306510443959
rmse_direct: 0.3000586797931665
bias_indirect: 0.0011660729961950264
rmse_indirect: 0.0013253039490848746
bias_total: 0.26291686652150414
rmse_total: 0.3011154254300701
bias_mr: 0.23759977071128743
rmse_mr: 0.2566469783050098
coverage: 0.0
