Experiment: expname : nonparametric_experiment, data : uniform, n_samples : 1000, mediator_dimension : 1, covariate_dimension : 1, alpha : 0.0, beta : 0.0, stochasticity : 1, gamma : 0.3, noise : uniform, 
Running with estimator : kme_g_computation, regularization : True, sample_splits : 1, reg_lambda : 0.001, reg_lambda_tilde : 0.001, kernel : linear, density : conditional_kernel, bandwidth : 0.3, bandwidth_mode : heuristic, epsilon : 0.1, normalized : True, random_seed : 9, 
bias_direct: 0.17421370114200466
rmse_direct: 0.19782599770304662
bias_indirect: 0.08618459292368748
rmse_indirect: 0.09795336683775922
bias_total: 0.0880291082183172
rmse_total: 0.0999865779935392
bias_mr: 0.1745704197423828
rmse_mr: 0.19837241465227293
coverage: 0.0
