Experiment: expname : nonparametric_experiment, data : uniform, n_samples : 5000, mediator_dimension : 1, covariate_dimension : 1, alpha : 0.0, beta : 0.0, stochasticity : 1, gamma : 0.3, noise : uniform, 
Running with estimator : kme_dml, regularization : True, sample_splits : 1, reg_lambda : 0.001, reg_lambda_tilde : 0.001, kernel : linear, density : gaussian, bandwidth : 0.3, bandwidth_mode : heuristic, epsilon : 0.1, normalized : True, random_seed : 94, 
bias_direct: 0.01843462718339191
rmse_direct: 0.0230366901181388
bias_indirect: 0.006867506581930592
rmse_indirect: 0.008206201628434983
bias_total: 0.022575573056227018
rmse_total: 0.02679340489950906
bias_mr: 0.03826160292830737
rmse_mr: 0.0428753219296756
coverage: 1.0
