Experiment: expname : baselines_experiment, data : uniform, n_samples : 1000, mediator_dimension : 1, covariate_dimension : 1, alpha : 0.5, beta : 0.25, stochasticity : 1, gamma : 0.3, noise : uniform, 
Running with estimator : kme_dml, regularization : True, sample_splits : 1, reg_lambda : 0.001, reg_lambda_tilde : 0.001, kernel : gauss, density : gaussian, bandwidth : 0.3, bandwidth_mode : heuristic, epsilon : 0.3, normalized : True, random_seed : 74, 
bias_direct: 0.06555330291484722
rmse_direct: 0.08068367479488713
bias_indirect: 0.01872640652500436
rmse_indirect: 0.028635214966297604
bias_total: 0.05687612187413713
rmse_total: 0.06626298578670334
bias_mr: 0.0367589282423095
rmse_mr: 0.04353925709615919
coverage: 1.0
