Experiment: expname : nonparametric_experiment, data : uniform, n_samples : 500, mediator_dimension : 1, covariate_dimension : 1, alpha : 0.0, beta : 0.0, stochasticity : 1, gamma : 0.3, noise : uniform, 
Running with estimator : ipw, regularization : True, sample_splits : 1, reg_lambda : 0.001, reg_lambda_tilde : 0.001, kernel : gauss, density : gaussian, bandwidth : 0.3, bandwidth_mode : heuristic, epsilon : 0.1, normalized : True, random_seed : 60, 
bias_direct: 0.106550240157056
rmse_direct: 0.12691750565079665
bias_indirect: 0.0698275862068966
rmse_indirect: 0.07936276378669078
bias_total: 0.11923442227346658
rmse_total: 0.1304603057390271
bias_mr: 0.10523333831757689
rmse_mr: 0.12338778822377192
coverage: 0.0
