Experiment: expname : nonparametric_experiment, data : uniform, n_samples : 1000, mediator_dimension : 1, covariate_dimension : 1, alpha : 0.0, beta : 0.0, stochasticity : 1, gamma : 0.3, noise : uniform, 
Running with estimator : kme_dml, regularization : True, sample_splits : 1, reg_lambda : 0.001, reg_lambda_tilde : 0.001, kernel : gauss, density : gaussian, bandwidth : 0.3, bandwidth_mode : heuristic, epsilon : 0.1, normalized : True, random_seed : 1, 
bias_direct: 0.05347330913454132
rmse_direct: 0.06867672019288366
bias_indirect: 0.022254268578083092
rmse_indirect: 0.027816464221373124
bias_total: 0.050194904099218465
rmse_total: 0.07080482281022095
bias_mr: 0.0787139534371164
rmse_mr: 0.08745598596674135
coverage: 1.0
