Experiment: expname : nonparametric_experiment, data : uniform, n_samples : 500, mediator_dimension : 1, covariate_dimension : 1, alpha : 0.0, beta : 0.0, stochasticity : 1, gamma : 0.3, noise : uniform, 
Running with estimator : ipw, regularization : True, sample_splits : 1, reg_lambda : 0.001, reg_lambda_tilde : 0.001, kernel : gauss, density : conditional_kernel, bandwidth : 0.3, bandwidth_mode : heuristic, epsilon : 0.1, normalized : True, random_seed : 71, 
bias_direct: 0.15819234300790683
rmse_direct: 0.19347727406456522
bias_indirect: 0.061115153215763295
rmse_indirect: 0.07400937684704986
bias_total: 0.18337472650628087
rmse_total: 0.21136360161262494
bias_mr: 0.09361048001372453
rmse_mr: 0.10758184309807832
coverage: 0.0
