Experiment: expname : nonparametric_experiment, data : uniform, n_samples : 500, mediator_dimension : 1, covariate_dimension : 1, alpha : 0.0, beta : 0.0, stochasticity : 1, gamma : 0.3, noise : uniform, 
Running with estimator : kme_g_computation, regularization : True, sample_splits : 1, reg_lambda : 0.001, reg_lambda_tilde : 0.001, kernel : linear, density : gaussian, bandwidth : 0.3, bandwidth_mode : heuristic, epsilon : 0.1, normalized : True, random_seed : 46, 
bias_direct: 0.16790455085791958
rmse_direct: 0.19085878300954254
bias_indirect: 0.20210253367461442
rmse_indirect: 0.22970023454632674
bias_total: 0.034197982816694845
rmse_total: 0.043090081967173545
bias_mr: 0.16922825120963272
rmse_mr: 0.1923655001880918
coverage: 0.0
