Experiment: expname : nonparametric_experiment, data : uniform, n_samples : 5000, mediator_dimension : 1, covariate_dimension : 1, alpha : 0.0, beta : 0.0, stochasticity : 1, gamma : 0.3, noise : uniform, 
Running with estimator : kme_dml, regularization : True, sample_splits : 1, reg_lambda : 0.001, reg_lambda_tilde : 0.001, kernel : gauss, density : conditional_kernel, bandwidth : 0.3, bandwidth_mode : heuristic, epsilon : 0.1, normalized : True, random_seed : 63, 
bias_direct: 0.026105403576915334
rmse_direct: 0.030436096057640645
bias_indirect: 0.006769147452182768
rmse_indirect: 0.007722028909202771
bias_total: 0.02804547106319976
rmse_total: 0.034959991032064354
bias_mr: 0.03097822267461394
rmse_mr: 0.03868544241059565
coverage: 1.0
