Experiment: expname : nonparametric_experiment, data : uniform, n_samples : 5000, mediator_dimension : 1, covariate_dimension : 1, alpha : 0.0, beta : 0.0, stochasticity : 1, gamma : 0.3, noise : uniform, 
Running with estimator : kme_g_computation, regularization : True, sample_splits : 1, reg_lambda : 0.001, reg_lambda_tilde : 0.001, kernel : gauss, density : gaussian, bandwidth : 0.3, bandwidth_mode : heuristic, epsilon : 0.1, normalized : True, random_seed : 63, 
bias_direct: 0.15930973286559127
rmse_direct: 0.18034278781305493
bias_indirect: 0.18412471063707112
rmse_indirect: 0.20600971376083121
bias_total: 0.024814977771479844
rmse_total: 0.027554057864736924
bias_mr: 0.16457999434590206
rmse_mr: 0.18789132698483363
coverage: 0.0
