Experiment: expname : baselines_experiment, data : uniform, n_samples : 500, mediator_dimension : 1, covariate_dimension : 1, alpha : 0.5, beta : 0.25, stochasticity : 1, gamma : 0.3, noise : uniform, 
Running with estimator : ipw, regularization : True, sample_splits : 1, reg_lambda : 0.001, reg_lambda_tilde : 0.001, kernel : gauss, density : gaussian, bandwidth : 0.3, bandwidth_mode : heuristic, epsilon : 0.3, normalized : True, random_seed : 84, 
bias_direct: 0.07675422630624568
rmse_direct: 0.09468096577306709
bias_indirect: 0.06982758620689661
rmse_indirect: 0.07936276378669078
bias_total: 0.07560014000578281
rmse_total: 0.0948390305601624
bias_mr: 0.14247399221783869
rmse_mr: 0.182776963422548
coverage: 0.0
