Experiment: expname : nonparametric_experiment, data : uniform, n_samples : 1000, mediator_dimension : 1, covariate_dimension : 1, alpha : 0.0, beta : 0.0, stochasticity : 1, gamma : 0.3, noise : uniform, 
Running with estimator : ipw, regularization : True, sample_splits : 1, reg_lambda : 0.001, reg_lambda_tilde : 0.001, kernel : linear, density : conditional_kernel, bandwidth : 0.3, bandwidth_mode : heuristic, epsilon : 0.1, normalized : True, random_seed : 47, 
bias_direct: 0.19126711840632518
rmse_direct: 0.2061443675664836
bias_indirect: 0.04098241245289631
rmse_indirect: 0.04423196788459423
bias_total: 0.19121957645996832
rmse_total: 0.20670073664709349
bias_mr: 0.08461770864950927
rmse_mr: 0.11185606681015303
coverage: 0.0
