Experiment: expname : nonparametric_experiment, data : uniform, n_samples : 500, mediator_dimension : 1, covariate_dimension : 1, alpha : 0.0, beta : 0.0, stochasticity : 1, gamma : 0.3, noise : uniform, 
Running with estimator : kme_dml, regularization : True, sample_splits : 1, reg_lambda : 0.001, reg_lambda_tilde : 0.001, kernel : gauss, density : gaussian, bandwidth : 0.3, bandwidth_mode : heuristic, epsilon : 0.1, normalized : True, random_seed : 89, 
bias_direct: 0.12473242898867291
rmse_direct: 0.15374937664342678
bias_indirect: 0.008123889534826626
rmse_indirect: 0.01091277603612408
bias_total: 0.12768065655038707
rmse_total: 0.15581802436243
bias_mr: 0.09768631715093834
rmse_mr: 0.1202426083497044
coverage: 0.8275862068965517
