Experiment: expname : nonparametric_experiment, data : uniform, n_samples : 5000, mediator_dimension : 1, covariate_dimension : 1, alpha : 0.0, beta : 0.0, stochasticity : 1, gamma : 0.3, noise : uniform, 
Running with estimator : ipw, regularization : True, sample_splits : 1, reg_lambda : 0.001, reg_lambda_tilde : 0.001, kernel : linear, density : conditional_kernel, bandwidth : 0.3, bandwidth_mode : heuristic, epsilon : 0.1, normalized : True, random_seed : 75, 
bias_direct: 0.0916418907324362
rmse_direct: 0.1060356873644564
bias_indirect: 0.018838340756249645
rmse_indirect: 0.0230450360337196
bias_total: 0.09704947876843188
rmse_total: 0.11461976051578329
bias_mr: 0.05115470275220682
rmse_mr: 0.06500707652484512
coverage: 0.0
