Experiment: expname : baselines_experiment, data : uniform, n_samples : 500, mediator_dimension : 1, covariate_dimension : 1, alpha : 0.5, beta : 0.25, stochasticity : 1, gamma : 0.3, noise : uniform, 
Running with estimator : linear, regularization : True, sample_splits : 1, reg_lambda : 0.001, reg_lambda_tilde : 0.001, kernel : gauss, density : gaussian, bandwidth : 0.3, bandwidth_mode : heuristic, epsilon : 0.3, normalized : True, random_seed : 39, 
bias_direct: 0.36147488685334783
rmse_direct: 0.40971451886171745
bias_indirect: 0.008682324128371513
rmse_indirect: 0.009867922927735102
bias_total: 0.3527925627249764
rmse_total: 0.4008903454164997
bias_mr: 0.3486933868873709
rmse_mr: 0.37238607769774823
coverage: 0.0
