Experiment: expname : nonparametric_experiment, data : uniform, n_samples : 1000, mediator_dimension : 1, covariate_dimension : 1, alpha : 0.0, beta : 0.0, stochasticity : 1, gamma : 0.3, noise : uniform, 
Running with estimator : kme_g_computation, regularization : True, sample_splits : 1, reg_lambda : 0.001, reg_lambda_tilde : 0.001, kernel : linear, density : conditional_kernel, bandwidth : 0.3, bandwidth_mode : heuristic, epsilon : 0.1, normalized : True, random_seed : 31, 
bias_direct: 0.15864528604398617
rmse_direct: 0.18018640026844931
bias_indirect: 0.24733557831284428
rmse_indirect: 0.2811100512129737
bias_total: 0.08869029226885808
rmse_total: 0.10103125659767913
bias_mr: 0.1588726922232561
rmse_mr: 0.18054293113303685
coverage: 0.0
