Experiment: expname : nonparametric_experiment, data : uniform, n_samples : 500, mediator_dimension : 1, covariate_dimension : 1, alpha : 0.0, beta : 0.0, stochasticity : 1, gamma : 0.3, noise : uniform, 
Running with estimator : ipw, regularization : True, sample_splits : 1, reg_lambda : 0.001, reg_lambda_tilde : 0.001, kernel : linear, density : conditional_kernel, bandwidth : 0.3, bandwidth_mode : heuristic, epsilon : 0.1, normalized : True, random_seed : 2, 
bias_direct: 0.0883798041502604
rmse_direct: 0.10418792616404587
bias_indirect: 0.02456932635175343
rmse_indirect: 0.03029883931353976
bias_total: 0.09586681860013209
rmse_total: 0.11669468330388968
bias_mr: 0.1132532616820012
rmse_mr: 0.13517423681932536
coverage: 0.0
