Experiment: expname : nonparametric_experiment, data : uniform, n_samples : 500, mediator_dimension : 1, covariate_dimension : 1, alpha : 0.0, beta : 0.0, stochasticity : 1, gamma : 0.3, noise : uniform, 
Running with estimator : ipw, regularization : True, sample_splits : 1, reg_lambda : 0.001, reg_lambda_tilde : 0.001, kernel : gauss, density : gaussian, bandwidth : 0.3, bandwidth_mode : heuristic, epsilon : 0.1, normalized : True, random_seed : 62, 
bias_direct: 0.1030102700728759
rmse_direct: 0.13370667728472693
bias_indirect: 0.0698275862068966
rmse_indirect: 0.07936276378669078
bias_total: 0.1343808905293573
rmse_total: 0.1629049122561097
bias_mr: 0.07171134004464338
rmse_mr: 0.10459525368877988
coverage: 0.0
