Experiment: expname : baselines_experiment, data : uniform, n_samples : 1000, mediator_dimension : 1, covariate_dimension : 1, alpha : 0.5, beta : 0.25, stochasticity : 1, gamma : 0.3, noise : uniform, 
Running with estimator : linear, regularization : True, sample_splits : 1, reg_lambda : 0.001, reg_lambda_tilde : 0.001, kernel : gauss, density : gaussian, bandwidth : 0.3, bandwidth_mode : heuristic, epsilon : 0.3, normalized : True, random_seed : 68, 
bias_direct: 0.3587115390538441
rmse_direct: 0.40690082260615074
bias_indirect: 0.009071565388091889
rmse_indirect: 0.010310316311629146
bias_total: 0.34963997366575233
rmse_total: 0.3976983907899719
bias_mr: 0.3471786813127486
rmse_mr: 0.3688449011099831
coverage: 0.0
