Experiment: expname : nonparametric_experiment, data : uniform, n_samples : 500, mediator_dimension : 1, covariate_dimension : 1, alpha : 0.0, beta : 0.0, stochasticity : 1, gamma : 0.3, noise : uniform, 
Running with estimator : kme_dml, regularization : True, sample_splits : 1, reg_lambda : 0.001, reg_lambda_tilde : 0.001, kernel : linear, density : gaussian, bandwidth : 0.3, bandwidth_mode : heuristic, epsilon : 0.1, normalized : True, random_seed : 92, 
bias_direct: 0.17664422286785433
rmse_direct: 0.19598166809748543
bias_indirect: 0.00785164074634869
rmse_indirect: 0.011385538232133861
bias_total: 0.183192190693441
rmse_total: 0.20311203665136168
bias_mr: 0.06978159150523194
rmse_mr: 0.08319720215208026
coverage: 1.0
