Experiment: expname : nonparametric_experiment, data : uniform, n_samples : 500, mediator_dimension : 1, covariate_dimension : 1, alpha : 0.0, beta : 0.0, stochasticity : 1, gamma : 0.3, noise : uniform, 
Running with estimator : kme_dml, regularization : True, sample_splits : 1, reg_lambda : 0.001, reg_lambda_tilde : 0.001, kernel : linear, density : gaussian, bandwidth : 0.3, bandwidth_mode : heuristic, epsilon : 0.1, normalized : True, random_seed : 57, 
bias_direct: 0.08512806099113766
rmse_direct: 0.10133871457549383
bias_indirect: 0.027152192070245485
rmse_indirect: 0.034190350479175825
bias_total: 0.057975868920892175
rmse_total: 0.06924055159965244
bias_mr: 0.08020812784437803
rmse_mr: 0.09754297064300439
coverage: 1.0
