Experiment: expname : baselines_experiment, data : uniform, n_samples : 500, mediator_dimension : 1, covariate_dimension : 1, alpha : 0.5, beta : 0.25, stochasticity : 1, gamma : 0.3, noise : uniform, 
Running with estimator : kme_g_computation, regularization : True, sample_splits : 1, reg_lambda : 0.001, reg_lambda_tilde : 0.001, kernel : gauss, density : gaussian, bandwidth : 0.3, bandwidth_mode : heuristic, epsilon : 0.3, normalized : True, random_seed : 63, 
bias_direct: 0.4343123061702196
rmse_direct: 0.559983061329524
bias_indirect: 0.45574910958046866
rmse_indirect: 0.580426007692453
bias_total: 0.025178466535817092
rmse_total: 0.03292329298531359
bias_mr: 0.4127547149907483
rmse_mr: 0.5314622171639289
coverage: 0.0
