Experiment: expname : nonparametric_experiment, data : uniform, n_samples : 500, mediator_dimension : 1, covariate_dimension : 1, alpha : 0.0, beta : 0.0, stochasticity : 1, gamma : 0.3, noise : uniform, 
Running with estimator : ipw, regularization : True, sample_splits : 1, reg_lambda : 0.001, reg_lambda_tilde : 0.001, kernel : linear, density : gaussian, bandwidth : 0.3, bandwidth_mode : heuristic, epsilon : 0.1, normalized : True, random_seed : 32, 
bias_direct: 0.1385446553059038
rmse_direct: 0.1905349393009752
bias_indirect: 0.06982758620689661
rmse_indirect: 0.07936276378669077
bias_total: 0.1362853918406033
rmse_total: 0.1555369538353084
bias_mr: 0.14779518431464003
rmse_mr: 0.1639458763547215
coverage: 0.0
