Experiment: expname : baselines_experiment, data : uniform, n_samples : 5000, mediator_dimension : 1, covariate_dimension : 1, alpha : 0.5, beta : 0.25, stochasticity : 1, gamma : 0.3, noise : uniform, 
Running with estimator : kme_g_computation, regularization : True, sample_splits : 1, reg_lambda : 0.001, reg_lambda_tilde : 0.001, kernel : gauss, density : gaussian, bandwidth : 0.3, bandwidth_mode : heuristic, epsilon : 0.3, normalized : True, random_seed : 22, 
bias_direct: 0.37246529774077053
rmse_direct: 0.487234370182349
bias_indirect: 0.3945280849563963
rmse_indirect: 0.5174083127523058
bias_total: 0.035239532166573335
rmse_total: 0.05341258433756539
bias_mr: 0.38907516059652625
rmse_mr: 0.5104687693490588
coverage: 0.0
