Experiment: expname : baselines_experiment, data : uniform, n_samples : 500, mediator_dimension : 1, covariate_dimension : 1, alpha : 0.5, beta : 0.25, stochasticity : 1, gamma : 0.3, noise : uniform, 
Running with estimator : linear, regularization : True, sample_splits : 1, reg_lambda : 0.001, reg_lambda_tilde : 0.001, kernel : gauss, density : gaussian, bandwidth : 0.3, bandwidth_mode : heuristic, epsilon : 0.3, normalized : True, random_seed : 55, 
bias_direct: 0.28345621557255274
rmse_direct: 0.3255112237997161
bias_indirect: 0.006305972104254928
rmse_indirect: 0.007167072524497728
bias_total: 0.28897744448161145
rmse_total: 0.33148622921201165
bias_mr: 0.2647826744569683
rmse_mr: 0.28333056849237587
coverage: 0.0
