Experiment: expname : baselines_experiment, data : uniform, n_samples : 500, mediator_dimension : 1, covariate_dimension : 1, alpha : 0.5, beta : 0.25, stochasticity : 1, gamma : 0.3, noise : uniform, 
Running with estimator : linear, regularization : True, sample_splits : 1, reg_lambda : 0.001, reg_lambda_tilde : 0.001, kernel : gauss, density : gaussian, bandwidth : 0.3, bandwidth_mode : heuristic, epsilon : 0.3, normalized : True, random_seed : 94, 
bias_direct: 0.3030798677094308
rmse_direct: 0.3469527159883684
bias_indirect: 0.032320910407679114
rmse_indirect: 0.036734432870917294
bias_total: 0.27540618755297996
rmse_total: 0.31622322721841634
bias_mr: 0.2870989577326222
rmse_mr: 0.306006741024392
coverage: 0.0
