Experiment: expname : nonparametric_experiment, data : uniform, n_samples : 5000, mediator_dimension : 1, covariate_dimension : 1, alpha : 0.0, beta : 0.0, stochasticity : 1, gamma : 0.3, noise : uniform, 
Running with estimator : ipw, regularization : True, sample_splits : 1, reg_lambda : 0.001, reg_lambda_tilde : 0.001, kernel : linear, density : gaussian, bandwidth : 0.3, bandwidth_mode : heuristic, epsilon : 0.1, normalized : True, random_seed : 67, 
bias_direct: 0.10737845633570464
rmse_direct: 0.13667652862664675
bias_indirect: 0.06982758620689661
rmse_indirect: 0.0793627637866908
bias_total: 0.08465731888759602
rmse_total: 0.09505023607393734
bias_mr: 0.10830313815237232
rmse_mr: 0.11589996781397044
coverage: 0.0
