Experiment: expname : nonparametric_experiment, data : uniform, n_samples : 500, mediator_dimension : 1, covariate_dimension : 1, alpha : 0.0, beta : 0.0, stochasticity : 1, gamma : 0.3, noise : uniform, 
Running with estimator : kme_dml, regularization : True, sample_splits : 1, reg_lambda : 0.001, reg_lambda_tilde : 0.001, kernel : gauss, density : gaussian, bandwidth : 0.3, bandwidth_mode : heuristic, epsilon : 0.1, normalized : True, random_seed : 52, 
bias_direct: 0.1064070031175832
rmse_direct: 0.12888711576175887
bias_indirect: 0.03229489481428582
rmse_indirect: 0.03993034322571093
bias_total: 0.08329368084235829
rmse_total: 0.09821756911738967
bias_mr: 0.08398515392475887
rmse_mr: 0.09478883188234206
coverage: 1.0
