Experiment: expname : nonparametric_experiment, data : uniform, n_samples : 1000, mediator_dimension : 1, covariate_dimension : 1, alpha : 0.0, beta : 0.0, stochasticity : 1, gamma : 0.3, noise : uniform, 
Running with estimator : ipw, regularization : True, sample_splits : 1, reg_lambda : 0.001, reg_lambda_tilde : 0.001, kernel : linear, density : conditional_kernel, bandwidth : 0.3, bandwidth_mode : heuristic, epsilon : 0.1, normalized : True, random_seed : 61, 
bias_direct: 0.1032536881854503
rmse_direct: 0.13147508124235768
bias_indirect: 0.04553309557488971
rmse_indirect: 0.05492812945925641
bias_total: 0.112795273407557
rmse_total: 0.14897995517680013
bias_mr: 0.09887659156454569
rmse_mr: 0.12647640265538349
coverage: 0.0
