Experiment: expname : baselines_experiment, data : uniform, n_samples : 1000, mediator_dimension : 1, covariate_dimension : 1, alpha : 0.5, beta : 0.25, stochasticity : 1, gamma : 0.3, noise : uniform, 
Running with estimator : linear, regularization : True, sample_splits : 1, reg_lambda : 0.001, reg_lambda_tilde : 0.001, kernel : gauss, density : gaussian, bandwidth : 0.3, bandwidth_mode : heuristic, epsilon : 0.3, normalized : True, random_seed : 24, 
bias_direct: 0.30032349388030455
rmse_direct: 0.3439078045376285
bias_indirect: 0.007860392446999147
rmse_indirect: 0.008933753877636817
bias_total: 0.2934412836044875
rmse_total: 0.33635099325989537
bias_mr: 0.28321893155323724
rmse_mr: 0.30265590611735965
coverage: 0.0
