Experiment: expname : nonparametric_experiment, data : uniform, n_samples : 500, mediator_dimension : 1, covariate_dimension : 1, alpha : 0.0, beta : 0.0, stochasticity : 1, gamma : 0.3, noise : uniform, 
Running with estimator : kme_dml, regularization : True, sample_splits : 1, reg_lambda : 0.001, reg_lambda_tilde : 0.001, kernel : linear, density : conditional_kernel, bandwidth : 0.3, bandwidth_mode : heuristic, epsilon : 0.1, normalized : True, random_seed : 94, 
bias_direct: 0.01062722667737612
rmse_direct: 0.013578552772550505
bias_indirect: 0.02878752110536749
rmse_indirect: 0.03965742996774761
bias_total: 0.036174581670307286
rmse_total: 0.04877162725954702
bias_mr: 0.021901745592060522
rmse_mr: 0.028941078142532033
coverage: 1.0
