Experiment: expname : baselines_experiment, data : uniform, n_samples : 5000, mediator_dimension : 1, covariate_dimension : 1, alpha : 0.5, beta : 0.25, stochasticity : 1, gamma : 0.3, noise : uniform, 
Running with estimator : kme_g_computation, regularization : True, sample_splits : 1, reg_lambda : 0.001, reg_lambda_tilde : 0.001, kernel : gauss, density : gaussian, bandwidth : 0.3, bandwidth_mode : heuristic, epsilon : 0.3, normalized : True, random_seed : 72, 
bias_direct: 0.3843150049361751
rmse_direct: 0.4968899687875024
bias_indirect: 0.4214596338357007
rmse_indirect: 0.5431198593817387
bias_total: 0.04104326341749459
rmse_total: 0.05840780037220387
bias_mr: 0.4018212091880318
rmse_mr: 0.5212009695821231
coverage: 0.0
