Experiment: expname : nonparametric_experiment, data : uniform, n_samples : 500, mediator_dimension : 1, covariate_dimension : 1, alpha : 0.0, beta : 0.0, stochasticity : 1, gamma : 0.3, noise : uniform, 
Running with estimator : ipw, regularization : True, sample_splits : 1, reg_lambda : 0.001, reg_lambda_tilde : 0.001, kernel : linear, density : gaussian, bandwidth : 0.3, bandwidth_mode : heuristic, epsilon : 0.1, normalized : True, random_seed : 22, 
bias_direct: 0.18025178251106214
rmse_direct: 0.2188946153154623
bias_indirect: 0.06982758620689662
rmse_indirect: 0.07936276378669078
bias_total: 0.16425216218426728
rmse_total: 0.19319493567546048
bias_mr: 0.1636463333647781
rmse_mr: 0.19933752816556194
coverage: 0.0
