Experiment: expname : baselines_experiment, data : uniform, n_samples : 5000, mediator_dimension : 1, covariate_dimension : 1, alpha : 0.5, beta : 0.25, stochasticity : 1, gamma : 0.3, noise : uniform, 
Running with estimator : linear, regularization : True, sample_splits : 1, reg_lambda : 0.001, reg_lambda_tilde : 0.001, kernel : gauss, density : gaussian, bandwidth : 0.3, bandwidth_mode : heuristic, epsilon : 0.3, normalized : True, random_seed : 47, 
bias_direct: 0.27818627733763307
rmse_direct: 0.3196375277017159
bias_indirect: 0.006128871844475122
rmse_indirect: 0.006965788664536977
bias_total: 0.2833500763286925
rmse_total: 0.3253968328898182
bias_mr: 0.2579060207468044
rmse_mr: 0.2767673076836011
coverage: 0.0
