Experiment: expname : baselines_experiment, data : uniform, n_samples : 1000, mediator_dimension : 1, covariate_dimension : 1, alpha : 0.5, beta : 0.25, stochasticity : 1, gamma : 0.3, noise : uniform, 
Running with estimator : ipw, regularization : True, sample_splits : 1, reg_lambda : 0.001, reg_lambda_tilde : 0.001, kernel : gauss, density : gaussian, bandwidth : 0.3, bandwidth_mode : heuristic, epsilon : 0.3, normalized : True, random_seed : 66, 
bias_direct: 0.1177620783938164
rmse_direct: 0.1490203206180869
bias_indirect: 0.0698275862068966
rmse_indirect: 0.07936276378669078
bias_total: 0.0893817677441492
rmse_total: 0.1083836446998133
bias_mr: 0.11261733223896134
rmse_mr: 0.1688675684295639
coverage: 0.0
