Experiment: expname : baselines_experiment, data : uniform, n_samples : 5000, mediator_dimension : 1, covariate_dimension : 1, alpha : 0.5, beta : 0.25, stochasticity : 1, gamma : 0.3, noise : uniform, 
Running with estimator : linear, regularization : True, sample_splits : 1, reg_lambda : 0.001, reg_lambda_tilde : 0.001, kernel : gauss, density : gaussian, bandwidth : 0.3, bandwidth_mode : heuristic, epsilon : 0.3, normalized : True, random_seed : 96, 
bias_direct: 0.2978369477401157
rmse_direct: 0.34116984559374486
bias_indirect: 0.004183583870553771
rmse_indirect: 0.00475486546988468
bias_total: 0.30149990784011166
rmse_total: 0.3452061145716667
bias_mr: 0.2808593739695675
rmse_mr: 0.2996657773933572
coverage: 0.0
