Experiment: expname : nonparametric_experiment, data : uniform, n_samples : 500, mediator_dimension : 1, covariate_dimension : 1, alpha : 0.0, beta : 0.0, stochasticity : 1, gamma : 0.3, noise : uniform, 
Running with estimator : kme_dml, regularization : True, sample_splits : 1, reg_lambda : 0.001, reg_lambda_tilde : 0.001, kernel : linear, density : conditional_kernel, bandwidth : 0.3, bandwidth_mode : heuristic, epsilon : 0.1, normalized : True, random_seed : 9, 
bias_direct: 0.05008074898531733
rmse_direct: 0.0655018550103549
bias_indirect: 0.0314582617827427
rmse_indirect: 0.03951044634550586
bias_total: 0.06443993442132478
rmse_total: 0.08853279164206496
bias_mr: 0.05164189154507151
rmse_mr: 0.05987194628988944
coverage: 1.0
