Experiment: expname : nonparametric_experiment, data : uniform, n_samples : 500, mediator_dimension : 1, covariate_dimension : 1, alpha : 0.0, beta : 0.0, stochasticity : 1, gamma : 0.3, noise : uniform, 
Running with estimator : kme_dml, regularization : True, sample_splits : 1, reg_lambda : 0.001, reg_lambda_tilde : 0.001, kernel : linear, density : gaussian, bandwidth : 0.3, bandwidth_mode : heuristic, epsilon : 0.1, normalized : True, random_seed : 14, 
bias_direct: 0.07446447012203597
rmse_direct: 0.09032326656671463
bias_indirect: 0.032780669865526454
rmse_indirect: 0.03856224653486632
bias_total: 0.09149565827558599
rmse_total: 0.11143589804762564
bias_mr: 0.0726568423724507
rmse_mr: 0.08410495038546968
coverage: 1.0
