Experiment: expname : nonparametric_experiment, data : uniform, n_samples : 500, mediator_dimension : 1, covariate_dimension : 1, alpha : 0.0, beta : 0.0, stochasticity : 1, gamma : 0.3, noise : uniform, 
Running with estimator : kme_dml, regularization : True, sample_splits : 1, reg_lambda : 0.001, reg_lambda_tilde : 0.001, kernel : gauss, density : conditional_kernel, bandwidth : 0.3, bandwidth_mode : heuristic, epsilon : 0.1, normalized : True, random_seed : 39, 
bias_direct: 0.0579187785155672
rmse_direct: 0.06994976444042561
bias_indirect: 0.016660797093747723
rmse_indirect: 0.0210389971699784
bias_total: 0.05961597603787595
rmse_total: 0.07988516638096223
bias_mr: 0.06151348014486432
rmse_mr: 0.0748422146862856
coverage: 1.0
