Experiment: expname : nonparametric_experiment, data : uniform, n_samples : 5000, mediator_dimension : 1, covariate_dimension : 1, alpha : 0.0, beta : 0.0, stochasticity : 1, gamma : 0.3, noise : uniform, 
Running with estimator : kme_g_computation, regularization : True, sample_splits : 1, reg_lambda : 0.001, reg_lambda_tilde : 0.001, kernel : linear, density : conditional_kernel, bandwidth : 0.3, bandwidth_mode : heuristic, epsilon : 0.1, normalized : True, random_seed : 91, 
bias_direct: 0.16379025501728342
rmse_direct: 0.18606048664190522
bias_indirect: 0.16025627738861
rmse_indirect: 0.18213978214854798
bias_total: 0.0035339776286734547
rmse_total: 0.004731456922631051
bias_mr: 0.16665211299161686
rmse_mr: 0.19285616961958946
coverage: 0.0
