Experiment: expname : baselines_experiment, data : uniform, n_samples : 5000, mediator_dimension : 1, covariate_dimension : 1, alpha : 0.5, beta : 0.25, stochasticity : 1, gamma : 0.3, noise : uniform, 
Running with estimator : linear, regularization : True, sample_splits : 1, reg_lambda : 0.001, reg_lambda_tilde : 0.001, kernel : gauss, density : gaussian, bandwidth : 0.3, bandwidth_mode : heuristic, epsilon : 0.3, normalized : True, random_seed : 11, 
bias_direct: 0.2974733783642945
rmse_direct: 0.3407702345436041
bias_indirect: 0.0005767857680214388
rmse_indirect: 0.0006555476875196566
bias_total: 0.2969683703807379
rmse_total: 0.3402154711389042
bias_mr: 0.28033829060266213
rmse_mr: 0.29920788009789645
coverage: 0.0
