Experiment: expname : nonparametric_experiment, data : uniform, n_samples : 5000, mediator_dimension : 1, covariate_dimension : 1, alpha : 0.0, beta : 0.0, stochasticity : 1, gamma : 0.3, noise : uniform, 
Running with estimator : kme_g_computation, regularization : True, sample_splits : 1, reg_lambda : 0.001, reg_lambda_tilde : 0.001, kernel : gauss, density : gaussian, bandwidth : 0.3, bandwidth_mode : heuristic, epsilon : 0.1, normalized : True, random_seed : 23, 
bias_direct: 0.16584437210090872
rmse_direct: 0.18778704314241498
bias_indirect: 0.18337097102801617
rmse_indirect: 0.20368620967619333
bias_total: 0.020273896429751168
rmse_total: 0.022106412727601898
bias_mr: 0.1666984133266825
rmse_mr: 0.19118897394686377
coverage: 0.0
