Experiment: expname : baselines_experiment, data : uniform, n_samples : 500, mediator_dimension : 1, covariate_dimension : 1, alpha : 0.5, beta : 0.25, stochasticity : 1, gamma : 0.3, noise : uniform, 
Running with estimator : kme_dml, regularization : True, sample_splits : 1, reg_lambda : 0.001, reg_lambda_tilde : 0.001, kernel : gauss, density : gaussian, bandwidth : 0.3, bandwidth_mode : heuristic, epsilon : 0.3, normalized : True, random_seed : 97, 
bias_direct: 0.07618999949693028
rmse_direct: 0.08328160835345938
bias_indirect: 0.02898739317673501
rmse_indirect: 0.03898615489982141
bias_total: 0.056382060381118794
rmse_total: 0.06314962791808118
bias_mr: 0.1023281754482828
rmse_mr: 0.12416486847035542
coverage: 1.0
