Experiment: expname : baselines_experiment, data : uniform, n_samples : 5000, mediator_dimension : 1, covariate_dimension : 1, alpha : 0.5, beta : 0.25, stochasticity : 1, gamma : 0.3, noise : uniform, 
Running with estimator : kme_g_computation, regularization : True, sample_splits : 1, reg_lambda : 0.001, reg_lambda_tilde : 0.001, kernel : gauss, density : gaussian, bandwidth : 0.3, bandwidth_mode : heuristic, epsilon : 0.3, normalized : True, random_seed : 9, 
bias_direct: 0.36906377165952314
rmse_direct: 0.4813160199577621
bias_indirect: 0.37934705823173037
rmse_indirect: 0.5047726582452473
bias_total: 0.029357660459387605
rmse_total: 0.039259400837380824
bias_mr: 0.38181935145597395
rmse_mr: 0.4999592606872225
coverage: 0.0
