Experiment: expname : nonparametric_experiment, data : uniform, n_samples : 1000, mediator_dimension : 1, covariate_dimension : 1, alpha : 0.0, beta : 0.0, stochasticity : 1, gamma : 0.3, noise : uniform, 
Running with estimator : kme_dml, regularization : True, sample_splits : 1, reg_lambda : 0.001, reg_lambda_tilde : 0.001, kernel : linear, density : conditional_kernel, bandwidth : 0.3, bandwidth_mode : heuristic, epsilon : 0.1, normalized : True, random_seed : 9, 
bias_direct: 0.10772687117502927
rmse_direct: 0.12160200852263307
bias_indirect: 0.030415234818506123
rmse_indirect: 0.034248554340821566
bias_total: 0.1381421059935354
rmse_total: 0.1525398419697368
bias_mr: 0.11545729005512319
rmse_mr: 0.13294933359734934
coverage: 0.5862068965517241
