Experiment: expname : baselines_experiment, data : uniform, n_samples : 1000, mediator_dimension : 1, covariate_dimension : 1, alpha : 0.5, beta : 0.25, stochasticity : 1, gamma : 0.3, noise : uniform, 
Running with estimator : linear, regularization : True, sample_splits : 1, reg_lambda : 0.001, reg_lambda_tilde : 0.001, kernel : gauss, density : gaussian, bandwidth : 0.3, bandwidth_mode : heuristic, epsilon : 0.3, normalized : True, random_seed : 47, 
bias_direct: 0.29650254641956175
rmse_direct: 0.3397040706917978
bias_indirect: 0.0018757273727415325
rmse_indirect: 0.0021318638735419114
bias_total: 0.2981448499414732
rmse_total: 0.3415084153958038
bias_mr: 0.2785552987680615
rmse_mr: 0.2986060150291864
coverage: 0.0
