Experiment: expname : baselines_experiment, data : uniform, n_samples : 1000, mediator_dimension : 1, covariate_dimension : 1, alpha : 0.5, beta : 0.25, stochasticity : 1, gamma : 0.3, noise : uniform, 
Running with estimator : kme_g_computation, regularization : True, sample_splits : 1, reg_lambda : 0.001, reg_lambda_tilde : 0.001, kernel : gauss, density : gaussian, bandwidth : 0.3, bandwidth_mode : heuristic, epsilon : 0.3, normalized : True, random_seed : 79, 
bias_direct: 0.38705236719957753
rmse_direct: 0.5055664149315169
bias_indirect: 0.45060522137574904
rmse_indirect: 0.5916514540000498
bias_total: 0.06527010681785705
rmse_total: 0.08826858373897555
bias_mr: 0.395443290765966
rmse_mr: 0.5159291202234447
coverage: 0.0
