Experiment: expname : nonparametric_experiment, data : uniform, n_samples : 1000, mediator_dimension : 1, covariate_dimension : 1, alpha : 0.0, beta : 0.0, stochasticity : 1, gamma : 0.3, noise : uniform, 
Running with estimator : kme_g_computation, regularization : True, sample_splits : 1, reg_lambda : 0.001, reg_lambda_tilde : 0.001, kernel : linear, density : conditional_kernel, bandwidth : 0.3, bandwidth_mode : heuristic, epsilon : 0.1, normalized : True, random_seed : 37, 
bias_direct: 0.16663965535109118
rmse_direct: 0.18947350134359792
bias_indirect: 0.11703771063291149
rmse_indirect: 0.1330195985264923
bias_total: 0.04960194471817967
rmse_total: 0.056470506115360655
bias_mr: 0.1660670205077524
rmse_mr: 0.18893973138184636
coverage: 0.0
