Experiment: expname : nonparametric_experiment, data : uniform, n_samples : 1000, mediator_dimension : 1, covariate_dimension : 1, alpha : 0.0, beta : 0.0, stochasticity : 1, gamma : 0.3, noise : uniform, 
Running with estimator : kme_dml, regularization : True, sample_splits : 1, reg_lambda : 0.001, reg_lambda_tilde : 0.001, kernel : gauss, density : gaussian, bandwidth : 0.3, bandwidth_mode : heuristic, epsilon : 0.1, normalized : True, random_seed : 66, 
bias_direct: 0.045868128344190066
rmse_direct: 0.06143300790332254
bias_indirect: 0.033035147161286665
rmse_indirect: 0.04428260479004475
bias_total: 0.05975284733915608
rmse_total: 0.06940729799087623
bias_mr: 0.041292749106594015
rmse_mr: 0.05093725535613318
coverage: 1.0
