Experiment: expname : baselines_experiment, data : uniform, n_samples : 500, mediator_dimension : 1, covariate_dimension : 1, alpha : 0.5, beta : 0.25, stochasticity : 1, gamma : 0.3, noise : uniform, 
Running with estimator : linear, regularization : True, sample_splits : 1, reg_lambda : 0.001, reg_lambda_tilde : 0.001, kernel : gauss, density : gaussian, bandwidth : 0.3, bandwidth_mode : heuristic, epsilon : 0.3, normalized : True, random_seed : 81, 
bias_direct: 0.23920441862763445
rmse_direct: 0.2736468606154816
bias_indirect: 0.0037677987529637328
rmse_indirect: 0.004282303580439611
bias_total: 0.236340891575382
rmse_total: 0.27045562236065385
bias_mr: 0.2075914302781652
rmse_mr: 0.22807028785415837
coverage: 0.0
