Experiment: expname : baselines_experiment, data : uniform, n_samples : 500, mediator_dimension : 1, covariate_dimension : 1, alpha : 0.5, beta : 0.25, stochasticity : 1, gamma : 0.3, noise : uniform, 
Running with estimator : kme_g_computation, regularization : True, sample_splits : 1, reg_lambda : 0.001, reg_lambda_tilde : 0.001, kernel : gauss, density : gaussian, bandwidth : 0.3, bandwidth_mode : heuristic, epsilon : 0.3, normalized : True, random_seed : 70, 
bias_direct: 0.38255751291398576
rmse_direct: 0.49551789217690145
bias_indirect: 0.5159937270801417
rmse_indirect: 0.6227540017499424
bias_total: 0.133436214166156
rmse_total: 0.14999133751826912
bias_mr: 0.40959809038487327
rmse_mr: 0.5293795042814192
coverage: 0.0
