Experiment: expname : nonparametric_experiment, data : uniform, n_samples : 1000, mediator_dimension : 1, covariate_dimension : 1, alpha : 0.0, beta : 0.0, stochasticity : 1, gamma : 0.3, noise : uniform, 
Running with estimator : kme_g_computation, regularization : True, sample_splits : 1, reg_lambda : 0.001, reg_lambda_tilde : 0.001, kernel : gauss, density : gaussian, bandwidth : 0.3, bandwidth_mode : heuristic, epsilon : 0.1, normalized : True, random_seed : 93, 
bias_direct: 0.16795874818350537
rmse_direct: 0.19074862268699547
bias_indirect: 0.14382626176045554
rmse_indirect: 0.182435857333943
bias_total: 0.06869309121367848
rmse_total: 0.09011967512168113
bias_mr: 0.20022780983064992
rmse_mr: 0.2426588000070483
coverage: 0.0
