Experiment: expname : nonparametric_experiment, data : uniform, n_samples : 5000, mediator_dimension : 1, covariate_dimension : 1, alpha : 0.0, beta : 0.0, stochasticity : 1, gamma : 0.3, noise : uniform, 
Running with estimator : kme_dml, regularization : True, sample_splits : 1, reg_lambda : 0.001, reg_lambda_tilde : 0.001, kernel : gauss, density : conditional_kernel, bandwidth : 0.3, bandwidth_mode : heuristic, epsilon : 0.1, normalized : True, random_seed : 2, 
bias_direct: 0.033979868081632114
rmse_direct: 0.041908534368530335
bias_indirect: 0.006946289050822528
rmse_indirect: 0.008424128570110219
bias_total: 0.032269976052550116
rmse_total: 0.04094134585899189
bias_mr: 0.028769074512687655
rmse_mr: 0.03498041312781736
coverage: 1.0
