Experiment: expname : baselines_experiment, data : uniform, n_samples : 5000, mediator_dimension : 1, covariate_dimension : 1, alpha : 0.5, beta : 0.25, stochasticity : 1, gamma : 0.3, noise : uniform, 
Running with estimator : kme_g_computation, regularization : True, sample_splits : 1, reg_lambda : 0.001, reg_lambda_tilde : 0.001, kernel : gauss, density : gaussian, bandwidth : 0.3, bandwidth_mode : heuristic, epsilon : 0.3, normalized : True, random_seed : 12, 
bias_direct: 0.36742070519229175
rmse_direct: 0.47653083652193423
bias_indirect: 0.39981609120539013
rmse_indirect: 0.5202003896236551
bias_total: 0.04606192181761324
rmse_total: 0.07468858995599226
bias_mr: 0.39832097485148904
rmse_mr: 0.5183112711071555
coverage: 0.0
