Experiment: expname : nonparametric_experiment, data : uniform, n_samples : 5000, mediator_dimension : 1, covariate_dimension : 1, alpha : 0.0, beta : 0.0, stochasticity : 1, gamma : 0.3, noise : uniform, 
Running with estimator : kme_g_computation, regularization : True, sample_splits : 1, reg_lambda : 0.001, reg_lambda_tilde : 0.001, kernel : gauss, density : gaussian, bandwidth : 0.3, bandwidth_mode : heuristic, epsilon : 0.1, normalized : True, random_seed : 1, 
bias_direct: 0.17482680012071852
rmse_direct: 0.19624596395937813
bias_indirect: 0.1859552149580414
rmse_indirect: 0.20639670477669264
bias_total: 0.012870454623250097
rmse_total: 0.015059749902169128
bias_mr: 0.1734411917151827
rmse_mr: 0.19433251623562087
coverage: 0.0
