Experiment: expname : nonparametric_experiment, data : uniform, n_samples : 500, mediator_dimension : 1, covariate_dimension : 1, alpha : 0.0, beta : 0.0, stochasticity : 1, gamma : 0.3, noise : uniform, 
Running with estimator : kme_dml, regularization : True, sample_splits : 1, reg_lambda : 0.001, reg_lambda_tilde : 0.001, kernel : linear, density : conditional_kernel, bandwidth : 0.3, bandwidth_mode : heuristic, epsilon : 0.1, normalized : True, random_seed : 30, 
bias_direct: 0.0992239061338206
rmse_direct: 0.11787625399654385
bias_indirect: 0.018473892574103576
rmse_indirect: 0.021776723765364103
bias_total: 0.09301552387756988
rmse_total: 0.10561013853257124
bias_mr: 0.08894874503492865
rmse_mr: 0.11236944954709516
coverage: 1.0
