Experiment: expname : nonparametric_experiment, data : uniform, n_samples : 1000, mediator_dimension : 1, covariate_dimension : 1, alpha : 0.0, beta : 0.0, stochasticity : 1, gamma : 0.3, noise : uniform, 
Running with estimator : ipw, regularization : True, sample_splits : 1, reg_lambda : 0.001, reg_lambda_tilde : 0.001, kernel : linear, density : conditional_kernel, bandwidth : 0.3, bandwidth_mode : heuristic, epsilon : 0.1, normalized : True, random_seed : 75, 
bias_direct: 0.17068687802663807
rmse_direct: 0.18497113585976752
bias_indirect: 0.04297220571685154
rmse_indirect: 0.049539852257414085
bias_total: 0.16351091485471414
rmse_total: 0.18710151582663698
bias_mr: 0.05800086549144126
rmse_mr: 0.08384467256128697
coverage: 0.0
