Experiment: expname : nonparametric_experiment, data : uniform, n_samples : 1000, mediator_dimension : 1, covariate_dimension : 1, alpha : 0.0, beta : 0.0, stochasticity : 1, gamma : 0.3, noise : uniform, 
Running with estimator : kme_g_computation, regularization : True, sample_splits : 1, reg_lambda : 0.001, reg_lambda_tilde : 0.001, kernel : gauss, density : gaussian, bandwidth : 0.3, bandwidth_mode : heuristic, epsilon : 0.1, normalized : True, random_seed : 5, 
bias_direct: 0.17074134430768245
rmse_direct: 0.19197186854503764
bias_indirect: 0.1288186445811484
rmse_indirect: 0.14160080504831593
bias_total: 0.04192269972653411
rmse_total: 0.05607494482875005
bias_mr: 0.17325098406430822
rmse_mr: 0.19573620873262831
coverage: 0.0
