Experiment: expname : baselines_experiment, data : uniform, n_samples : 1000, mediator_dimension : 1, covariate_dimension : 1, alpha : 0.5, beta : 0.25, stochasticity : 1, gamma : 0.3, noise : uniform, 
Running with estimator : linear, regularization : True, sample_splits : 1, reg_lambda : 0.001, reg_lambda_tilde : 0.001, kernel : gauss, density : gaussian, bandwidth : 0.3, bandwidth_mode : heuristic, epsilon : 0.3, normalized : True, random_seed : 79, 
bias_direct: 0.3542901021888723
rmse_direct: 0.40240889125943424
bias_indirect: 0.0016155421813706537
rmse_indirect: 0.0018361495719995428
bias_total: 0.3526745600075017
rmse_total: 0.40077075011512725
bias_mr: 0.3429246976832855
rmse_mr: 0.3643387765654381
coverage: 0.0
