Experiment: expname : nonparametric_experiment, data : uniform, n_samples : 1000, mediator_dimension : 1, covariate_dimension : 1, alpha : 0.0, beta : 0.0, stochasticity : 1, gamma : 0.3, noise : uniform, 
Running with estimator : ipw, regularization : True, sample_splits : 1, reg_lambda : 0.001, reg_lambda_tilde : 0.001, kernel : gauss, density : conditional_kernel, bandwidth : 0.3, bandwidth_mode : heuristic, epsilon : 0.1, normalized : True, random_seed : 24, 
bias_direct: 0.18672261090134712
rmse_direct: 0.22585512448437572
bias_indirect: 0.04242130784343328
rmse_indirect: 0.04970089844654541
bias_total: 0.19243002810845644
rmse_total: 0.22534576670660744
bias_mr: 0.10079519776477155
rmse_mr: 0.13459784660736168
coverage: 0.0
