Experiment: expname : nonparametric_experiment, data : uniform, n_samples : 5000, mediator_dimension : 1, covariate_dimension : 1, alpha : 0.0, beta : 0.0, stochasticity : 1, gamma : 0.3, noise : uniform, 
Running with estimator : ipw, regularization : True, sample_splits : 1, reg_lambda : 0.001, reg_lambda_tilde : 0.001, kernel : linear, density : conditional_kernel, bandwidth : 0.3, bandwidth_mode : heuristic, epsilon : 0.1, normalized : True, random_seed : 60, 
bias_direct: 0.04060098035394013
rmse_direct: 0.0470797810100226
bias_indirect: 0.022156447531357693
rmse_indirect: 0.02715351845062973
bias_total: 0.03248884555538498
rmse_total: 0.04184478412937462
bias_mr: 0.049221784211793046
rmse_mr: 0.0582950446447162
coverage: 0.0
