Experiment: expname : nonparametric_experiment, data : uniform, n_samples : 5000, mediator_dimension : 1, covariate_dimension : 1, alpha : 0.0, beta : 0.0, stochasticity : 1, gamma : 0.3, noise : uniform, 
Running with estimator : kme_g_computation, regularization : True, sample_splits : 1, reg_lambda : 0.001, reg_lambda_tilde : 0.001, kernel : gauss, density : gaussian, bandwidth : 0.3, bandwidth_mode : heuristic, epsilon : 0.1, normalized : True, random_seed : 11, 
bias_direct: 0.16839171525183444
rmse_direct: 0.1899481961552946
bias_indirect: 0.18457355969179545
rmse_indirect: 0.20761810729618593
bias_total: 0.016181844439961054
rmse_total: 0.018322978205070097
bias_mr: 0.1731287317465295
rmse_mr: 0.19655675508715326
coverage: 0.0
