Experiment: expname : nonparametric_experiment, data : uniform, n_samples : 500, mediator_dimension : 1, covariate_dimension : 1, alpha : 0.0, beta : 0.0, stochasticity : 1, gamma : 0.3, noise : uniform, 
Running with estimator : ipw, regularization : True, sample_splits : 1, reg_lambda : 0.001, reg_lambda_tilde : 0.001, kernel : gauss, density : conditional_kernel, bandwidth : 0.3, bandwidth_mode : heuristic, epsilon : 0.1, normalized : True, random_seed : 53, 
bias_direct: 0.2764544356258111
rmse_direct: 0.31125173304976567
bias_indirect: 0.04671633844502993
rmse_indirect: 0.05801149157529048
bias_total: 0.29371286416586984
rmse_total: 0.321474607476953
bias_mr: 0.12772221632605857
rmse_mr: 0.15238779479336165
coverage: 0.0
