Experiment: expname : baselines_experiment, data : uniform, n_samples : 1000, mediator_dimension : 1, covariate_dimension : 1, alpha : 0.5, beta : 0.25, stochasticity : 1, gamma : 0.3, noise : uniform, 
Running with estimator : kme_g_computation, regularization : True, sample_splits : 1, reg_lambda : 0.001, reg_lambda_tilde : 0.001, kernel : gauss, density : gaussian, bandwidth : 0.3, bandwidth_mode : heuristic, epsilon : 0.3, normalized : True, random_seed : 61, 
bias_direct: 0.39137473231087977
rmse_direct: 0.5008229683343411
bias_indirect: 0.32698939011833955
rmse_indirect: 0.44346009916059514
bias_total: 0.0643853421925402
rmse_total: 0.06974306296483877
bias_mr: 0.4167162482117341
rmse_mr: 0.5354744349580867
coverage: 0.0
