Experiment: expname : nonparametric_experiment, data : uniform, n_samples : 1000, mediator_dimension : 1, covariate_dimension : 1, alpha : 0.0, beta : 0.0, stochasticity : 1, gamma : 0.3, noise : uniform, 
Running with estimator : kme_dml, regularization : True, sample_splits : 1, reg_lambda : 0.001, reg_lambda_tilde : 0.001, kernel : gauss, density : gaussian, bandwidth : 0.3, bandwidth_mode : heuristic, epsilon : 0.1, normalized : True, random_seed : 87, 
bias_direct: 0.0321705173796188
rmse_direct: 0.03726009960266275
bias_indirect: 0.0192173720028162
rmse_indirect: 0.026150544476284798
bias_total: 0.0400469306284749
rmse_total: 0.04816088004212298
bias_mr: 0.037619688359540354
rmse_mr: 0.0461491294897943
coverage: 1.0
