Experiment: expname : nonparametric_experiment, data : uniform, n_samples : 5000, mediator_dimension : 1, covariate_dimension : 1, alpha : 0.0, beta : 0.0, stochasticity : 1, gamma : 0.3, noise : uniform, 
Running with estimator : kme_dml, regularization : True, sample_splits : 1, reg_lambda : 0.001, reg_lambda_tilde : 0.001, kernel : linear, density : gaussian, bandwidth : 0.3, bandwidth_mode : heuristic, epsilon : 0.1, normalized : True, random_seed : 39, 
bias_direct: 0.05188301267110228
rmse_direct: 0.05751334814469452
bias_indirect: 0.006667044546771969
rmse_indirect: 0.009494559592682358
bias_total: 0.046763253149238626
rmse_total: 0.05351420695469933
bias_mr: 0.022122313197740093
rmse_mr: 0.02881439201374298
coverage: 1.0
