Experiment: expname : nonparametric_experiment, data : uniform, n_samples : 1000, mediator_dimension : 1, covariate_dimension : 1, alpha : 0.0, beta : 0.0, stochasticity : 1, gamma : 0.3, noise : uniform, 
Running with estimator : kme_dml, regularization : True, sample_splits : 1, reg_lambda : 0.001, reg_lambda_tilde : 0.001, kernel : linear, density : conditional_kernel, bandwidth : 0.3, bandwidth_mode : heuristic, epsilon : 0.1, normalized : True, random_seed : 70, 
bias_direct: 0.04285912561864741
rmse_direct: 0.05656219224788215
bias_indirect: 0.02839568235074013
rmse_indirect: 0.03242113047382233
bias_total: 0.039917369375323815
rmse_total: 0.05452267869483974
bias_mr: 0.055313697155912035
rmse_mr: 0.06310275699009919
coverage: 1.0
