Experiment: expname : nonparametric_experiment, data : uniform, n_samples : 500, mediator_dimension : 1, covariate_dimension : 1, alpha : 0.0, beta : 0.0, stochasticity : 1, gamma : 0.3, noise : uniform, 
Running with estimator : kme_dml, regularization : True, sample_splits : 1, reg_lambda : 0.001, reg_lambda_tilde : 0.001, kernel : gauss, density : gaussian, bandwidth : 0.3, bandwidth_mode : heuristic, epsilon : 0.1, normalized : True, random_seed : 7, 
bias_direct: 0.11208610063144461
rmse_direct: 0.13979877880481056
bias_indirect: 0.028706902922961134
rmse_indirect: 0.03836131624600279
bias_total: 0.08376131829400603
rmse_total: 0.10442809707946232
bias_mr: 0.08637869397961834
rmse_mr: 0.09963759344809273
coverage: 1.0
