Experiment: expname : nonparametric_experiment, data : uniform, n_samples : 5000, mediator_dimension : 1, covariate_dimension : 1, alpha : 0.0, beta : 0.0, stochasticity : 1, gamma : 0.3, noise : uniform, 
Running with estimator : kme_dml, regularization : True, sample_splits : 1, reg_lambda : 0.001, reg_lambda_tilde : 0.001, kernel : linear, density : gaussian, bandwidth : 0.3, bandwidth_mode : heuristic, epsilon : 0.1, normalized : True, random_seed : 24, 
bias_direct: 0.03461935041189687
rmse_direct: 0.04119885670893493
bias_indirect: 0.016195680882562957
rmse_indirect: 0.01816186082434263
bias_total: 0.024317055024324966
rmse_total: 0.03269268953712076
bias_mr: 0.025643761128407064
rmse_mr: 0.02967688610722051
coverage: 1.0
