Experiment: expname : nonparametric_experiment, data : uniform, n_samples : 5000, mediator_dimension : 1, covariate_dimension : 1, alpha : 0.0, beta : 0.0, stochasticity : 1, gamma : 0.3, noise : uniform, 
Running with estimator : kme_g_computation, regularization : True, sample_splits : 1, reg_lambda : 0.001, reg_lambda_tilde : 0.001, kernel : gauss, density : gaussian, bandwidth : 0.3, bandwidth_mode : heuristic, epsilon : 0.1, normalized : True, random_seed : 36, 
bias_direct: 0.1704735892029415
rmse_direct: 0.19271195468040317
bias_indirect: 0.16564443838967763
rmse_indirect: 0.18579195622957953
bias_total: 0.017917293678679
rmse_total: 0.025994510024423503
bias_mr: 0.17681070256267875
rmse_mr: 0.20020951765311207
coverage: 0.0
