Experiment: expname : nonparametric_experiment, data : uniform, n_samples : 1000, mediator_dimension : 1, covariate_dimension : 1, alpha : 0.0, beta : 0.0, stochasticity : 1, gamma : 0.3, noise : uniform, 
Running with estimator : kme_g_computation, regularization : True, sample_splits : 1, reg_lambda : 0.001, reg_lambda_tilde : 0.001, kernel : linear, density : conditional_kernel, bandwidth : 0.3, bandwidth_mode : heuristic, epsilon : 0.1, normalized : True, random_seed : 21, 
bias_direct: 0.1722832638006073
rmse_direct: 0.19599479718652302
bias_indirect: 0.1529341130134779
rmse_indirect: 0.17381767053468913
bias_total: 0.019349150787129413
rmse_total: 0.022428638842664782
bias_mr: 0.17145401441521121
rmse_mr: 0.19521874047224524
coverage: 0.0
