Experiment: expname : nonparametric_experiment, data : uniform, n_samples : 5000, mediator_dimension : 1, covariate_dimension : 1, alpha : 0.0, beta : 0.0, stochasticity : 1, gamma : 0.3, noise : uniform, 
Running with estimator : kme_dml, regularization : True, sample_splits : 1, reg_lambda : 0.001, reg_lambda_tilde : 0.001, kernel : linear, density : gaussian, bandwidth : 0.3, bandwidth_mode : heuristic, epsilon : 0.1, normalized : True, random_seed : 18, 
bias_direct: 0.027480027082020183
rmse_direct: 0.034169295489944566
bias_indirect: 0.004567889447948625
rmse_indirect: 0.005778138180330582
bias_total: 0.026365970533988512
rmse_total: 0.03499619028215661
bias_mr: 0.029333533157510326
rmse_mr: 0.036149388113249664
coverage: 0.9655172413793104
