Experiment: expname : nonparametric_experiment, data : uniform, n_samples : 1000, mediator_dimension : 1, covariate_dimension : 1, alpha : 0.0, beta : 0.0, stochasticity : 1, gamma : 0.3, noise : uniform, 
Running with estimator : kme_dml, regularization : True, sample_splits : 1, reg_lambda : 0.001, reg_lambda_tilde : 0.001, kernel : linear, density : conditional_kernel, bandwidth : 0.3, bandwidth_mode : heuristic, epsilon : 0.1, normalized : True, random_seed : 76, 
bias_direct: 0.041403740512350476
rmse_direct: 0.045962541248612085
bias_indirect: 0.015030981124523689
rmse_indirect: 0.023001234990548982
bias_total: 0.04810972740471553
rmse_total: 0.052361851338747066
bias_mr: 0.10996107398099171
rmse_mr: 0.12064529226113146
coverage: 0.7586206896551724
