Experiment: expname : nonparametric_experiment, data : uniform, n_samples : 5000, mediator_dimension : 1, covariate_dimension : 1, alpha : 0.0, beta : 0.0, stochasticity : 1, gamma : 0.3, noise : uniform, 
Running with estimator : kme_g_computation, regularization : True, sample_splits : 1, reg_lambda : 0.001, reg_lambda_tilde : 0.001, kernel : gauss, density : conditional_kernel, bandwidth : 0.3, bandwidth_mode : heuristic, epsilon : 0.1, normalized : True, random_seed : 34, 
bias_direct: 0.17192851485175678
rmse_direct: 0.19414900967949206
bias_indirect: 0.1718176648082876
rmse_indirect: 0.19847032237877282
bias_total: 0.02511096924143086
rmse_total: 0.0327935665442229
bias_mr: 0.1744526280160723
rmse_mr: 0.20003022823433114
coverage: 0.0
