Experiment: expname : nonparametric_experiment, data : uniform, n_samples : 5000, mediator_dimension : 1, covariate_dimension : 1, alpha : 0.0, beta : 0.0, stochasticity : 1, gamma : 0.3, noise : uniform, 
Running with estimator : kme_dml, regularization : True, sample_splits : 1, reg_lambda : 0.001, reg_lambda_tilde : 0.001, kernel : gauss, density : conditional_kernel, bandwidth : 0.3, bandwidth_mode : heuristic, epsilon : 0.1, normalized : True, random_seed : 57, 
bias_direct: 0.03813772343623882
rmse_direct: 0.045356207117565675
bias_indirect: 0.027523325194244896
rmse_indirect: 0.033768675639449255
bias_total: 0.029234075724749294
rmse_total: 0.033052712533063404
bias_mr: 0.030236368867827258
rmse_mr: 0.03455076726151081
coverage: 1.0
