Experiment: expname : nonparametric_experiment, data : uniform, n_samples : 1000, mediator_dimension : 1, covariate_dimension : 1, alpha : 0.0, beta : 0.0, stochasticity : 1, gamma : 0.3, noise : uniform, 
Running with estimator : kme_dml, regularization : True, sample_splits : 1, reg_lambda : 0.001, reg_lambda_tilde : 0.001, kernel : gauss, density : conditional_kernel, bandwidth : 0.3, bandwidth_mode : heuristic, epsilon : 0.1, normalized : True, random_seed : 69, 
bias_direct: 0.035910466185195944
rmse_direct: 0.05682717304888947
bias_indirect: 0.017193547844897242
rmse_indirect: 0.022923717834544336
bias_total: 0.03516918753717491
rmse_total: 0.054658934013177604
bias_mr: 0.037626696147862286
rmse_mr: 0.05210690941806112
coverage: 1.0
