Experiment: expname : nonparametric_experiment, data : uniform, n_samples : 5000, mediator_dimension : 1, covariate_dimension : 1, alpha : 0.0, beta : 0.0, stochasticity : 1, gamma : 0.3, noise : uniform, 
Running with estimator : kme_dml, regularization : True, sample_splits : 1, reg_lambda : 0.001, reg_lambda_tilde : 0.001, kernel : gauss, density : gaussian, bandwidth : 0.3, bandwidth_mode : heuristic, epsilon : 0.1, normalized : True, random_seed : 26, 
bias_direct: 0.018537146324635136
rmse_direct: 0.02268494599255885
bias_indirect: 0.023197069684689018
rmse_indirect: 0.027456371341307836
bias_total: 0.02280973033941892
rmse_total: 0.02700299301825166
bias_mr: 0.014790966596582498
rmse_mr: 0.017890714775579176
coverage: 1.0
