Experiment: expname : nonparametric_experiment, data : uniform, n_samples : 5000, mediator_dimension : 1, covariate_dimension : 1, alpha : 0.0, beta : 0.0, stochasticity : 1, gamma : 0.3, noise : uniform, 
Running with estimator : kme_dml, regularization : True, sample_splits : 1, reg_lambda : 0.001, reg_lambda_tilde : 0.001, kernel : linear, density : gaussian, bandwidth : 0.3, bandwidth_mode : heuristic, epsilon : 0.1, normalized : True, random_seed : 60, 
bias_direct: 0.02657748343552671
rmse_direct: 0.03262403432815051
bias_indirect: 0.010935521580463181
rmse_indirect: 0.012938477049863995
bias_total: 0.024602077516715327
rmse_total: 0.028534519035428134
bias_mr: 0.026520139691837086
rmse_mr: 0.03468687544140435
coverage: 1.0
