Experiment: expname : nonparametric_experiment, data : uniform, n_samples : 1000, mediator_dimension : 1, covariate_dimension : 1, alpha : 0.0, beta : 0.0, stochasticity : 1, gamma : 0.3, noise : uniform, 
Running with estimator : kme_dml, regularization : True, sample_splits : 1, reg_lambda : 0.001, reg_lambda_tilde : 0.001, kernel : linear, density : gaussian, bandwidth : 0.3, bandwidth_mode : heuristic, epsilon : 0.1, normalized : True, random_seed : 45, 
bias_direct: 0.04164568066664315
rmse_direct: 0.05896074262419111
bias_indirect: 0.024293116353923283
rmse_indirect: 0.030268334131894004
bias_total: 0.05428491547977412
rmse_total: 0.07677192116680583
bias_mr: 0.05375977211303674
rmse_mr: 0.06916280654431504
coverage: 1.0
