Experiment: expname : nonparametric_experiment, data : uniform, n_samples : 5000, mediator_dimension : 1, covariate_dimension : 1, alpha : 0.0, beta : 0.0, stochasticity : 1, gamma : 0.3, noise : uniform, 
Running with estimator : kme_g_computation, regularization : True, sample_splits : 1, reg_lambda : 0.001, reg_lambda_tilde : 0.001, kernel : linear, density : gaussian, bandwidth : 0.3, bandwidth_mode : heuristic, epsilon : 0.1, normalized : True, random_seed : 82, 
bias_direct: 0.16219447268238568
rmse_direct: 0.18425236720509933
bias_indirect: 0.15913609393556385
rmse_indirect: 0.18086664050276727
bias_total: 0.0030583787468218093
rmse_total: 0.004193490008530641
bias_mr: 0.16269859445149934
rmse_mr: 0.18531560877935765
coverage: 0.0
