Experiment: expname : nonparametric_experiment, data : uniform, n_samples : 1000, mediator_dimension : 1, covariate_dimension : 1, alpha : 0.0, beta : 0.0, stochasticity : 1, gamma : 0.3, noise : uniform, 
Running with estimator : kme_g_computation, regularization : True, sample_splits : 1, reg_lambda : 0.001, reg_lambda_tilde : 0.001, kernel : linear, density : conditional_kernel, bandwidth : 0.3, bandwidth_mode : heuristic, epsilon : 0.1, normalized : True, random_seed : 70, 
bias_direct: 0.15335427734117915
rmse_direct: 0.1779059640401614
bias_indirect: 0.14672392835508374
rmse_indirect: 0.1667595734095192
bias_total: 0.02238783991339961
rmse_total: 0.030221478894638994
bias_mr: 0.150963996589857
rmse_mr: 0.17305589083987616
coverage: 0.0
