Experiment: expname : nonparametric_experiment, data : uniform, n_samples : 1000, mediator_dimension : 1, covariate_dimension : 1, alpha : 0.0, beta : 0.0, stochasticity : 1, gamma : 0.3, noise : uniform, 
Running with estimator : ipw, regularization : True, sample_splits : 1, reg_lambda : 0.001, reg_lambda_tilde : 0.001, kernel : linear, density : conditional_kernel, bandwidth : 0.3, bandwidth_mode : heuristic, epsilon : 0.1, normalized : True, random_seed : 36, 
bias_direct: 0.13176162681763393
rmse_direct: 0.14897096052364053
bias_indirect: 0.034521747717576934
rmse_indirect: 0.04224949898941833
bias_total: 0.14329843477188273
rmse_total: 0.16667127972245974
bias_mr: 0.10217294273342112
rmse_mr: 0.13391565559493096
coverage: 0.0
