Experiment: expname : nonparametric_experiment, data : uniform, n_samples : 5000, mediator_dimension : 1, covariate_dimension : 1, alpha : 0.0, beta : 0.0, stochasticity : 1, gamma : 0.3, noise : uniform, 
Running with estimator : ipw, regularization : True, sample_splits : 1, reg_lambda : 0.001, reg_lambda_tilde : 0.001, kernel : gauss, density : conditional_kernel, bandwidth : 0.3, bandwidth_mode : heuristic, epsilon : 0.1, normalized : True, random_seed : 52, 
bias_direct: 0.04598207400301099
rmse_direct: 0.05842709986812145
bias_indirect: 0.03981461899561896
rmse_indirect: 0.0454302743930866
bias_total: 0.05330860258995486
rmse_total: 0.0641683368244436
bias_mr: 0.03078695785570628
rmse_mr: 0.039892288548146825
coverage: 0.0
