Experiment: expname : baselines_experiment, data : uniform, n_samples : 500, mediator_dimension : 1, covariate_dimension : 1, alpha : 0.5, beta : 0.25, stochasticity : 1, gamma : 0.3, noise : uniform, 
Running with estimator : linear, regularization : True, sample_splits : 1, reg_lambda : 0.001, reg_lambda_tilde : 0.001, kernel : gauss, density : gaussian, bandwidth : 0.3, bandwidth_mode : heuristic, epsilon : 0.3, normalized : True, random_seed : 86, 
bias_direct: 0.2619873841743927
rmse_direct: 0.30000714188265754
bias_indirect: 0.001478830995206868
rmse_indirect: 0.001680770041302787
bias_total: 0.26086347261803544
rmse_total: 0.29867017500597626
bias_mr: 0.23679651724316678
rmse_mr: 0.25569318526106416
coverage: 0.0
