Experiment: expname : baselines_experiment, data : uniform, n_samples : 500, mediator_dimension : 1, covariate_dimension : 1, alpha : 0.5, beta : 0.25, stochasticity : 1, gamma : 0.3, noise : uniform, 
Running with estimator : kme_g_computation, regularization : True, sample_splits : 1, reg_lambda : 0.001, reg_lambda_tilde : 0.001, kernel : gauss, density : gaussian, bandwidth : 0.3, bandwidth_mode : heuristic, epsilon : 0.3, normalized : True, random_seed : 25, 
bias_direct: 0.42114183710119657
rmse_direct: 0.5441790535722716
bias_indirect: 0.5220656515484914
rmse_indirect: 0.6594143588840763
bias_total: 0.10964256365032701
rmse_total: 0.166382230011648
bias_mr: 0.45232463102104603
rmse_mr: 0.5770580887562677
coverage: 0.0
