Experiment: expname : nonparametric_experiment, data : uniform, n_samples : 500, mediator_dimension : 1, covariate_dimension : 1, alpha : 0.0, beta : 0.0, stochasticity : 1, gamma : 0.3, noise : uniform, 
Running with estimator : kme_g_computation, regularization : True, sample_splits : 1, reg_lambda : 0.001, reg_lambda_tilde : 0.001, kernel : gauss, density : conditional_kernel, bandwidth : 0.3, bandwidth_mode : heuristic, epsilon : 0.1, normalized : True, random_seed : 56, 
bias_direct: 0.1747639397007482
rmse_direct: 0.19955242511353527
bias_indirect: 0.09406993937278181
rmse_indirect: 0.1437497195003197
bias_total: 0.13362255861842284
rmse_total: 0.16271985196766864
bias_mr: 0.17998993678855207
rmse_mr: 0.1981615387853971
coverage: 0.0
