Experiment: expname : baselines_experiment, data : uniform, n_samples : 500, mediator_dimension : 1, covariate_dimension : 1, alpha : 0.5, beta : 0.25, stochasticity : 1, gamma : 0.3, noise : uniform, 
Running with estimator : linear, regularization : True, sample_splits : 1, reg_lambda : 0.001, reg_lambda_tilde : 0.001, kernel : gauss, density : gaussian, bandwidth : 0.3, bandwidth_mode : heuristic, epsilon : 0.3, normalized : True, random_seed : 21, 
bias_direct: 0.3682577533516174
rmse_direct: 0.41664078375697855
bias_indirect: 0.020945964212186637
rmse_indirect: 0.023806201823027714
bias_total: 0.3892037175638042
rmse_total: 0.438194638033009
bias_mr: 0.3557598096095839
rmse_mr: 0.37912365579199847
coverage: 0.0
