Experiment: expname : nonparametric_experiment, data : uniform, n_samples : 1000, mediator_dimension : 1, covariate_dimension : 1, alpha : 0.0, beta : 0.0, stochasticity : 1, gamma : 0.3, noise : uniform, 
Running with estimator : kme_dml, regularization : True, sample_splits : 1, reg_lambda : 0.001, reg_lambda_tilde : 0.001, kernel : gauss, density : gaussian, bandwidth : 0.3, bandwidth_mode : heuristic, epsilon : 0.1, normalized : True, random_seed : 78, 
bias_direct: 0.029397505318123424
rmse_direct: 0.03941827326361689
bias_indirect: 0.043446673987032766
rmse_indirect: 0.05622743378219788
bias_total: 0.045524700098776995
rmse_total: 0.05822332235503621
bias_mr: 0.028003012259814393
rmse_mr: 0.03473581941400011
coverage: 1.0
