Experiment: expname : nonparametric_experiment, data : uniform, n_samples : 1000, mediator_dimension : 1, covariate_dimension : 1, alpha : 0.0, beta : 0.0, stochasticity : 1, gamma : 0.3, noise : uniform, 
Running with estimator : kme_dml, regularization : True, sample_splits : 1, reg_lambda : 0.001, reg_lambda_tilde : 0.001, kernel : linear, density : conditional_kernel, bandwidth : 0.3, bandwidth_mode : heuristic, epsilon : 0.1, normalized : True, random_seed : 78, 
bias_direct: 0.027022425541674024
rmse_direct: 0.031370794150170335
bias_indirect: 0.024194277930528654
rmse_indirect: 0.03155084937998982
bias_total: 0.046457776961079486
rmse_total: 0.05935684321432124
bias_mr: 0.02982265560966763
rmse_mr: 0.03378782774808053
coverage: 1.0
