Experiment: expname : nonparametric_experiment, data : uniform, n_samples : 1000, mediator_dimension : 1, covariate_dimension : 1, alpha : 0.0, beta : 0.0, stochasticity : 1, gamma : 0.3, noise : uniform, 
Running with estimator : ipw, regularization : True, sample_splits : 1, reg_lambda : 0.001, reg_lambda_tilde : 0.001, kernel : linear, density : conditional_kernel, bandwidth : 0.3, bandwidth_mode : heuristic, epsilon : 0.1, normalized : True, random_seed : 28, 
bias_direct: 0.10693787040963887
rmse_direct: 0.12957403880970808
bias_indirect: 0.013022037991393213
rmse_indirect: 0.01903599002784467
bias_total: 0.10293365205640542
rmse_total: 0.12024184500568175
bias_mr: 0.10797320715637006
rmse_mr: 0.13337609600700223
coverage: 0.0
