Experiment: expname : nonparametric_experiment, data : uniform, n_samples : 1000, mediator_dimension : 1, covariate_dimension : 1, alpha : 0.0, beta : 0.0, stochasticity : 1, gamma : 0.3, noise : uniform, 
Running with estimator : kme_dml, regularization : True, sample_splits : 1, reg_lambda : 0.001, reg_lambda_tilde : 0.001, kernel : gauss, density : gaussian, bandwidth : 0.3, bandwidth_mode : heuristic, epsilon : 0.1, normalized : True, random_seed : 74, 
bias_direct: 0.03744670884209068
rmse_direct: 0.04424894944375309
bias_indirect: 0.013233049455802932
rmse_indirect: 0.023452118716914005
bias_total: 0.04613392144538349
rmse_total: 0.05259465248243659
bias_mr: 0.02726991917988111
rmse_mr: 0.03285451803580542
coverage: 1.0
