Experiment: expname : nonparametric_experiment, data : uniform, n_samples : 500, mediator_dimension : 1, covariate_dimension : 1, alpha : 0.0, beta : 0.0, stochasticity : 1, gamma : 0.3, noise : uniform, 
Running with estimator : kme_g_computation, regularization : True, sample_splits : 1, reg_lambda : 0.001, reg_lambda_tilde : 0.001, kernel : linear, density : gaussian, bandwidth : 0.3, bandwidth_mode : heuristic, epsilon : 0.1, normalized : True, random_seed : 13, 
bias_direct: 0.1558489637847205
rmse_direct: 0.17838197096202993
bias_indirect: 0.1410785621104404
rmse_indirect: 0.16034338034447568
bias_total: 0.015141041745416499
rmse_total: 0.02284621408693662
bias_mr: 0.15910690899886412
rmse_mr: 0.18650384093584624
coverage: 0.0
