Experiment: expname : nonparametric_experiment, data : uniform, n_samples : 1000, mediator_dimension : 1, covariate_dimension : 1, alpha : 0.0, beta : 0.0, stochasticity : 1, gamma : 0.3, noise : uniform, 
Running with estimator : kme_g_computation, regularization : True, sample_splits : 1, reg_lambda : 0.001, reg_lambda_tilde : 0.001, kernel : linear, density : gaussian, bandwidth : 0.3, bandwidth_mode : heuristic, epsilon : 0.1, normalized : True, random_seed : 65, 
bias_direct: 0.159034492757728
rmse_direct: 0.18071702821027252
bias_indirect: 0.18442127432630723
rmse_indirect: 0.20960453019326697
bias_total: 0.025386781568579268
rmse_total: 0.02890355579243347
bias_mr: 0.16069917122045838
rmse_mr: 0.18483386217608266
coverage: 0.0
