Experiment: expname : nonparametric_experiment, data : uniform, n_samples : 5000, mediator_dimension : 1, covariate_dimension : 1, alpha : 0.0, beta : 0.0, stochasticity : 1, gamma : 0.3, noise : uniform, 
Running with estimator : kme_g_computation, regularization : True, sample_splits : 1, reg_lambda : 0.001, reg_lambda_tilde : 0.001, kernel : gauss, density : gaussian, bandwidth : 0.3, bandwidth_mode : heuristic, epsilon : 0.1, normalized : True, random_seed : 80, 
bias_direct: 0.161998635650376
rmse_direct: 0.1834995539942847
bias_indirect: 0.16639435364374375
rmse_indirect: 0.19164917831206552
bias_total: 0.010135650780738328
rmse_total: 0.015006401561981377
bias_mr: 0.16804063662839525
rmse_mr: 0.1915595173092849
coverage: 0.0
