Experiment: expname : baselines_experiment, data : uniform, n_samples : 1000, mediator_dimension : 1, covariate_dimension : 1, alpha : 0.5, beta : 0.25, stochasticity : 1, gamma : 0.3, noise : uniform, 
Running with estimator : kme_dml, regularization : True, sample_splits : 1, reg_lambda : 0.001, reg_lambda_tilde : 0.001, kernel : gauss, density : gaussian, bandwidth : 0.3, bandwidth_mode : heuristic, epsilon : 0.3, normalized : True, random_seed : 59, 
bias_direct: 0.05169255276201881
rmse_direct: 0.06873647724631053
bias_indirect: 0.021934337894210464
rmse_indirect: 0.027750051650668812
bias_total: 0.03790635787828209
rmse_total: 0.046741049006892826
bias_mr: 0.04584476003376436
rmse_mr: 0.051481322256279646
coverage: 1.0
