Experiment: expname : nonparametric_experiment, data : uniform, n_samples : 5000, mediator_dimension : 1, covariate_dimension : 1, alpha : 0.0, beta : 0.0, stochasticity : 1, gamma : 0.3, noise : uniform, 
Running with estimator : kme_dml, regularization : True, sample_splits : 1, reg_lambda : 0.001, reg_lambda_tilde : 0.001, kernel : gauss, density : gaussian, bandwidth : 0.3, bandwidth_mode : heuristic, epsilon : 0.1, normalized : True, random_seed : 9, 
bias_direct: 0.02861634319836135
rmse_direct: 0.034993282645912845
bias_indirect: 0.009886897442675922
rmse_indirect: 0.012054904422075638
bias_total: 0.03311771625420636
rmse_total: 0.03837215987259073
bias_mr: 0.027599476802553775
rmse_mr: 0.037431731533360435
coverage: 1.0
