Experiment: expname : nonparametric_experiment, data : uniform, n_samples : 500, mediator_dimension : 1, covariate_dimension : 1, alpha : 0.0, beta : 0.0, stochasticity : 1, gamma : 0.3, noise : uniform, 
Running with estimator : kme_dml, regularization : True, sample_splits : 1, reg_lambda : 0.001, reg_lambda_tilde : 0.001, kernel : gauss, density : conditional_kernel, bandwidth : 0.3, bandwidth_mode : heuristic, epsilon : 0.1, normalized : True, random_seed : 91, 
bias_direct: 0.03362934252022878
rmse_direct: 0.048699522325885106
bias_indirect: 0.01068131763941182
rmse_indirect: 0.01576846737280157
bias_total: 0.031330188946364815
rmse_total: 0.038666203253542836
bias_mr: 0.06533013114026481
rmse_mr: 0.06960487029372513
coverage: 1.0
