Experiment: expname : nonparametric_experiment, data : uniform, n_samples : 5000, mediator_dimension : 1, covariate_dimension : 1, alpha : 0.0, beta : 0.0, stochasticity : 1, gamma : 0.3, noise : uniform, 
Running with estimator : kme_dml, regularization : True, sample_splits : 1, reg_lambda : 0.001, reg_lambda_tilde : 0.001, kernel : linear, density : conditional_kernel, bandwidth : 0.3, bandwidth_mode : heuristic, epsilon : 0.1, normalized : True, random_seed : 80, 
bias_direct: 0.036655664711020476
rmse_direct: 0.041610385191800055
bias_indirect: 0.005411795238167526
rmse_indirect: 0.0062180234188526085
bias_total: 0.03702460852936803
rmse_total: 0.04222422853905952
bias_mr: 0.023415880587906786
rmse_mr: 0.03041521998778445
coverage: 1.0
