Experiment: expname : baselines_experiment, data : uniform, n_samples : 1000, mediator_dimension : 1, covariate_dimension : 1, alpha : 0.5, beta : 0.25, stochasticity : 1, gamma : 0.3, noise : uniform, 
Running with estimator : kme_g_computation, regularization : True, sample_splits : 1, reg_lambda : 0.001, reg_lambda_tilde : 0.001, kernel : gauss, density : gaussian, bandwidth : 0.3, bandwidth_mode : heuristic, epsilon : 0.3, normalized : True, random_seed : 3, 
bias_direct: 0.3595147907422748
rmse_direct: 0.4665498535831171
bias_indirect: 0.41087760598601764
rmse_indirect: 0.5188119972010583
bias_total: 0.05452508254459419
rmse_total: 0.07095489493457673
bias_mr: 0.39030473757992684
rmse_mr: 0.5089507765857945
coverage: 0.0
