Experiment: expname : nonparametric_experiment, data : uniform, n_samples : 5000, mediator_dimension : 1, covariate_dimension : 1, alpha : 0.0, beta : 0.0, stochasticity : 1, gamma : 0.3, noise : uniform, 
Running with estimator : kme_dml, regularization : True, sample_splits : 1, reg_lambda : 0.001, reg_lambda_tilde : 0.001, kernel : gauss, density : conditional_kernel, bandwidth : 0.3, bandwidth_mode : heuristic, epsilon : 0.1, normalized : True, random_seed : 12, 
bias_direct: 0.03134827308602641
rmse_direct: 0.03782918258676956
bias_indirect: 0.01834196589375699
rmse_indirect: 0.024322333248619824
bias_total: 0.0470110901394094
rmse_total: 0.05489305985660229
bias_mr: 0.017830401586891392
rmse_mr: 0.021627273712305037
coverage: 1.0
