Experiment: expname : baselines_experiment, data : uniform, n_samples : 1000, mediator_dimension : 1, covariate_dimension : 1, alpha : 0.5, beta : 0.25, stochasticity : 1, gamma : 0.3, noise : uniform, 
Running with estimator : ipw, regularization : True, sample_splits : 1, reg_lambda : 0.001, reg_lambda_tilde : 0.001, kernel : gauss, density : gaussian, bandwidth : 0.3, bandwidth_mode : heuristic, epsilon : 0.3, normalized : True, random_seed : 98, 
bias_direct: 0.14199293526906961
rmse_direct: 0.1870416164945786
bias_indirect: 0.06982758620689661
rmse_indirect: 0.07936276378669078
bias_total: 0.12475383907688946
rmse_total: 0.15270767672751204
bias_mr: 0.16158217945521147
rmse_mr: 0.2108629053935139
coverage: 0.0
