Experiment: expname : nonparametric_experiment, data : uniform, n_samples : 1000, mediator_dimension : 1, covariate_dimension : 1, alpha : 0.0, beta : 0.0, stochasticity : 1, gamma : 0.3, noise : uniform, 
Running with estimator : kme_g_computation, regularization : True, sample_splits : 1, reg_lambda : 0.001, reg_lambda_tilde : 0.001, kernel : linear, density : gaussian, bandwidth : 0.3, bandwidth_mode : heuristic, epsilon : 0.1, normalized : True, random_seed : 16, 
bias_direct: 0.16940282567078035
rmse_direct: 0.19239805124599516
bias_indirect: 0.19580403093873464
rmse_indirect: 0.2225417279350488
bias_total: 0.026401205267954295
rmse_total: 0.030499374939827125
bias_mr: 0.17039967826794172
rmse_mr: 0.19501455246605534
coverage: 0.0
