Experiment: expname : nonparametric_experiment, data : uniform, n_samples : 500, mediator_dimension : 1, covariate_dimension : 1, alpha : 0.0, beta : 0.0, stochasticity : 1, gamma : 0.3, noise : uniform, 
Running with estimator : kme_g_computation, regularization : True, sample_splits : 1, reg_lambda : 0.001, reg_lambda_tilde : 0.001, kernel : gauss, density : gaussian, bandwidth : 0.3, bandwidth_mode : heuristic, epsilon : 0.1, normalized : True, random_seed : 90, 
bias_direct: 0.1740640580390761
rmse_direct: 0.2017200453773305
bias_indirect: 0.17230586467263437
rmse_indirect: 0.1892386998638806
bias_total: 0.04376302678192761
rmse_total: 0.057360977931861144
bias_mr: 0.17749596525722486
rmse_mr: 0.20861846057977204
coverage: 0.0
