Experiment: expname : baselines_experiment, data : uniform, n_samples : 5000, mediator_dimension : 1, covariate_dimension : 1, alpha : 0.5, beta : 0.25, stochasticity : 1, gamma : 0.3, noise : uniform, 
Running with estimator : kme_g_computation, regularization : True, sample_splits : 1, reg_lambda : 0.001, reg_lambda_tilde : 0.001, kernel : gauss, density : gaussian, bandwidth : 0.3, bandwidth_mode : heuristic, epsilon : 0.3, normalized : True, random_seed : 30, 
bias_direct: 0.3739168091749515
rmse_direct: 0.4860135270266503
bias_indirect: 0.4042183306975565
rmse_indirect: 0.5254253762956752
bias_total: 0.0385997724427032
rmse_total: 0.05978471037268395
bias_mr: 0.3933050094347966
rmse_mr: 0.5139888565966232
coverage: 0.0
