Experiment: expname : baselines_experiment, data : uniform, n_samples : 500, mediator_dimension : 1, covariate_dimension : 1, alpha : 0.5, beta : 0.25, stochasticity : 1, gamma : 0.3, noise : uniform, 
Running with estimator : linear, regularization : True, sample_splits : 1, reg_lambda : 0.001, reg_lambda_tilde : 0.001, kernel : gauss, density : gaussian, bandwidth : 0.3, bandwidth_mode : heuristic, epsilon : 0.3, normalized : True, random_seed : 26, 
bias_direct: 0.2662371432652455
rmse_direct: 0.30509325169194923
bias_indirect: 0.021552589655178197
rmse_indirect: 0.02449566388744003
bias_total: 0.2498571751273101
rmse_total: 0.28576938594628437
bias_mr: 0.24221270899450784
rmse_mr: 0.2612048023894093
coverage: 0.0
