Experiment: expname : nonparametric_experiment, data : uniform, n_samples : 500, mediator_dimension : 1, covariate_dimension : 1, alpha : 0.0, beta : 0.0, stochasticity : 1, gamma : 0.3, noise : uniform, 
Running with estimator : ipw, regularization : True, sample_splits : 1, reg_lambda : 0.001, reg_lambda_tilde : 0.001, kernel : linear, density : conditional_kernel, bandwidth : 0.3, bandwidth_mode : heuristic, epsilon : 0.1, normalized : True, random_seed : 96, 
bias_direct: 0.20978657384039973
rmse_direct: 0.2535319027190824
bias_indirect: 0.030541573811896525
rmse_indirect: 0.04511664633892901
bias_total: 0.18771850247133762
rmse_total: 0.23148111818251704
bias_mr: 0.12632288381009832
rmse_mr: 0.14837764546274504
coverage: 0.0
