Experiment: expname : nonparametric_experiment, data : uniform, n_samples : 1000, mediator_dimension : 1, covariate_dimension : 1, alpha : 0.0, beta : 0.0, stochasticity : 1, gamma : 0.3, noise : uniform, 
Running with estimator : kme_dml, regularization : True, sample_splits : 1, reg_lambda : 0.001, reg_lambda_tilde : 0.001, kernel : linear, density : gaussian, bandwidth : 0.3, bandwidth_mode : heuristic, epsilon : 0.1, normalized : True, random_seed : 75, 
bias_direct: 0.07039173049001538
rmse_direct: 0.08248568479824382
bias_indirect: 0.013131800501717764
rmse_indirect: 0.016886122425725125
bias_total: 0.06943371827300651
rmse_total: 0.08703349729374821
bias_mr: 0.04779293922328045
rmse_mr: 0.05983185668666671
coverage: 1.0
