Experiment: expname : nonparametric_experiment, data : uniform, n_samples : 500, mediator_dimension : 1, covariate_dimension : 1, alpha : 0.0, beta : 0.0, stochasticity : 1, gamma : 0.3, noise : uniform, 
Running with estimator : ipw, regularization : True, sample_splits : 1, reg_lambda : 0.001, reg_lambda_tilde : 0.001, kernel : gauss, density : gaussian, bandwidth : 0.3, bandwidth_mode : heuristic, epsilon : 0.1, normalized : True, random_seed : 71, 
bias_direct: 0.1782304807676853
rmse_direct: 0.22110125422728918
bias_indirect: 0.0698275862068966
rmse_indirect: 0.07936276378669078
bias_total: 0.18164495932444294
rmse_total: 0.20854349242312492
bias_mr: 0.12107211377109087
rmse_mr: 0.13324100130758565
coverage: 0.0
