Experiment: expname : nonparametric_experiment, data : uniform, n_samples : 5000, mediator_dimension : 1, covariate_dimension : 1, alpha : 0.0, beta : 0.0, stochasticity : 1, gamma : 0.3, noise : uniform, 
Running with estimator : kme_dml, regularization : True, sample_splits : 1, reg_lambda : 0.001, reg_lambda_tilde : 0.001, kernel : linear, density : gaussian, bandwidth : 0.3, bandwidth_mode : heuristic, epsilon : 0.1, normalized : True, random_seed : 92, 
bias_direct: 0.02416721943976373
rmse_direct: 0.030983117046944328
bias_indirect: 0.010377025383471754
rmse_indirect: 0.013484086439674843
bias_total: 0.02029087626469803
rmse_total: 0.02718269091022447
bias_mr: 0.018307648103283038
rmse_mr: 0.023952423004892386
coverage: 1.0
