Experiment: expname : nonparametric_experiment, data : uniform, n_samples : 1000, mediator_dimension : 1, covariate_dimension : 1, alpha : 0.0, beta : 0.0, stochasticity : 1, gamma : 0.3, noise : uniform, 
Running with estimator : kme_g_computation, regularization : True, sample_splits : 1, reg_lambda : 0.001, reg_lambda_tilde : 0.001, kernel : linear, density : conditional_kernel, bandwidth : 0.3, bandwidth_mode : heuristic, epsilon : 0.1, normalized : True, random_seed : 13, 
bias_direct: 0.15288798239737458
rmse_direct: 0.1736051604841856
bias_indirect: 0.11698253740175002
rmse_indirect: 0.13295684380203227
bias_total: 0.03590544499562457
rmse_total: 0.04112068845221452
bias_mr: 0.15347104896672006
rmse_mr: 0.17445614187279493
coverage: 0.0
