Experiment: expname : nonparametric_experiment, data : uniform, n_samples : 500, mediator_dimension : 1, covariate_dimension : 1, alpha : 0.0, beta : 0.0, stochasticity : 1, gamma : 0.3, noise : uniform, 
Running with estimator : ipw, regularization : True, sample_splits : 1, reg_lambda : 0.001, reg_lambda_tilde : 0.001, kernel : gauss, density : conditional_kernel, bandwidth : 0.3, bandwidth_mode : heuristic, epsilon : 0.1, normalized : True, random_seed : 73, 
bias_direct: 0.23469162410714042
rmse_direct: 0.26450186472563997
bias_indirect: 0.02147727955773658
rmse_indirect: 0.029728527699906568
bias_total: 0.2304350808572515
rmse_total: 0.25431448654161953
bias_mr: 0.11883470793512595
rmse_mr: 0.1454893483729882
coverage: 0.0
