Experiment: expname : nonparametric_experiment, data : uniform, n_samples : 1000, mediator_dimension : 1, covariate_dimension : 1, alpha : 0.0, beta : 0.0, stochasticity : 1, gamma : 0.3, noise : uniform, 
Running with estimator : ipw, regularization : True, sample_splits : 1, reg_lambda : 0.001, reg_lambda_tilde : 0.001, kernel : gauss, density : gaussian, bandwidth : 0.3, bandwidth_mode : heuristic, epsilon : 0.1, normalized : True, random_seed : 25, 
bias_direct: 0.1445213341165082
rmse_direct: 0.1922045789618052
bias_indirect: 0.0698275862068966
rmse_indirect: 0.0793627637866908
bias_total: 0.14854454674994957
rmse_total: 0.16799492934064764
bias_mr: 0.1283324322520525
rmse_mr: 0.1400919968878904
coverage: 0.0
