Experiment: expname : nonparametric_experiment, data : uniform, n_samples : 1000, mediator_dimension : 1, covariate_dimension : 1, alpha : 0.0, beta : 0.0, stochasticity : 1, gamma : 0.3, noise : uniform, 
Running with estimator : ipw, regularization : True, sample_splits : 1, reg_lambda : 0.001, reg_lambda_tilde : 0.001, kernel : linear, density : gaussian, bandwidth : 0.3, bandwidth_mode : heuristic, epsilon : 0.1, normalized : True, random_seed : 53, 
bias_direct: 0.07725249906762004
rmse_direct: 0.09367402453864418
bias_indirect: 0.06982758620689661
rmse_indirect: 0.07936276378669078
bias_total: 0.10857886699202052
rmse_total: 0.14048288780575627
bias_mr: 0.07516671907362209
rmse_mr: 0.09189984648117311
coverage: 0.0
