Experiment: expname : nonparametric_experiment, data : uniform, n_samples : 1000, mediator_dimension : 1, covariate_dimension : 1, alpha : 0.0, beta : 0.0, stochasticity : 1, gamma : 0.3, noise : uniform, 
Running with estimator : ipw, regularization : True, sample_splits : 1, reg_lambda : 0.001, reg_lambda_tilde : 0.001, kernel : gauss, density : conditional_kernel, bandwidth : 0.3, bandwidth_mode : heuristic, epsilon : 0.1, normalized : True, random_seed : 56, 
bias_direct: 0.2123579868387701
rmse_direct: 0.2532430552433057
bias_indirect: 0.05024944489751582
rmse_indirect: 0.06865793754496204
bias_total: 0.187864157568464
rmse_total: 0.22486792091840632
bias_mr: 0.14499066848472644
rmse_mr: 0.18166968542891548
coverage: 0.0
