Experiment: expname : nonparametric_experiment, data : uniform, n_samples : 500, mediator_dimension : 1, covariate_dimension : 1, alpha : 0.0, beta : 0.0, stochasticity : 1, gamma : 0.3, noise : uniform, 
Running with estimator : kme_dml, regularization : True, sample_splits : 1, reg_lambda : 0.001, reg_lambda_tilde : 0.001, kernel : gauss, density : conditional_kernel, bandwidth : 0.3, bandwidth_mode : heuristic, epsilon : 0.1, normalized : True, random_seed : 96, 
bias_direct: 0.17928126963371666
rmse_direct: 0.21341506768467344
bias_indirect: 0.029839812361710415
rmse_indirect: 0.04060275307386834
bias_total: 0.15730100661763663
rmse_total: 0.19078511307000823
bias_mr: 0.09319896383829826
rmse_mr: 0.10635897065027061
coverage: 1.0
