Experiment: expname : nonparametric_experiment, data : uniform, n_samples : 5000, mediator_dimension : 1, covariate_dimension : 1, alpha : 0.0, beta : 0.0, stochasticity : 1, gamma : 0.3, noise : uniform, 
Running with estimator : ipw, regularization : True, sample_splits : 1, reg_lambda : 0.001, reg_lambda_tilde : 0.001, kernel : gauss, density : conditional_kernel, bandwidth : 0.3, bandwidth_mode : heuristic, epsilon : 0.1, normalized : True, random_seed : 44, 
bias_direct: 0.0806065756436811
rmse_direct: 0.0977421640726535
bias_indirect: 0.03351472096274837
rmse_indirect: 0.03830556209093893
bias_total: 0.07205997333712719
rmse_total: 0.08392538671555194
bias_mr: 0.06576927394921359
rmse_mr: 0.07977694215236819
coverage: 0.0
