Experiment: expname : baselines_experiment, data : uniform, n_samples : 5000, mediator_dimension : 1, covariate_dimension : 1, alpha : 0.5, beta : 0.25, stochasticity : 1, gamma : 0.3, noise : uniform, 
Running with estimator : linear, regularization : True, sample_splits : 1, reg_lambda : 0.001, reg_lambda_tilde : 0.001, kernel : gauss, density : gaussian, bandwidth : 0.3, bandwidth_mode : heuristic, epsilon : 0.3, normalized : True, random_seed : 76, 
bias_direct: 0.32879873398342907
rmse_direct: 0.3758169166828878
bias_indirect: 0.003080624236681692
rmse_indirect: 0.0035012932122115478
bias_total: 0.3261014763184233
rmse_total: 0.3727543541008991
bias_mr: 0.31639256715853514
rmse_mr: 0.33637622394951094
coverage: 0.0
