Experiment: expname : nonparametric_experiment, data : uniform, n_samples : 5000, mediator_dimension : 1, covariate_dimension : 1, alpha : 0.0, beta : 0.0, stochasticity : 1, gamma : 0.3, noise : uniform, 
Running with estimator : ipw, regularization : True, sample_splits : 1, reg_lambda : 0.001, reg_lambda_tilde : 0.001, kernel : linear, density : conditional_kernel, bandwidth : 0.3, bandwidth_mode : heuristic, epsilon : 0.1, normalized : True, random_seed : 5, 
bias_direct: 0.06936136192163092
rmse_direct: 0.08632113959010972
bias_indirect: 0.030252214554859422
rmse_indirect: 0.03867232003019372
bias_total: 0.057805935115730955
rmse_total: 0.07185518870585403
bias_mr: 0.04730226447202584
rmse_mr: 0.05847399794207477
coverage: 0.0
