Experiment: expname : baselines_experiment, data : uniform, n_samples : 500, mediator_dimension : 1, covariate_dimension : 1, alpha : 0.5, beta : 0.25, stochasticity : 1, gamma : 0.3, noise : uniform, 
Running with estimator : ipw, regularization : True, sample_splits : 1, reg_lambda : 0.001, reg_lambda_tilde : 0.001, kernel : gauss, density : gaussian, bandwidth : 0.3, bandwidth_mode : heuristic, epsilon : 0.3, normalized : True, random_seed : 28, 
bias_direct: 0.17530295305121066
rmse_direct: 0.19575948314881844
bias_indirect: 0.06982758620689661
rmse_indirect: 0.07936276378669077
bias_total: 0.17667857950766844
rmse_total: 0.20560083259862005
bias_mr: 0.20771679631039544
rmse_mr: 0.24621984064626196
coverage: 0.0
