Experiment: expname : nonparametric_experiment, data : uniform, n_samples : 1000, mediator_dimension : 1, covariate_dimension : 1, alpha : 0.0, beta : 0.0, stochasticity : 1, gamma : 0.3, noise : uniform, 
Running with estimator : kme_dml, regularization : True, sample_splits : 1, reg_lambda : 0.001, reg_lambda_tilde : 0.001, kernel : linear, density : conditional_kernel, bandwidth : 0.3, bandwidth_mode : heuristic, epsilon : 0.1, normalized : True, random_seed : 97, 
bias_direct: 0.06979306995937669
rmse_direct: 0.09194038192642437
bias_indirect: 0.05390954227750528
rmse_indirect: 0.05587097690715381
bias_total: 0.04080444182232898
rmse_total: 0.05781587789725215
bias_mr: 0.1380818600843945
rmse_mr: 0.15219552779523066
coverage: 0.6896551724137931
