Experiment: expname : baselines_experiment, data : uniform, n_samples : 500, mediator_dimension : 1, covariate_dimension : 1, alpha : 0.5, beta : 0.25, stochasticity : 1, gamma : 0.3, noise : uniform, 
Running with estimator : linear, regularization : True, sample_splits : 1, reg_lambda : 0.001, reg_lambda_tilde : 0.001, kernel : gauss, density : gaussian, bandwidth : 0.3, bandwidth_mode : heuristic, epsilon : 0.3, normalized : True, random_seed : 51, 
bias_direct: 0.36935450168409145
rmse_direct: 0.4177632944293267
bias_indirect: 0.030339749565378098
rmse_indirect: 0.03448273825433539
bias_total: 0.33901475211871335
rmse_total: 0.38699092779791533
bias_mr: 0.358352931453375
rmse_mr: 0.3809851763817862
coverage: 0.0
