Experiment: expname : baselines_experiment, data : uniform, n_samples : 5000, mediator_dimension : 1, covariate_dimension : 1, alpha : 0.5, beta : 0.25, stochasticity : 1, gamma : 0.3, noise : uniform, 
Running with estimator : kme_dml, regularization : True, sample_splits : 1, reg_lambda : 0.001, reg_lambda_tilde : 0.001, kernel : gauss, density : gaussian, bandwidth : 0.3, bandwidth_mode : heuristic, epsilon : 0.3, normalized : True, random_seed : 25, 
bias_direct: 0.04888527732356267
rmse_direct: 0.059363778264009015
bias_indirect: 0.010396793640061986
rmse_indirect: 0.017369733981988947
bias_total: 0.04107095511403774
rmse_total: 0.046610075177421884
bias_mr: 0.03193695306226146
rmse_mr: 0.0389963821464339
coverage: 1.0
