Experiment: expname : nonparametric_experiment, data : uniform, n_samples : 500, mediator_dimension : 1, covariate_dimension : 1, alpha : 0.0, beta : 0.0, stochasticity : 1, gamma : 0.3, noise : uniform, 
Running with estimator : kme_g_computation, regularization : True, sample_splits : 1, reg_lambda : 0.001, reg_lambda_tilde : 0.001, kernel : gauss, density : conditional_kernel, bandwidth : 0.3, bandwidth_mode : heuristic, epsilon : 0.1, normalized : True, random_seed : 65, 
bias_direct: 0.18797245856086825
rmse_direct: 0.2116560362037392
bias_indirect: 0.2552915573777875
rmse_indirect: 0.2809784823580066
bias_total: 0.07410055519843968
rmse_total: 0.0969213147227167
bias_mr: 0.18014814277715693
rmse_mr: 0.21178602022629722
coverage: 0.0
