Experiment: expname : baselines_experiment, data : uniform, n_samples : 5000, mediator_dimension : 1, covariate_dimension : 1, alpha : 0.5, beta : 0.25, stochasticity : 1, gamma : 0.3, noise : uniform, 
Running with estimator : linear, regularization : True, sample_splits : 1, reg_lambda : 0.001, reg_lambda_tilde : 0.001, kernel : gauss, density : gaussian, bandwidth : 0.3, bandwidth_mode : heuristic, epsilon : 0.3, normalized : True, random_seed : 63, 
bias_direct: 0.3113993006977558
rmse_direct: 0.35620314276171794
bias_indirect: 0.003300255517637609
rmse_indirect: 0.003750915838705133
bias_total: 0.30850974364453526
rmse_total: 0.3529802547022838
bias_mr: 0.2962212288638468
rmse_mr: 0.31552739073357505
coverage: 0.0
