Experiment: expname : nonparametric_experiment, data : uniform, n_samples : 5000, mediator_dimension : 1, covariate_dimension : 1, alpha : 0.0, beta : 0.0, stochasticity : 1, gamma : 0.3, noise : uniform, 
Running with estimator : kme_g_computation, regularization : True, sample_splits : 1, reg_lambda : 0.001, reg_lambda_tilde : 0.001, kernel : linear, density : conditional_kernel, bandwidth : 0.3, bandwidth_mode : heuristic, epsilon : 0.1, normalized : True, random_seed : 23, 
bias_direct: 0.16560322783979056
rmse_direct: 0.18860998900221418
bias_indirect: 0.15109272349820344
rmse_indirect: 0.17172492219573007
bias_total: 0.014510504341587188
rmse_total: 0.01799580797449858
bias_mr: 0.16446386532295515
rmse_mr: 0.18777421814048625
coverage: 0.0
