Experiment: expname : nonparametric_experiment, data : uniform, n_samples : 1000, mediator_dimension : 1, covariate_dimension : 1, alpha : 0.0, beta : 0.0, stochasticity : 1, gamma : 0.3, noise : uniform, 
Running with estimator : kme_dml, regularization : True, sample_splits : 1, reg_lambda : 0.001, reg_lambda_tilde : 0.001, kernel : linear, density : gaussian, bandwidth : 0.3, bandwidth_mode : heuristic, epsilon : 0.1, normalized : True, random_seed : 61, 
bias_direct: 0.06942889085681919
rmse_direct: 0.08211542034925326
bias_indirect: 0.017576732921279623
rmse_indirect: 0.020502475335528587
bias_total: 0.06581744129987596
rmse_total: 0.08193532645967369
bias_mr: 0.07479222241714495
rmse_mr: 0.0992528178543322
coverage: 0.8620689655172413
