Experiment: expname : nonparametric_experiment, data : uniform, n_samples : 5000, mediator_dimension : 1, covariate_dimension : 1, alpha : 0.0, beta : 0.0, stochasticity : 1, gamma : 0.3, noise : uniform, 
Running with estimator : kme_g_computation, regularization : True, sample_splits : 1, reg_lambda : 0.001, reg_lambda_tilde : 0.001, kernel : gauss, density : conditional_kernel, bandwidth : 0.3, bandwidth_mode : heuristic, epsilon : 0.1, normalized : True, random_seed : 64, 
bias_direct: 0.1639304125559215
rmse_direct: 0.18457305619844205
bias_indirect: 0.18606472069492366
rmse_indirect: 0.21288807419323105
bias_total: 0.022171651162231593
rmse_total: 0.029344558847810762
bias_mr: 0.166057718294826
rmse_mr: 0.18821193952868243
coverage: 0.0
