Experiment: expname : nonparametric_experiment, data : uniform, n_samples : 1000, mediator_dimension : 1, covariate_dimension : 1, alpha : 0.0, beta : 0.0, stochasticity : 1, gamma : 0.3, noise : uniform, 
Running with estimator : kme_dml, regularization : True, sample_splits : 1, reg_lambda : 0.001, reg_lambda_tilde : 0.001, kernel : linear, density : gaussian, bandwidth : 0.3, bandwidth_mode : heuristic, epsilon : 0.1, normalized : True, random_seed : 1, 
bias_direct: 0.04724878048853359
rmse_direct: 0.05995319353397306
bias_indirect: 0.024779453900293676
rmse_indirect: 0.027950999308291504
bias_total: 0.05060124637978973
rmse_total: 0.0715814567214704
bias_mr: 0.08405550041739417
rmse_mr: 0.09424021450185871
coverage: 1.0
