Experiment: expname : nonparametric_experiment, data : uniform, n_samples : 1000, mediator_dimension : 1, covariate_dimension : 1, alpha : 0.0, beta : 0.0, stochasticity : 1, gamma : 0.3, noise : uniform, 
Running with estimator : kme_dml, regularization : True, sample_splits : 1, reg_lambda : 0.001, reg_lambda_tilde : 0.001, kernel : linear, density : gaussian, bandwidth : 0.3, bandwidth_mode : heuristic, epsilon : 0.1, normalized : True, random_seed : 48, 
bias_direct: 0.048890563479409406
rmse_direct: 0.06097068461946153
bias_indirect: 0.02841123867538893
rmse_indirect: 0.03252233458438256
bias_total: 0.059895393005578466
rmse_total: 0.08133534269563884
bias_mr: 0.09160183368424965
rmse_mr: 0.10340373862950616
coverage: 0.8620689655172413
