Experiment: expname : nonparametric_experiment, data : uniform, n_samples : 1000, mediator_dimension : 1, covariate_dimension : 1, alpha : 0.0, beta : 0.0, stochasticity : 1, gamma : 0.3, noise : uniform, 
Running with estimator : kme_g_computation, regularization : True, sample_splits : 1, reg_lambda : 0.001, reg_lambda_tilde : 0.001, kernel : gauss, density : gaussian, bandwidth : 0.3, bandwidth_mode : heuristic, epsilon : 0.1, normalized : True, random_seed : 27, 
bias_direct: 0.1348468725219831
rmse_direct: 0.15007717909271892
bias_indirect: 0.14861342255546386
rmse_indirect: 0.19463389672322767
bias_total: 0.0666778384475379
rmse_total: 0.08854941496553505
bias_mr: 0.17016123034316907
rmse_mr: 0.2032320694460264
coverage: 0.0
