Experiment: expname : nonparametric_experiment, data : uniform, n_samples : 500, mediator_dimension : 1, covariate_dimension : 1, alpha : 0.0, beta : 0.0, stochasticity : 1, gamma : 0.3, noise : uniform, 
Running with estimator : kme_g_computation, regularization : True, sample_splits : 1, reg_lambda : 0.001, reg_lambda_tilde : 0.001, kernel : linear, density : gaussian, bandwidth : 0.3, bandwidth_mode : heuristic, epsilon : 0.1, normalized : True, random_seed : 43, 
bias_direct: 0.18625318227602108
rmse_direct: 0.2114862284832783
bias_indirect: 0.12769645289206769
rmse_indirect: 0.14513380062024492
bias_total: 0.05855672938395343
rmse_total: 0.06676238867459228
bias_mr: 0.2011708331643736
rmse_mr: 0.23978688499718637
coverage: 0.0
