Experiment: expname : nonparametric_experiment, data : uniform, n_samples : 500, mediator_dimension : 1, covariate_dimension : 1, alpha : 0.0, beta : 0.0, stochasticity : 1, gamma : 0.3, noise : uniform, 
Running with estimator : kme_dml, regularization : True, sample_splits : 1, reg_lambda : 0.001, reg_lambda_tilde : 0.001, kernel : gauss, density : gaussian, bandwidth : 0.3, bandwidth_mode : heuristic, epsilon : 0.1, normalized : True, random_seed : 57, 
bias_direct: 0.0659416108315771
rmse_direct: 0.07668304652623324
bias_indirect: 0.01320340034148536
rmse_indirect: 0.01723505180325021
bias_total: 0.05817182071570188
rmse_total: 0.06922533487614678
bias_mr: 0.0856089801560861
rmse_mr: 0.12082886901244488
coverage: 0.7931034482758621
