Experiment: expname : nonparametric_experiment, data : uniform, n_samples : 1000, mediator_dimension : 1, covariate_dimension : 1, alpha : 0.0, beta : 0.0, stochasticity : 1, gamma : 0.3, noise : uniform, 
Running with estimator : kme_g_computation, regularization : True, sample_splits : 1, reg_lambda : 0.001, reg_lambda_tilde : 0.001, kernel : gauss, density : conditional_kernel, bandwidth : 0.3, bandwidth_mode : heuristic, epsilon : 0.1, normalized : True, random_seed : 10, 
bias_direct: 0.14508612459109396
rmse_direct: 0.17069107275824613
bias_indirect: 0.1699890853426715
rmse_indirect: 0.20824506392820313
bias_total: 0.029532442008604373
rmse_total: 0.04091904065885481
bias_mr: 0.13693897370738686
rmse_mr: 0.15952634740427107
coverage: 0.0
