Experiment: expname : baselines_experiment, data : uniform, n_samples : 5000, mediator_dimension : 1, covariate_dimension : 1, alpha : 0.5, beta : 0.25, stochasticity : 1, gamma : 0.3, noise : uniform, 
Running with estimator : kme_g_computation, regularization : True, sample_splits : 1, reg_lambda : 0.001, reg_lambda_tilde : 0.001, kernel : gauss, density : gaussian, bandwidth : 0.3, bandwidth_mode : heuristic, epsilon : 0.3, normalized : True, random_seed : 70, 
bias_direct: 0.3692588406444778
rmse_direct: 0.48056408271785944
bias_indirect: 0.4028469210035205
rmse_indirect: 0.5272082344090437
bias_total: 0.04036143254341984
rmse_total: 0.06077656863998114
bias_mr: 0.39262445931815604
rmse_mr: 0.5123275625625189
coverage: 0.0
