Experiment: expname : baselines_experiment, data : uniform, n_samples : 5000, mediator_dimension : 1, covariate_dimension : 1, alpha : 0.5, beta : 0.25, stochasticity : 1, gamma : 0.3, noise : uniform, 
Running with estimator : kme_g_computation, regularization : True, sample_splits : 1, reg_lambda : 0.001, reg_lambda_tilde : 0.001, kernel : gauss, density : gaussian, bandwidth : 0.3, bandwidth_mode : heuristic, epsilon : 0.3, normalized : True, random_seed : 94, 
bias_direct: 0.3697916140404691
rmse_direct: 0.48357098532712606
bias_indirect: 0.39350420900565014
rmse_indirect: 0.515898711476518
bias_total: 0.03859816663355979
rmse_total: 0.05917211621999588
bias_mr: 0.3916933307042797
rmse_mr: 0.5091619190334342
coverage: 0.0
