Experiment: expname : nonparametric_experiment, data : uniform, n_samples : 500, mediator_dimension : 1, covariate_dimension : 1, alpha : 0.0, beta : 0.0, stochasticity : 1, gamma : 0.3, noise : uniform, 
Running with estimator : kme_dml, regularization : True, sample_splits : 1, reg_lambda : 0.001, reg_lambda_tilde : 0.001, kernel : gauss, density : conditional_kernel, bandwidth : 0.3, bandwidth_mode : heuristic, epsilon : 0.1, normalized : True, random_seed : 40, 
bias_direct: 0.061701642487110235
rmse_direct: 0.08224940378094835
bias_indirect: 0.03941599800790146
rmse_indirect: 0.06228335355582854
bias_total: 0.06520237410634622
rmse_total: 0.08137544701729285
bias_mr: 0.1327909046304035
rmse_mr: 0.15018496157995287
coverage: 0.5517241379310345
