Experiment: expname : nonparametric_experiment, data : uniform, n_samples : 500, mediator_dimension : 1, covariate_dimension : 1, alpha : 0.0, beta : 0.0, stochasticity : 1, gamma : 0.3, noise : uniform, 
Running with estimator : ipw, regularization : True, sample_splits : 1, reg_lambda : 0.001, reg_lambda_tilde : 0.001, kernel : linear, density : conditional_kernel, bandwidth : 0.3, bandwidth_mode : heuristic, epsilon : 0.1, normalized : True, random_seed : 29, 
bias_direct: 0.19119323133057053
rmse_direct: 0.230332534150761
bias_indirect: 0.053733419935799435
rmse_indirect: 0.06364770621191917
bias_total: 0.19441680722102633
rmse_total: 0.22258148420012558
bias_mr: 0.12137771803699235
rmse_mr: 0.15279074101659781
coverage: 0.0
