Experiment: expname : nonparametric_experiment, data : uniform, n_samples : 500, mediator_dimension : 1, covariate_dimension : 1, alpha : 0.0, beta : 0.0, stochasticity : 1, gamma : 0.3, noise : uniform, 
Running with estimator : kme_dml, regularization : True, sample_splits : 1, reg_lambda : 0.001, reg_lambda_tilde : 0.001, kernel : gauss, density : conditional_kernel, bandwidth : 0.3, bandwidth_mode : heuristic, epsilon : 0.1, normalized : True, random_seed : 36, 
bias_direct: 0.05507436518556021
rmse_direct: 0.06645903077383213
bias_indirect: 0.032718368487026
rmse_indirect: 0.0381485207125387
bias_total: 0.037147318163104945
rmse_total: 0.0409791801044414
bias_mr: 0.046092575858926496
rmse_mr: 0.05314177951770564
coverage: 1.0
