Experiment: expname : baselines_experiment, data : uniform, n_samples : 5000, mediator_dimension : 1, covariate_dimension : 1, alpha : 0.5, beta : 0.25, stochasticity : 1, gamma : 0.3, noise : uniform, 
Running with estimator : ipw, regularization : True, sample_splits : 1, reg_lambda : 0.001, reg_lambda_tilde : 0.001, kernel : gauss, density : gaussian, bandwidth : 0.3, bandwidth_mode : heuristic, epsilon : 0.3, normalized : True, random_seed : 30, 
bias_direct: 0.07842132636133568
rmse_direct: 0.09420058754830961
bias_indirect: 0.0698275862068966
rmse_indirect: 0.0793627637866908
bias_total: 0.04447206840352338
rmse_total: 0.05763749859050113
bias_mr: 0.1539020311941398
rmse_mr: 0.2015149865870623
coverage: 0.0
