Experiment: expname : baselines_experiment, data : uniform, n_samples : 500, mediator_dimension : 1, covariate_dimension : 1, alpha : 0.5, beta : 0.25, stochasticity : 1, gamma : 0.3, noise : uniform, 
Running with estimator : kme_g_computation, regularization : True, sample_splits : 1, reg_lambda : 0.001, reg_lambda_tilde : 0.001, kernel : gauss, density : gaussian, bandwidth : 0.3, bandwidth_mode : heuristic, epsilon : 0.3, normalized : True, random_seed : 87, 
bias_direct: 0.40346411491469253
rmse_direct: 0.5140096459005101
bias_indirect: 0.43435962076524426
rmse_indirect: 0.5531186277808995
bias_total: 0.03258292761694764
rmse_total: 0.046947145139684905
bias_mr: 0.4156622965328368
rmse_mr: 0.5330164063669255
coverage: 0.0
