Experiment: expname : nonparametric_experiment, data : uniform, n_samples : 500, mediator_dimension : 1, covariate_dimension : 1, alpha : 0.0, beta : 0.0, stochasticity : 1, gamma : 0.3, noise : uniform, 
Running with estimator : kme_g_computation, regularization : True, sample_splits : 1, reg_lambda : 0.001, reg_lambda_tilde : 0.001, kernel : linear, density : conditional_kernel, bandwidth : 0.3, bandwidth_mode : heuristic, epsilon : 0.1, normalized : True, random_seed : 80, 
bias_direct: 0.16835542642895143
rmse_direct: 0.19123364066034923
bias_indirect: 0.18662266456918353
rmse_indirect: 0.2121065569920354
bias_total: 0.018267238140232064
rmse_total: 0.025130046119190834
bias_mr: 0.18209765847989698
rmse_mr: 0.21700680554419566
coverage: 0.0
