Experiment: expname : nonparametric_experiment, data : uniform, n_samples : 1000, mediator_dimension : 1, covariate_dimension : 1, alpha : 0.0, beta : 0.0, stochasticity : 1, gamma : 0.3, noise : uniform, 
Running with estimator : kme_dml, regularization : True, sample_splits : 1, reg_lambda : 0.001, reg_lambda_tilde : 0.001, kernel : gauss, density : conditional_kernel, bandwidth : 0.3, bandwidth_mode : heuristic, epsilon : 0.1, normalized : True, random_seed : 26, 
bias_direct: 0.03936127775573701
rmse_direct: 0.057126949317915274
bias_indirect: 0.01568264949380746
rmse_indirect: 0.017377592467115947
bias_total: 0.049127903486752264
rmse_total: 0.06996956485441773
bias_mr: 0.047020893874848146
rmse_mr: 0.05133952680595816
coverage: 1.0
