Experiment: expname : nonparametric_experiment, data : uniform, n_samples : 5000, mediator_dimension : 1, covariate_dimension : 1, alpha : 0.0, beta : 0.0, stochasticity : 1, gamma : 0.3, noise : uniform, 
Running with estimator : ipw, regularization : True, sample_splits : 1, reg_lambda : 0.001, reg_lambda_tilde : 0.001, kernel : gauss, density : conditional_kernel, bandwidth : 0.3, bandwidth_mode : heuristic, epsilon : 0.1, normalized : True, random_seed : 18, 
bias_direct: 0.048953763264830634
rmse_direct: 0.0721271264040342
bias_indirect: 0.023912765702730536
rmse_indirect: 0.028236737044961522
bias_total: 0.05261903940701687
rmse_total: 0.07214470585071765
bias_mr: 0.04884128297707368
rmse_mr: 0.058193095118581784
coverage: 0.0
