Experiment: expname : nonparametric_experiment, data : uniform, n_samples : 500, mediator_dimension : 1, covariate_dimension : 1, alpha : 0.0, beta : 0.0, stochasticity : 1, gamma : 0.3, noise : uniform, 
Running with estimator : kme_g_computation, regularization : True, sample_splits : 1, reg_lambda : 0.001, reg_lambda_tilde : 0.001, kernel : gauss, density : gaussian, bandwidth : 0.3, bandwidth_mode : heuristic, epsilon : 0.1, normalized : True, random_seed : 79, 
bias_direct: 0.1698990673708626
rmse_direct: 0.20271876407742326
bias_indirect: 0.20501253688524035
rmse_indirect: 0.2440664959181573
bias_total: 0.0537226275633148
rmse_total: 0.06793582206431101
bias_mr: 0.1681601821763119
rmse_mr: 0.20503822737554595
coverage: 0.0
