Experiment: expname : nonparametric_experiment, data : uniform, n_samples : 1000, mediator_dimension : 1, covariate_dimension : 1, alpha : 0.0, beta : 0.0, stochasticity : 1, gamma : 0.3, noise : uniform, 
Running with estimator : ipw, regularization : True, sample_splits : 1, reg_lambda : 0.001, reg_lambda_tilde : 0.001, kernel : linear, density : conditional_kernel, bandwidth : 0.3, bandwidth_mode : heuristic, epsilon : 0.1, normalized : True, random_seed : 97, 
bias_direct: 0.06699899478362252
rmse_direct: 0.08494935234333914
bias_indirect: 0.013692373726040787
rmse_indirect: 0.016286591659440835
bias_total: 0.07313321815611878
rmse_total: 0.09526393327738633
bias_mr: 0.14935735574976292
rmse_mr: 0.16496828236613142
coverage: 0.0
