Experiment: expname : baselines_experiment, data : uniform, n_samples : 500, mediator_dimension : 1, covariate_dimension : 1, alpha : 0.5, beta : 0.25, stochasticity : 1, gamma : 0.3, noise : uniform, 
Running with estimator : ipw, regularization : True, sample_splits : 1, reg_lambda : 0.001, reg_lambda_tilde : 0.001, kernel : gauss, density : gaussian, bandwidth : 0.3, bandwidth_mode : heuristic, epsilon : 0.3, normalized : True, random_seed : 92, 
bias_direct: 0.5059111468719433
rmse_direct: 0.5639923691478158
bias_indirect: 0.0698275862068966
rmse_indirect: 0.0793627637866908
bias_total: 0.5105663192857364
rmse_total: 0.5546877534881958
bias_mr: 0.2907449517266248
rmse_mr: 0.33541243692352724
coverage: 0.0
