Experiment: expname : baselines_experiment, data : uniform, n_samples : 1000, mediator_dimension : 1, covariate_dimension : 1, alpha : 0.5, beta : 0.25, stochasticity : 1, gamma : 0.3, noise : uniform, 
Running with estimator : kme_g_computation, regularization : True, sample_splits : 1, reg_lambda : 0.001, reg_lambda_tilde : 0.001, kernel : gauss, density : gaussian, bandwidth : 0.3, bandwidth_mode : heuristic, epsilon : 0.3, normalized : True, random_seed : 82, 
bias_direct: 0.39239302487698435
rmse_direct: 0.5146698345555467
bias_indirect: 0.4193003073260121
rmse_indirect: 0.5462828248319885
bias_total: 0.08275342858841629
rmse_total: 0.10777792581052015
bias_mr: 0.39636650480245084
rmse_mr: 0.5059065185829583
coverage: 0.0
