Experiment: expname : nonparametric_experiment, data : uniform, n_samples : 1000, mediator_dimension : 1, covariate_dimension : 1, alpha : 0.0, beta : 0.0, stochasticity : 1, gamma : 0.3, noise : uniform, 
Running with estimator : ipw, regularization : True, sample_splits : 1, reg_lambda : 0.001, reg_lambda_tilde : 0.001, kernel : linear, density : gaussian, bandwidth : 0.3, bandwidth_mode : heuristic, epsilon : 0.1, normalized : True, random_seed : 16, 
bias_direct: 0.14252096666371222
rmse_direct: 0.17491919040742857
bias_indirect: 0.06982758620689661
rmse_indirect: 0.07936276378669078
bias_total: 0.08501460468062101
rmse_total: 0.1139374559470348
bias_mr: 0.14504606596129077
rmse_mr: 0.17000038903671685
coverage: 0.0
