Experiment: expname : nonparametric_experiment, data : uniform, n_samples : 1000, mediator_dimension : 1, covariate_dimension : 1, alpha : 0.0, beta : 0.0, stochasticity : 1, gamma : 0.3, noise : uniform, 
Running with estimator : kme_dml, regularization : True, sample_splits : 1, reg_lambda : 0.001, reg_lambda_tilde : 0.001, kernel : linear, density : gaussian, bandwidth : 0.3, bandwidth_mode : heuristic, epsilon : 0.1, normalized : True, random_seed : 44, 
bias_direct: 0.0543508239109926
rmse_direct: 0.06646710283879352
bias_indirect: 0.01741689809775793
rmse_indirect: 0.022420047568324424
bias_total: 0.050131801772638
rmse_total: 0.06204308977477937
bias_mr: 0.05481927464673196
rmse_mr: 0.06683918260964603
coverage: 1.0
