Experiment: expname : nonparametric_experiment, data : uniform, n_samples : 5000, mediator_dimension : 1, covariate_dimension : 1, alpha : 0.0, beta : 0.0, stochasticity : 1, gamma : 0.3, noise : uniform, 
Running with estimator : ipw, regularization : True, sample_splits : 1, reg_lambda : 0.001, reg_lambda_tilde : 0.001, kernel : gauss, density : conditional_kernel, bandwidth : 0.3, bandwidth_mode : heuristic, epsilon : 0.1, normalized : True, random_seed : 17, 
bias_direct: 0.04798505670880907
rmse_direct: 0.054095393465965966
bias_indirect: 0.027507280462224108
rmse_indirect: 0.032021919279670304
bias_total: 0.048553346554096294
rmse_total: 0.05770582487522906
bias_mr: 0.040979325145061925
rmse_mr: 0.04681561472002904
coverage: 0.0
