Experiment: expname : baselines_experiment, data : uniform, n_samples : 1000, mediator_dimension : 1, covariate_dimension : 1, alpha : 0.5, beta : 0.25, stochasticity : 1, gamma : 0.3, noise : uniform, 
Running with estimator : ipw, regularization : True, sample_splits : 1, reg_lambda : 0.001, reg_lambda_tilde : 0.001, kernel : gauss, density : gaussian, bandwidth : 0.3, bandwidth_mode : heuristic, epsilon : 0.3, normalized : True, random_seed : 86, 
bias_direct: 0.13069877602402477
rmse_direct: 0.18024632010801683
bias_indirect: 0.0698275862068966
rmse_indirect: 0.07936276378669078
bias_total: 0.09880247956159549
rmse_total: 0.1319987125619473
bias_mr: 0.12109531265623245
rmse_mr: 0.14769151710178383
coverage: 0.0
