Experiment: expname : nonparametric_experiment, data : uniform, n_samples : 5000, mediator_dimension : 1, covariate_dimension : 1, alpha : 0.0, beta : 0.0, stochasticity : 1, gamma : 0.3, noise : uniform, 
Running with estimator : ipw, regularization : True, sample_splits : 1, reg_lambda : 0.001, reg_lambda_tilde : 0.001, kernel : linear, density : conditional_kernel, bandwidth : 0.3, bandwidth_mode : heuristic, epsilon : 0.1, normalized : True, random_seed : 85, 
bias_direct: 0.04855209902650896
rmse_direct: 0.0615167713252508
bias_indirect: 0.025781674786925328
rmse_indirect: 0.028084020808830025
bias_total: 0.04623825674335385
rmse_total: 0.058719461914741526
bias_mr: 0.05281918982195012
rmse_mr: 0.06695020537429847
coverage: 0.0
