Experiment: expname : baselines_experiment, data : uniform, n_samples : 500, mediator_dimension : 1, covariate_dimension : 1, alpha : 0.5, beta : 0.25, stochasticity : 1, gamma : 0.3, noise : uniform, 
Running with estimator : ipw, regularization : True, sample_splits : 1, reg_lambda : 0.001, reg_lambda_tilde : 0.001, kernel : gauss, density : gaussian, bandwidth : 0.3, bandwidth_mode : heuristic, epsilon : 0.3, normalized : True, random_seed : 89, 
bias_direct: 0.24102555129253422
rmse_direct: 0.3022059720261618
bias_indirect: 0.06982758620689661
rmse_indirect: 0.07936276378669077
bias_total: 0.22519386527113847
rmse_total: 0.2722716919978696
bias_mr: 0.2800946154275779
rmse_mr: 0.34170366629195426
coverage: 0.0
