Experiment: expname : nonparametric_experiment, data : uniform, n_samples : 5000, mediator_dimension : 1, covariate_dimension : 1, alpha : 0.0, beta : 0.0, stochasticity : 1, gamma : 0.3, noise : uniform, 
Running with estimator : kme_g_computation, regularization : True, sample_splits : 1, reg_lambda : 0.001, reg_lambda_tilde : 0.001, kernel : linear, density : gaussian, bandwidth : 0.3, bandwidth_mode : heuristic, epsilon : 0.1, normalized : True, random_seed : 92, 
bias_direct: 0.1689656619038548
rmse_direct: 0.19224755130636245
bias_indirect: 0.16025816290516506
rmse_indirect: 0.18214190254242082
bias_total: 0.008707498998689764
rmse_total: 0.010805317375908813
bias_mr: 0.16867581904863196
rmse_mr: 0.19171485404498323
coverage: 0.0
