Experiment: expname : nonparametric_experiment, data : uniform, n_samples : 5000, mediator_dimension : 1, covariate_dimension : 1, alpha : 0.0, beta : 0.0, stochasticity : 1, gamma : 0.3, noise : uniform, 
Running with estimator : kme_dml, regularization : True, sample_splits : 1, reg_lambda : 0.001, reg_lambda_tilde : 0.001, kernel : gauss, density : gaussian, bandwidth : 0.3, bandwidth_mode : heuristic, epsilon : 0.1, normalized : True, random_seed : 32, 
bias_direct: 0.0423129226052023
rmse_direct: 0.04606885871822811
bias_indirect: 0.020238045429930653
rmse_indirect: 0.02154577222087762
bias_total: 0.05566258132886953
rmse_total: 0.061223003316809306
bias_mr: 0.03134562883486311
rmse_mr: 0.036177837700747326
coverage: 1.0
