Experiment: expname : nonparametric_experiment, data : uniform, n_samples : 1000, mediator_dimension : 1, covariate_dimension : 1, alpha : 0.0, beta : 0.0, stochasticity : 1, gamma : 0.3, noise : uniform, 
Running with estimator : kme_dml, regularization : True, sample_splits : 1, reg_lambda : 0.001, reg_lambda_tilde : 0.001, kernel : linear, density : conditional_kernel, bandwidth : 0.3, bandwidth_mode : heuristic, epsilon : 0.1, normalized : True, random_seed : 93, 
bias_direct: 0.09192999214029637
rmse_direct: 0.10590879773065112
bias_indirect: 0.009243329120929887
rmse_indirect: 0.011569136177193195
bias_total: 0.10047510468816494
rmse_total: 0.11562609751349456
bias_mr: 0.09444205534438592
rmse_mr: 0.11388541596415118
coverage: 0.7241379310344828
