Experiment: expname : nonparametric_experiment, data : uniform, n_samples : 1000, mediator_dimension : 1, covariate_dimension : 1, alpha : 0.0, beta : 0.0, stochasticity : 1, gamma : 0.3, noise : uniform, 
Running with estimator : kme_g_computation, regularization : True, sample_splits : 1, reg_lambda : 0.001, reg_lambda_tilde : 0.001, kernel : gauss, density : conditional_kernel, bandwidth : 0.3, bandwidth_mode : heuristic, epsilon : 0.1, normalized : True, random_seed : 72, 
bias_direct: 0.15804726454617887
rmse_direct: 0.17924085278970445
bias_indirect: 0.1754733894990779
rmse_indirect: 0.21711943820425117
bias_total: 0.0893138361566682
rmse_total: 0.11443498142976165
bias_mr: 0.177702283732621
rmse_mr: 0.20199347049634098
coverage: 0.0
