Experiment: expname : nonparametric_experiment, data : uniform, n_samples : 5000, mediator_dimension : 1, covariate_dimension : 1, alpha : 0.0, beta : 0.0, stochasticity : 1, gamma : 0.3, noise : uniform, 
Running with estimator : ipw, regularization : True, sample_splits : 1, reg_lambda : 0.001, reg_lambda_tilde : 0.001, kernel : gauss, density : gaussian, bandwidth : 0.3, bandwidth_mode : heuristic, epsilon : 0.1, normalized : True, random_seed : 0, 
bias_direct: 0.11725767225192413
rmse_direct: 0.15497559994012686
bias_indirect: 0.06982758620689662
rmse_indirect: 0.07936276378669083
bias_total: 0.10625370691361798
rmse_total: 0.13014769058970876
bias_mr: 0.08942722513482596
rmse_mr: 0.121363076958876
coverage: 0.0
