Experiment: expname : baselines_experiment, data : uniform, n_samples : 5000, mediator_dimension : 1, covariate_dimension : 1, alpha : 0.5, beta : 0.25, stochasticity : 1, gamma : 0.3, noise : uniform, 
Running with estimator : ipw, regularization : True, sample_splits : 1, reg_lambda : 0.001, reg_lambda_tilde : 0.001, kernel : gauss, density : gaussian, bandwidth : 0.3, bandwidth_mode : heuristic, epsilon : 0.3, normalized : True, random_seed : 13, 
bias_direct: 0.07826366903807312
rmse_direct: 0.10389869371014074
bias_indirect: 0.06982758620689658
rmse_indirect: 0.07936276378669077
bias_total: 0.07990152181490409
rmse_total: 0.09113795749023758
bias_mr: 0.14966441313569442
rmse_mr: 0.189247514228338
coverage: 0.0
