Experiment: expname : nonparametric_experiment, data : uniform, n_samples : 500, mediator_dimension : 1, covariate_dimension : 1, alpha : 0.0, beta : 0.0, stochasticity : 1, gamma : 0.3, noise : uniform, 
Running with estimator : kme_dml, regularization : True, sample_splits : 1, reg_lambda : 0.001, reg_lambda_tilde : 0.001, kernel : gauss, density : gaussian, bandwidth : 0.3, bandwidth_mode : heuristic, epsilon : 0.1, normalized : True, random_seed : 24, 
bias_direct: 0.027016585623205552
rmse_direct: 0.03219097414696233
bias_indirect: 0.051271106669835094
rmse_indirect: 0.05830371379063671
bias_total: 0.03896406771958782
rmse_total: 0.052542436490435336
bias_mr: 0.09267082790044606
rmse_mr: 0.09854819439409901
coverage: 1.0
