Experiment: expname : baselines_experiment, data : uniform, n_samples : 5000, mediator_dimension : 1, covariate_dimension : 1, alpha : 0.5, beta : 0.25, stochasticity : 1, gamma : 0.3, noise : uniform, 
Running with estimator : kme_g_computation, regularization : True, sample_splits : 1, reg_lambda : 0.001, reg_lambda_tilde : 0.001, kernel : gauss, density : gaussian, bandwidth : 0.3, bandwidth_mode : heuristic, epsilon : 0.3, normalized : True, random_seed : 82, 
bias_direct: 0.37963990558367144
rmse_direct: 0.4950401446998941
bias_indirect: 0.4182886285209477
rmse_indirect: 0.5429664998740272
bias_total: 0.04341744389900717
rmse_total: 0.0674244621622913
bias_mr: 0.3887343692873012
rmse_mr: 0.5076386215542942
coverage: 0.0
