Experiment: expname : nonparametric_experiment, data : uniform, n_samples : 500, mediator_dimension : 1, covariate_dimension : 1, alpha : 0.0, beta : 0.0, stochasticity : 1, gamma : 0.3, noise : uniform, 
Running with estimator : kme_dml, regularization : True, sample_splits : 1, reg_lambda : 0.001, reg_lambda_tilde : 0.001, kernel : gauss, density : conditional_kernel, bandwidth : 0.3, bandwidth_mode : heuristic, epsilon : 0.1, normalized : True, random_seed : 90, 
bias_direct: 0.031162259872907987
rmse_direct: 0.04997982492835918
bias_indirect: 0.03723547646497287
rmse_indirect: 0.04840214295461235
bias_total: 0.052544682739180844
rmse_total: 0.06725456878190963
bias_mr: 0.0324862100469621
rmse_mr: 0.04702526667810468
coverage: 1.0
