Experiment: expname : baselines_experiment, data : uniform, n_samples : 5000, mediator_dimension : 1, covariate_dimension : 1, alpha : 0.5, beta : 0.25, stochasticity : 1, gamma : 0.3, noise : uniform, 
Running with estimator : linear, regularization : True, sample_splits : 1, reg_lambda : 0.001, reg_lambda_tilde : 0.001, kernel : gauss, density : gaussian, bandwidth : 0.3, bandwidth_mode : heuristic, epsilon : 0.3, normalized : True, random_seed : 38, 
bias_direct: 0.30846858817597267
rmse_direct: 0.3529344270169945
bias_indirect: 0.005168539958107127
rmse_indirect: 0.005874320424050626
bias_total: 0.3129939320504042
rmse_total: 0.3579861308914798
bias_mr: 0.2930177644690901
rmse_mr: 0.3121304345150493
coverage: 0.0
