Experiment: expname : baselines_experiment, data : uniform, n_samples : 1000, mediator_dimension : 1, covariate_dimension : 1, alpha : 0.5, beta : 0.25, stochasticity : 1, gamma : 0.3, noise : uniform, 
Running with estimator : linear, regularization : True, sample_splits : 1, reg_lambda : 0.001, reg_lambda_tilde : 0.001, kernel : gauss, density : gaussian, bandwidth : 0.3, bandwidth_mode : heuristic, epsilon : 0.3, normalized : True, random_seed : 15, 
bias_direct: 0.32181253562298706
rmse_direct: 0.3679006573371983
bias_indirect: 0.01853950738507825
rmse_indirect: 0.021071135710806734
bias_total: 0.3055801669347186
rmse_total: 0.34972347970566714
bias_mr: 0.3088651348616913
rmse_mr: 0.32877292512683404
coverage: 0.0
