Experiment: expname : nonparametric_experiment, data : uniform, n_samples : 1000, mediator_dimension : 1, covariate_dimension : 1, alpha : 0.0, beta : 0.0, stochasticity : 1, gamma : 0.3, noise : uniform, 
Running with estimator : kme_dml, regularization : True, sample_splits : 1, reg_lambda : 0.001, reg_lambda_tilde : 0.001, kernel : gauss, density : gaussian, bandwidth : 0.3, bandwidth_mode : heuristic, epsilon : 0.1, normalized : True, random_seed : 96, 
bias_direct: 0.11564002464061027
rmse_direct: 0.14958651988635915
bias_indirect: 0.019362546693267854
rmse_indirect: 0.0277933852810118
bias_total: 0.11641986119060055
rmse_total: 0.1409469912665372
bias_mr: 0.09507663236792788
rmse_mr: 0.10533867452523284
coverage: 0.7586206896551724
