Experiment: expname : nonparametric_experiment, data : uniform, n_samples : 500, mediator_dimension : 1, covariate_dimension : 1, alpha : 0.0, beta : 0.0, stochasticity : 1, gamma : 0.3, noise : uniform, 
Running with estimator : kme_g_computation, regularization : True, sample_splits : 1, reg_lambda : 0.001, reg_lambda_tilde : 0.001, kernel : gauss, density : gaussian, bandwidth : 0.3, bandwidth_mode : heuristic, epsilon : 0.1, normalized : True, random_seed : 51, 
bias_direct: 0.18914462795825285
rmse_direct: 0.21432067639709176
bias_indirect: 0.187085996426594
rmse_indirect: 0.22764180097579978
bias_total: 0.03148689097533999
rmse_total: 0.038166233040188756
bias_mr: 0.1945185340066256
rmse_mr: 0.22537603825779612
coverage: 0.0
