Experiment: expname : nonparametric_experiment, data : uniform, n_samples : 5000, mediator_dimension : 1, covariate_dimension : 1, alpha : 0.0, beta : 0.0, stochasticity : 1, gamma : 0.3, noise : uniform, 
Running with estimator : kme_dml, regularization : True, sample_splits : 1, reg_lambda : 0.001, reg_lambda_tilde : 0.001, kernel : gauss, density : gaussian, bandwidth : 0.3, bandwidth_mode : heuristic, epsilon : 0.1, normalized : True, random_seed : 43, 
bias_direct: 0.05627819249374647
rmse_direct: 0.06307559906745236
bias_indirect: 0.006958430208712624
rmse_indirect: 0.0076409506519611
bias_total: 0.05964658836496312
rmse_total: 0.06829902477752535
bias_mr: 0.044591199085932114
rmse_mr: 0.05316780691153221
coverage: 0.8275862068965517
