Experiment: expname : nonparametric_experiment, data : uniform, n_samples : 500, mediator_dimension : 1, covariate_dimension : 1, alpha : 0.0, beta : 0.0, stochasticity : 1, gamma : 0.3, noise : uniform, 
Running with estimator : ipw, regularization : True, sample_splits : 1, reg_lambda : 0.001, reg_lambda_tilde : 0.001, kernel : gauss, density : conditional_kernel, bandwidth : 0.3, bandwidth_mode : heuristic, epsilon : 0.1, normalized : True, random_seed : 20, 
bias_direct: 0.053094904860612205
rmse_direct: 0.06558457204246713
bias_indirect: 0.047682872206225545
rmse_indirect: 0.053695624069701076
bias_total: 0.05063426829946645
rmse_total: 0.07532707401412161
bias_mr: 0.08598000041582876
rmse_mr: 0.09802554549395082
coverage: 0.0
