Experiment: expname : baselines_experiment, data : uniform, n_samples : 500, mediator_dimension : 1, covariate_dimension : 1, alpha : 0.5, beta : 0.25, stochasticity : 1, gamma : 0.3, noise : uniform, 
Running with estimator : kme_g_computation, regularization : True, sample_splits : 1, reg_lambda : 0.001, reg_lambda_tilde : 0.001, kernel : gauss, density : gaussian, bandwidth : 0.3, bandwidth_mode : heuristic, epsilon : 0.3, normalized : True, random_seed : 5, 
bias_direct: 0.39739139674879115
rmse_direct: 0.5107320537453154
bias_indirect: 0.4464288917292418
rmse_indirect: 0.5681307544591533
bias_total: 0.11118103268267401
rmse_total: 0.13648485703459085
bias_mr: 0.40423752077201697
rmse_mr: 0.5192010634841142
coverage: 0.0
