Experiment: expname : nonparametric_experiment, data : uniform, n_samples : 500, mediator_dimension : 1, covariate_dimension : 1, alpha : 0.0, beta : 0.0, stochasticity : 1, gamma : 0.3, noise : uniform, 
Running with estimator : kme_dml, regularization : True, sample_splits : 1, reg_lambda : 0.001, reg_lambda_tilde : 0.001, kernel : linear, density : conditional_kernel, bandwidth : 0.3, bandwidth_mode : heuristic, epsilon : 0.1, normalized : True, random_seed : 14, 
bias_direct: 0.08884092824814172
rmse_direct: 0.10211415795237105
bias_indirect: 0.034688314097091326
rmse_indirect: 0.04475729619012328
bias_total: 0.08850231739577943
rmse_total: 0.10769247875998564
bias_mr: 0.07038779985810431
rmse_mr: 0.0815864540178719
coverage: 1.0
