Experiment: expname : baselines_experiment, data : uniform, n_samples : 500, mediator_dimension : 1, covariate_dimension : 1, alpha : 0.5, beta : 0.25, stochasticity : 1, gamma : 0.3, noise : uniform, 
Running with estimator : linear, regularization : True, sample_splits : 1, reg_lambda : 0.001, reg_lambda_tilde : 0.001, kernel : gauss, density : gaussian, bandwidth : 0.3, bandwidth_mode : heuristic, epsilon : 0.3, normalized : True, random_seed : 14, 
bias_direct: 0.2892556441460697
rmse_direct: 0.33178854296035193
bias_indirect: 0.0144874940578578
rmse_indirect: 0.016465807157763343
bias_total: 0.30194025005450514
rmse_total: 0.34569256452608627
bias_mr: 0.2711351595336725
rmse_mr: 0.2897418375859673
coverage: 0.0
