Experiment: expname : nonparametric_experiment, data : uniform, n_samples : 1000, mediator_dimension : 1, covariate_dimension : 1, alpha : 0.0, beta : 0.0, stochasticity : 1, gamma : 0.3, noise : uniform, 
Running with estimator : kme_g_computation, regularization : True, sample_splits : 1, reg_lambda : 0.001, reg_lambda_tilde : 0.001, kernel : linear, density : conditional_kernel, bandwidth : 0.3, bandwidth_mode : heuristic, epsilon : 0.1, normalized : True, random_seed : 43, 
bias_direct: 0.15710560620731825
rmse_direct: 0.1787800130706881
bias_indirect: 0.12006306395078259
rmse_indirect: 0.13645804349504143
bias_total: 0.037042542256535645
rmse_total: 0.04246915869733414
bias_mr: 0.16755507683232568
rmse_mr: 0.19922708130594288
coverage: 0.0
