Experiment: expname : baselines_experiment, data : uniform, n_samples : 5000, mediator_dimension : 1, covariate_dimension : 1, alpha : 0.5, beta : 0.25, stochasticity : 1, gamma : 0.3, noise : uniform, 
Running with estimator : kme_g_computation, regularization : True, sample_splits : 1, reg_lambda : 0.001, reg_lambda_tilde : 0.001, kernel : gauss, density : gaussian, bandwidth : 0.3, bandwidth_mode : heuristic, epsilon : 0.3, normalized : True, random_seed : 10, 
bias_direct: 0.3638028733264665
rmse_direct: 0.4715444352256813
bias_indirect: 0.4272623252491234
rmse_indirect: 0.5529830886471909
bias_total: 0.06407224371063457
rmse_total: 0.08401661304289464
bias_mr: 0.3903319473850046
rmse_mr: 0.5096072506143959
coverage: 0.0
