Experiment: expname : nonparametric_experiment, data : uniform, n_samples : 5000, mediator_dimension : 1, covariate_dimension : 1, alpha : 0.0, beta : 0.0, stochasticity : 1, gamma : 0.3, noise : uniform, 
Running with estimator : kme_dml, regularization : True, sample_splits : 1, reg_lambda : 0.001, reg_lambda_tilde : 0.001, kernel : gauss, density : conditional_kernel, bandwidth : 0.3, bandwidth_mode : heuristic, epsilon : 0.1, normalized : True, random_seed : 79, 
bias_direct: 0.0364129626492109
rmse_direct: 0.04193823270366161
bias_indirect: 0.009566281168937183
rmse_indirect: 0.012264100755773987
bias_total: 0.039060856642738395
rmse_total: 0.04846240614491899
bias_mr: 0.04471989088189451
rmse_mr: 0.05293844242205694
coverage: 0.7931034482758621
