Experiment: expname : nonparametric_experiment, data : uniform, n_samples : 500, mediator_dimension : 1, covariate_dimension : 1, alpha : 0.0, beta : 0.0, stochasticity : 1, gamma : 0.3, noise : uniform, 
Running with estimator : kme_g_computation, regularization : True, sample_splits : 1, reg_lambda : 0.001, reg_lambda_tilde : 0.001, kernel : gauss, density : gaussian, bandwidth : 0.3, bandwidth_mode : heuristic, epsilon : 0.1, normalized : True, random_seed : 71, 
bias_direct: 0.16021993547911317
rmse_direct: 0.18544629915465802
bias_indirect: 0.15547442217445173
rmse_indirect: 0.19462379088134843
bias_total: 0.03371593948547526
rmse_total: 0.04163783852769097
bias_mr: 0.16948815030613676
rmse_mr: 0.1964395420104155
coverage: 0.0
