Experiment: expname : nonparametric_experiment, data : uniform, n_samples : 5000, mediator_dimension : 1, covariate_dimension : 1, alpha : 0.0, beta : 0.0, stochasticity : 1, gamma : 0.3, noise : uniform, 
Running with estimator : kme_g_computation, regularization : True, sample_splits : 1, reg_lambda : 0.001, reg_lambda_tilde : 0.001, kernel : linear, density : conditional_kernel, bandwidth : 0.3, bandwidth_mode : heuristic, epsilon : 0.1, normalized : True, random_seed : 3, 
bias_direct: 0.16526686012524255
rmse_direct: 0.1879335610502495
bias_indirect: 0.15656605896853587
rmse_indirect: 0.17794564814760655
bias_total: 0.008700801156706682
rmse_total: 0.010184161675706453
bias_mr: 0.1650702001684415
rmse_mr: 0.18978152949056123
coverage: 0.0
