Experiment: expname : baselines_experiment, data : uniform, n_samples : 1000, mediator_dimension : 1, covariate_dimension : 1, alpha : 0.5, beta : 0.25, stochasticity : 1, gamma : 0.3, noise : uniform, 
Running with estimator : linear, regularization : True, sample_splits : 1, reg_lambda : 0.001, reg_lambda_tilde : 0.001, kernel : gauss, density : gaussian, bandwidth : 0.3, bandwidth_mode : heuristic, epsilon : 0.3, normalized : True, random_seed : 73, 
bias_direct: 0.3063074863365701
rmse_direct: 0.3505310055906302
bias_indirect: 0.0094637057544028
rmse_indirect: 0.010756004684281006
bias_total: 0.2980214861871597
rmse_total: 0.34137274852551747
bias_mr: 0.2907053160348918
rmse_mr: 0.3097092867264664
coverage: 0.0
