Experiment: expname : nonparametric_experiment, data : uniform, n_samples : 5000, mediator_dimension : 1, covariate_dimension : 1, alpha : 0.0, beta : 0.0, stochasticity : 1, gamma : 0.3, noise : uniform, 
Running with estimator : ipw, regularization : True, sample_splits : 1, reg_lambda : 0.001, reg_lambda_tilde : 0.001, kernel : gauss, density : gaussian, bandwidth : 0.3, bandwidth_mode : heuristic, epsilon : 0.1, normalized : True, random_seed : 50, 
bias_direct: 0.0800403787613758
rmse_direct: 0.09679060574861661
bias_indirect: 0.06982758620689665
rmse_indirect: 0.07936276378669081
bias_total: 0.051276263801210295
rmse_total: 0.06156178367065916
bias_mr: 0.07738878021592545
rmse_mr: 0.08819901264252082
coverage: 0.0
