Experiment: expname : nonparametric_experiment, data : uniform, n_samples : 1000, mediator_dimension : 1, covariate_dimension : 1, alpha : 0.0, beta : 0.0, stochasticity : 1, gamma : 0.3, noise : uniform, 
Running with estimator : kme_dml, regularization : True, sample_splits : 1, reg_lambda : 0.001, reg_lambda_tilde : 0.001, kernel : linear, density : conditional_kernel, bandwidth : 0.3, bandwidth_mode : heuristic, epsilon : 0.1, normalized : True, random_seed : 31, 
bias_direct: 0.07245491629719976
rmse_direct: 0.08966508355286402
bias_indirect: 0.024164143662681315
rmse_indirect: 0.03371672856890984
bias_total: 0.0824950759637068
rmse_total: 0.09731484067680338
bias_mr: 0.07743629185379829
rmse_mr: 0.09254128198290551
coverage: 1.0
