Experiment: expname : nonparametric_experiment, data : uniform, n_samples : 500, mediator_dimension : 1, covariate_dimension : 1, alpha : 0.0, beta : 0.0, stochasticity : 1, gamma : 0.3, noise : uniform, 
Running with estimator : kme_dml, regularization : True, sample_splits : 1, reg_lambda : 0.001, reg_lambda_tilde : 0.001, kernel : gauss, density : conditional_kernel, bandwidth : 0.3, bandwidth_mode : heuristic, epsilon : 0.1, normalized : True, random_seed : 58, 
bias_direct: 0.11249932585518643
rmse_direct: 0.14454198410742247
bias_indirect: 0.02472486345515071
rmse_indirect: 0.03009138430306304
bias_total: 0.11939285471699901
rmse_total: 0.16696120207673568
bias_mr: 0.07696026761726942
rmse_mr: 0.09027899586513466
coverage: 1.0
