Experiment: expname : nonparametric_experiment, data : uniform, n_samples : 1000, mediator_dimension : 1, covariate_dimension : 1, alpha : 0.0, beta : 0.0, stochasticity : 1, gamma : 0.3, noise : uniform, 
Running with estimator : kme_dml, regularization : True, sample_splits : 1, reg_lambda : 0.001, reg_lambda_tilde : 0.001, kernel : linear, density : conditional_kernel, bandwidth : 0.3, bandwidth_mode : heuristic, epsilon : 0.1, normalized : True, random_seed : 90, 
bias_direct: 0.04209679526395386
rmse_direct: 0.05389818342300259
bias_indirect: 0.03384714006145991
rmse_indirect: 0.037293889708188956
bias_total: 0.04837575251916661
rmse_total: 0.05847912809713269
bias_mr: 0.0642968572985757
rmse_mr: 0.07502455713958314
coverage: 1.0
