Experiment: expname : baselines_experiment, data : uniform, n_samples : 1000, mediator_dimension : 1, covariate_dimension : 1, alpha : 0.5, beta : 0.25, stochasticity : 1, gamma : 0.3, noise : uniform, 
Running with estimator : ipw, regularization : True, sample_splits : 1, reg_lambda : 0.001, reg_lambda_tilde : 0.001, kernel : gauss, density : gaussian, bandwidth : 0.3, bandwidth_mode : heuristic, epsilon : 0.3, normalized : True, random_seed : 40, 
bias_direct: 0.1741529420332098
rmse_direct: 0.2064739193029245
bias_indirect: 0.06982758620689662
rmse_indirect: 0.0793627637866908
bias_total: 0.175358555320558
rmse_total: 0.18814857729622586
bias_mr: 0.23090704676979068
rmse_mr: 0.27174222413784516
coverage: 0.0
