Experiment: expname : baselines_experiment, data : uniform, n_samples : 500, mediator_dimension : 1, covariate_dimension : 1, alpha : 0.5, beta : 0.25, stochasticity : 1, gamma : 0.3, noise : uniform, 
Running with estimator : ipw, regularization : True, sample_splits : 1, reg_lambda : 0.001, reg_lambda_tilde : 0.001, kernel : gauss, density : gaussian, bandwidth : 0.3, bandwidth_mode : heuristic, epsilon : 0.3, normalized : True, random_seed : 45, 
bias_direct: 0.21741267991150415
rmse_direct: 0.26556950834270776
bias_indirect: 0.06982758620689661
rmse_indirect: 0.07936276378669078
bias_total: 0.1563384186450365
rmse_total: 0.19054576144394336
bias_mr: 0.21175192904549103
rmse_mr: 0.290425733808452
coverage: 0.0
