Experiment: expname : baselines_experiment, data : uniform, n_samples : 500, mediator_dimension : 1, covariate_dimension : 1, alpha : 0.5, beta : 0.25, stochasticity : 1, gamma : 0.3, noise : uniform, 
Running with estimator : linear, regularization : True, sample_splits : 1, reg_lambda : 0.001, reg_lambda_tilde : 0.001, kernel : gauss, density : gaussian, bandwidth : 0.3, bandwidth_mode : heuristic, epsilon : 0.3, normalized : True, random_seed : 70, 
bias_direct: 0.30890056076776845
rmse_direct: 0.3534155460508908
bias_indirect: 0.013532634974152196
rmse_indirect: 0.015380559048439187
bias_total: 0.32074913450069287
rmse_total: 0.3667003685145
bias_mr: 0.2946472815673633
rmse_mr: 0.3150169346980481
coverage: 0.0
