Experiment: expname : baselines_experiment, data : uniform, n_samples : 5000, mediator_dimension : 1, covariate_dimension : 1, alpha : 0.5, beta : 0.25, stochasticity : 1, gamma : 0.3, noise : uniform, 
Running with estimator : ipw, regularization : True, sample_splits : 1, reg_lambda : 0.001, reg_lambda_tilde : 0.001, kernel : gauss, density : gaussian, bandwidth : 0.3, bandwidth_mode : heuristic, epsilon : 0.3, normalized : True, random_seed : 22, 
bias_direct: 0.12314770816054725
rmse_direct: 0.14179765732379648
bias_indirect: 0.06982758620689668
rmse_indirect: 0.07936276378669085
bias_total: 0.1143967911685439
rmse_total: 0.12368005940714911
bias_mr: 0.1433862991768807
rmse_mr: 0.18938442837557645
coverage: 0.0
