Experiment: expname : baselines_experiment, data : uniform, n_samples : 500, mediator_dimension : 1, covariate_dimension : 1, alpha : 0.5, beta : 0.25, stochasticity : 1, gamma : 0.3, noise : uniform, 
Running with estimator : ipw, regularization : True, sample_splits : 1, reg_lambda : 0.001, reg_lambda_tilde : 0.001, kernel : gauss, density : gaussian, bandwidth : 0.3, bandwidth_mode : heuristic, epsilon : 0.3, normalized : True, random_seed : 42, 
bias_direct: 0.32738259986562146
rmse_direct: 0.39385698609014785
bias_indirect: 0.06982758620689662
rmse_indirect: 0.07936276378669081
bias_total: 0.33026663048960103
rmse_total: 0.3767836762622394
bias_mr: 0.24811880678872422
rmse_mr: 0.29646667334776544
coverage: 0.0
