Experiment: expname : nonparametric_experiment, data : uniform, n_samples : 5000, mediator_dimension : 1, covariate_dimension : 1, alpha : 0.0, beta : 0.0, stochasticity : 1, gamma : 0.3, noise : uniform, 
Running with estimator : kme_g_computation, regularization : True, sample_splits : 1, reg_lambda : 0.001, reg_lambda_tilde : 0.001, kernel : gauss, density : gaussian, bandwidth : 0.3, bandwidth_mode : heuristic, epsilon : 0.1, normalized : True, random_seed : 7, 
bias_direct: 0.17162866373917918
rmse_direct: 0.194412924858295
bias_indirect: 0.15478331441919238
rmse_indirect: 0.18950520263803
bias_total: 0.05524603275698634
rmse_total: 0.06860985848078803
bias_mr: 0.17891794124003602
rmse_mr: 0.20623909644535207
coverage: 0.0
