Experiment: expname : nonparametric_experiment, data : uniform, n_samples : 5000, mediator_dimension : 1, covariate_dimension : 1, alpha : 0.0, beta : 0.0, stochasticity : 1, gamma : 0.3, noise : uniform, 
Running with estimator : kme_dml, regularization : True, sample_splits : 1, reg_lambda : 0.001, reg_lambda_tilde : 0.001, kernel : linear, density : gaussian, bandwidth : 0.3, bandwidth_mode : heuristic, epsilon : 0.1, normalized : True, random_seed : 75, 
bias_direct: 0.03853973011757083
rmse_direct: 0.04603989192791541
bias_indirect: 0.011275728403593055
rmse_indirect: 0.012600463518143286
bias_total: 0.049602420562294226
rmse_total: 0.057104668951686643
bias_mr: 0.020584518706206933
rmse_mr: 0.027378605042414527
coverage: 1.0
