Experiment: expname : nonparametric_experiment, data : uniform, n_samples : 500, mediator_dimension : 1, covariate_dimension : 1, alpha : 0.0, beta : 0.0, stochasticity : 1, gamma : 0.3, noise : uniform, 
Running with estimator : ipw, regularization : True, sample_splits : 1, reg_lambda : 0.001, reg_lambda_tilde : 0.001, kernel : linear, density : conditional_kernel, bandwidth : 0.3, bandwidth_mode : heuristic, epsilon : 0.1, normalized : True, random_seed : 1, 
bias_direct: 0.1769505016115336
rmse_direct: 0.20653139759468034
bias_indirect: 0.0739088220186007
rmse_indirect: 0.08698714609048994
bias_total: 0.1780587127927666
rmse_total: 0.22232837720926454
bias_mr: 0.12359773643130047
rmse_mr: 0.14547681110501134
coverage: 0.0
