Experiment: expname : nonparametric_experiment, data : uniform, n_samples : 1000, mediator_dimension : 1, covariate_dimension : 1, alpha : 0.0, beta : 0.0, stochasticity : 1, gamma : 0.3, noise : uniform, 
Running with estimator : kme_dml, regularization : True, sample_splits : 1, reg_lambda : 0.001, reg_lambda_tilde : 0.001, kernel : gauss, density : conditional_kernel, bandwidth : 0.3, bandwidth_mode : heuristic, epsilon : 0.1, normalized : True, random_seed : 63, 
bias_direct: 0.01941001339913493
rmse_direct: 0.022707812103006868
bias_indirect: 0.026079502144863112
rmse_indirect: 0.033369811745304845
bias_total: 0.0414327174434245
rmse_total: 0.05213109336173344
bias_mr: 0.023083042495468928
rmse_mr: 0.027144046660614207
coverage: 1.0
