Experiment: expname : nonparametric_experiment, data : uniform, n_samples : 500, mediator_dimension : 1, covariate_dimension : 1, alpha : 0.0, beta : 0.0, stochasticity : 1, gamma : 0.3, noise : uniform, 
Running with estimator : kme_dml, regularization : True, sample_splits : 1, reg_lambda : 0.001, reg_lambda_tilde : 0.001, kernel : gauss, density : conditional_kernel, bandwidth : 0.3, bandwidth_mode : heuristic, epsilon : 0.1, normalized : True, random_seed : 22, 
bias_direct: 0.04523183648120222
rmse_direct: 0.05163914304695227
bias_indirect: 0.028948279782021344
rmse_indirect: 0.03643741278165592
bias_total: 0.05809422318721342
rmse_total: 0.06807214889439574
bias_mr: 0.11487861379012977
rmse_mr: 0.12573760176082255
coverage: 1.0
