Experiment: expname : nonparametric_experiment, data : uniform, n_samples : 5000, mediator_dimension : 1, covariate_dimension : 1, alpha : 0.0, beta : 0.0, stochasticity : 1, gamma : 0.3, noise : uniform, 
Running with estimator : kme_dml, regularization : True, sample_splits : 1, reg_lambda : 0.001, reg_lambda_tilde : 0.001, kernel : linear, density : gaussian, bandwidth : 0.3, bandwidth_mode : heuristic, epsilon : 0.1, normalized : True, random_seed : 83, 
bias_direct: 0.028068007792074193
rmse_direct: 0.04081966772584648
bias_indirect: 0.00994700319236377
rmse_indirect: 0.01238808169062339
bias_total: 0.027563996652715687
rmse_total: 0.03904000911942734
bias_mr: 0.024804011770137434
rmse_mr: 0.0367003621743966
coverage: 0.9310344827586207
