Experiment: expname : baselines_experiment, data : uniform, n_samples : 1000, mediator_dimension : 1, covariate_dimension : 1, alpha : 0.5, beta : 0.25, stochasticity : 1, gamma : 0.3, noise : uniform, 
Running with estimator : kme_g_computation, regularization : True, sample_splits : 1, reg_lambda : 0.001, reg_lambda_tilde : 0.001, kernel : gauss, density : gaussian, bandwidth : 0.3, bandwidth_mode : heuristic, epsilon : 0.3, normalized : True, random_seed : 11, 
bias_direct: 0.35377179757019234
rmse_direct: 0.459511748998735
bias_indirect: 0.42893334747509665
rmse_indirect: 0.542708753820441
bias_total: 0.07516154990490441
rmse_total: 0.08875983552318821
bias_mr: 0.4007533733677798
rmse_mr: 0.5281331260240507
coverage: 0.0
