Experiment: expname : nonparametric_experiment, data : uniform, n_samples : 5000, mediator_dimension : 1, covariate_dimension : 1, alpha : 0.0, beta : 0.0, stochasticity : 1, gamma : 0.3, noise : uniform, 
Running with estimator : kme_dml, regularization : True, sample_splits : 1, reg_lambda : 0.001, reg_lambda_tilde : 0.001, kernel : linear, density : conditional_kernel, bandwidth : 0.3, bandwidth_mode : heuristic, epsilon : 0.1, normalized : True, random_seed : 24, 
bias_direct: 0.03424132944403285
rmse_direct: 0.041142526537785974
bias_indirect: 0.01642560282762998
rmse_indirect: 0.01860300082297569
bias_total: 0.023455253256886507
rmse_total: 0.031975881648187696
bias_mr: 0.026378075103830317
rmse_mr: 0.030376832944767434
coverage: 1.0
