Experiment: expname : nonparametric_experiment, data : uniform, n_samples : 5000, mediator_dimension : 1, covariate_dimension : 1, alpha : 0.0, beta : 0.0, stochasticity : 1, gamma : 0.3, noise : uniform, 
Running with estimator : kme_dml, regularization : True, sample_splits : 1, reg_lambda : 0.001, reg_lambda_tilde : 0.001, kernel : gauss, density : conditional_kernel, bandwidth : 0.3, bandwidth_mode : heuristic, epsilon : 0.1, normalized : True, random_seed : 91, 
bias_direct: 0.02721791135370547
rmse_direct: 0.036476694250239354
bias_indirect: 0.006215571302110666
rmse_indirect: 0.007890597953386225
bias_total: 0.029209024723611567
rmse_total: 0.03840408813114032
bias_mr: 0.04801135923749008
rmse_mr: 0.05347389780501463
coverage: 0.896551724137931
