Experiment: expname : nonparametric_experiment, data : uniform, n_samples : 5000, mediator_dimension : 1, covariate_dimension : 1, alpha : 0.0, beta : 0.0, stochasticity : 1, gamma : 0.3, noise : uniform, 
Running with estimator : kme_g_computation, regularization : True, sample_splits : 1, reg_lambda : 0.001, reg_lambda_tilde : 0.001, kernel : gauss, density : conditional_kernel, bandwidth : 0.3, bandwidth_mode : heuristic, epsilon : 0.1, normalized : True, random_seed : 18, 
bias_direct: 0.15990412851548458
rmse_direct: 0.18080916594345603
bias_indirect: 0.16178146222811482
rmse_indirect: 0.18648916485234107
bias_total: 0.026485491513445723
rmse_total: 0.03214243957913861
bias_mr: 0.16033686512906267
rmse_mr: 0.1809726271798684
coverage: 0.0
