Experiment: expname : baselines_experiment, data : uniform, n_samples : 500, mediator_dimension : 1, covariate_dimension : 1, alpha : 0.5, beta : 0.25, stochasticity : 1, gamma : 0.3, noise : uniform, 
Running with estimator : kme_dml, regularization : True, sample_splits : 1, reg_lambda : 0.001, reg_lambda_tilde : 0.001, kernel : gauss, density : gaussian, bandwidth : 0.3, bandwidth_mode : heuristic, epsilon : 0.3, normalized : True, random_seed : 4, 
bias_direct: 0.0931307193960583
rmse_direct: 0.13443573631580966
bias_indirect: 0.016414842933168125
rmse_indirect: 0.028175570220063853
bias_total: 0.09594464486995871
rmse_total: 0.14195233870570553
bias_mr: 0.052232598517765606
rmse_mr: 0.082188447646167
coverage: 0.9655172413793104
