Experiment: expname : nonparametric_experiment, data : uniform, n_samples : 500, mediator_dimension : 1, covariate_dimension : 1, alpha : 0.0, beta : 0.0, stochasticity : 1, gamma : 0.3, noise : uniform, 
Running with estimator : kme_g_computation, regularization : True, sample_splits : 1, reg_lambda : 0.001, reg_lambda_tilde : 0.001, kernel : linear, density : conditional_kernel, bandwidth : 0.3, bandwidth_mode : heuristic, epsilon : 0.1, normalized : True, random_seed : 25, 
bias_direct: 0.18078032730439816
rmse_direct: 0.2059534660269209
bias_indirect: 0.24816874975639175
rmse_indirect: 0.2820570467857231
bias_total: 0.06738842245199361
rmse_total: 0.07665926584000826
bias_mr: 0.18421605386169837
rmse_mr: 0.2139935157079232
coverage: 0.0
