Experiment: expname : baselines_experiment, data : uniform, n_samples : 1000, mediator_dimension : 1, covariate_dimension : 1, alpha : 0.5, beta : 0.25, stochasticity : 1, gamma : 0.3, noise : uniform, 
Running with estimator : kme_g_computation, regularization : True, sample_splits : 1, reg_lambda : 0.001, reg_lambda_tilde : 0.001, kernel : gauss, density : gaussian, bandwidth : 0.3, bandwidth_mode : heuristic, epsilon : 0.3, normalized : True, random_seed : 17, 
bias_direct: 0.40388029536590525
rmse_direct: 0.5248233561042451
bias_indirect: 0.49168297434035374
rmse_indirect: 0.6157420140202008
bias_total: 0.08780267897444857
rmse_total: 0.10207815595001844
bias_mr: 0.4044474726617883
rmse_mr: 0.526734456792684
coverage: 0.0
