Experiment: expname : baselines_experiment, data : uniform, n_samples : 5000, mediator_dimension : 1, covariate_dimension : 1, alpha : 0.5, beta : 0.25, stochasticity : 1, gamma : 0.3, noise : uniform, 
Running with estimator : linear, regularization : True, sample_splits : 1, reg_lambda : 0.001, reg_lambda_tilde : 0.001, kernel : gauss, density : gaussian, bandwidth : 0.3, bandwidth_mode : heuristic, epsilon : 0.3, normalized : True, random_seed : 22, 
bias_direct: 0.2813861573639114
rmse_direct: 0.3232835231724475
bias_indirect: 0.004025595174171568
rmse_indirect: 0.004575302917703698
bias_total: 0.2849107895830751
rmse_total: 0.3270806986829444
bias_mr: 0.2623421620595185
rmse_mr: 0.28085250673794687
coverage: 0.0
