Experiment: expname : baselines_experiment, data : uniform, n_samples : 500, mediator_dimension : 1, covariate_dimension : 1, alpha : 0.5, beta : 0.25, stochasticity : 1, gamma : 0.3, noise : uniform, 
Running with estimator : kme_dml, regularization : True, sample_splits : 1, reg_lambda : 0.001, reg_lambda_tilde : 0.001, kernel : gauss, density : gaussian, bandwidth : 0.3, bandwidth_mode : heuristic, epsilon : 0.3, normalized : True, random_seed : 12, 
bias_direct: 0.05635319752199875
rmse_direct: 0.06636918487400671
bias_indirect: 0.03846636494562972
rmse_indirect: 0.04608234456314852
bias_total: 0.024837177495823367
rmse_total: 0.028329428763733146
bias_mr: 0.18187741648806827
rmse_mr: 0.18847648345724624
coverage: 0.896551724137931
