Experiment: expname : nonparametric_experiment, data : uniform, n_samples : 5000, mediator_dimension : 1, covariate_dimension : 1, alpha : 0.0, beta : 0.0, stochasticity : 1, gamma : 0.3, noise : uniform, 
Running with estimator : kme_dml, regularization : True, sample_splits : 1, reg_lambda : 0.001, reg_lambda_tilde : 0.001, kernel : linear, density : gaussian, bandwidth : 0.3, bandwidth_mode : heuristic, epsilon : 0.1, normalized : True, random_seed : 8, 
bias_direct: 0.035064798721594556
rmse_direct: 0.04126516455336127
bias_indirect: 0.011797649924625238
rmse_indirect: 0.01379713168869785
bias_total: 0.04363737719386021
rmse_total: 0.05016255751823795
bias_mr: 0.03935273515137274
rmse_mr: 0.049091511757095516
coverage: 0.896551724137931
