Experiment: expname : nonparametric_experiment, data : uniform, n_samples : 1000, mediator_dimension : 1, covariate_dimension : 1, alpha : 0.0, beta : 0.0, stochasticity : 1, gamma : 0.3, noise : uniform, 
Running with estimator : ipw, regularization : True, sample_splits : 1, reg_lambda : 0.001, reg_lambda_tilde : 0.001, kernel : linear, density : gaussian, bandwidth : 0.3, bandwidth_mode : heuristic, epsilon : 0.1, normalized : True, random_seed : 15, 
bias_direct: 0.15602343439544958
rmse_direct: 0.20291696445046686
bias_indirect: 0.06982758620689658
rmse_indirect: 0.07936276378669076
bias_total: 0.15198895163682893
rmse_total: 0.17430016595477074
bias_mr: 0.1324238685911456
rmse_mr: 0.14522968384536572
coverage: 0.0
