Experiment: expname : baselines_experiment, data : uniform, n_samples : 5000, mediator_dimension : 1, covariate_dimension : 1, alpha : 0.5, beta : 0.25, stochasticity : 1, gamma : 0.3, noise : uniform, 
Running with estimator : kme_dml, regularization : True, sample_splits : 1, reg_lambda : 0.001, reg_lambda_tilde : 0.001, kernel : gauss, density : gaussian, bandwidth : 0.3, bandwidth_mode : heuristic, epsilon : 0.3, normalized : True, random_seed : 29, 
bias_direct: 0.050764173776757626
rmse_direct: 0.06397124705203062
bias_indirect: 0.02252925131575593
rmse_indirect: 0.023832842933964947
bias_total: 0.0313302674653645
rmse_total: 0.04333644514043327
bias_mr: 0.05222109182652256
rmse_mr: 0.06003404426215747
coverage: 0.9310344827586207
