Experiment: expname : nonparametric_experiment, data : uniform, n_samples : 500, mediator_dimension : 1, covariate_dimension : 1, alpha : 0.0, beta : 0.0, stochasticity : 1, gamma : 0.3, noise : uniform, 
Running with estimator : kme_dml, regularization : True, sample_splits : 1, reg_lambda : 0.001, reg_lambda_tilde : 0.001, kernel : gauss, density : gaussian, bandwidth : 0.3, bandwidth_mode : heuristic, epsilon : 0.1, normalized : True, random_seed : 41, 
bias_direct: 0.15494541078434867
rmse_direct: 0.1767093322693677
bias_indirect: 0.03970218797090038
rmse_indirect: 0.056885442953506456
bias_total: 0.1894394677495355
rmse_total: 0.21322410796495597
bias_mr: 0.08089908340978284
rmse_mr: 0.10052013826125165
coverage: 0.9655172413793104
