Experiment: expname : nonparametric_experiment, data : uniform, n_samples : 500, mediator_dimension : 1, covariate_dimension : 1, alpha : 0.0, beta : 0.0, stochasticity : 1, gamma : 0.3, noise : uniform, 
Running with estimator : kme_dml, regularization : True, sample_splits : 1, reg_lambda : 0.001, reg_lambda_tilde : 0.001, kernel : linear, density : conditional_kernel, bandwidth : 0.3, bandwidth_mode : heuristic, epsilon : 0.1, normalized : True, random_seed : 89, 
bias_direct: 0.11721741808145389
rmse_direct: 0.14561511100777427
bias_indirect: 0.009503047126595865
rmse_indirect: 0.011336460876065461
bias_total: 0.12542595825253883
rmse_total: 0.15406957520728395
bias_mr: 0.08974168571053481
rmse_mr: 0.11014532224560214
coverage: 0.896551724137931
