Experiment: expname : nonparametric_experiment, data : uniform, n_samples : 500, mediator_dimension : 1, covariate_dimension : 1, alpha : 0.0, beta : 0.0, stochasticity : 1, gamma : 0.3, noise : uniform, 
Running with estimator : ipw, regularization : True, sample_splits : 1, reg_lambda : 0.001, reg_lambda_tilde : 0.001, kernel : gauss, density : conditional_kernel, bandwidth : 0.3, bandwidth_mode : heuristic, epsilon : 0.1, normalized : True, random_seed : 48, 
bias_direct: 0.2091261918776908
rmse_direct: 0.221952820317102
bias_indirect: 0.012103580623705918
rmse_indirect: 0.014141464017290575
bias_total: 0.20229378826702027
rmse_total: 0.2145869733658211
bias_mr: 0.06588095007908841
rmse_mr: 0.08397766555527736
coverage: 0.0
