Experiment: expname : baselines_experiment, data : uniform, n_samples : 500, mediator_dimension : 1, covariate_dimension : 1, alpha : 0.5, beta : 0.25, stochasticity : 1, gamma : 0.3, noise : uniform, 
Running with estimator : kme_dml, regularization : True, sample_splits : 1, reg_lambda : 0.001, reg_lambda_tilde : 0.001, kernel : gauss, density : gaussian, bandwidth : 0.3, bandwidth_mode : heuristic, epsilon : 0.3, normalized : True, random_seed : 11, 
bias_direct: 0.07607477125959995
rmse_direct: 0.09701028936123365
bias_indirect: 0.056552351692808
rmse_indirect: 0.07487462476582253
bias_total: 0.052623205304459644
rmse_total: 0.06526173943075203
bias_mr: 0.1267370462690928
rmse_mr: 0.1521017560008875
coverage: 0.9655172413793104
