Experiment: expname : nonparametric_experiment, data : uniform, n_samples : 5000, mediator_dimension : 1, covariate_dimension : 1, alpha : 0.0, beta : 0.0, stochasticity : 1, gamma : 0.3, noise : uniform, 
Running with estimator : kme_dml, regularization : True, sample_splits : 1, reg_lambda : 0.001, reg_lambda_tilde : 0.001, kernel : linear, density : gaussian, bandwidth : 0.3, bandwidth_mode : heuristic, epsilon : 0.1, normalized : True, random_seed : 51, 
bias_direct: 0.024778451954959785
rmse_direct: 0.032347855734688374
bias_indirect: 0.019399012098599146
rmse_indirect: 0.02410828002583901
bias_total: 0.01725099728853806
rmse_total: 0.019770554943062704
bias_mr: 0.02231097262775267
rmse_mr: 0.028943183353943212
coverage: 1.0
