Experiment: expname : nonparametric_experiment, data : uniform, n_samples : 5000, mediator_dimension : 1, covariate_dimension : 1, alpha : 0.0, beta : 0.0, stochasticity : 1, gamma : 0.3, noise : uniform, 
Running with estimator : kme_dml, regularization : True, sample_splits : 1, reg_lambda : 0.001, reg_lambda_tilde : 0.001, kernel : linear, density : conditional_kernel, bandwidth : 0.3, bandwidth_mode : heuristic, epsilon : 0.1, normalized : True, random_seed : 58, 
bias_direct: 0.029802551781270965
rmse_direct: 0.03364258352187096
bias_indirect: 0.00837847063547198
rmse_indirect: 0.010722110380583705
bias_total: 0.033819143602659446
rmse_total: 0.03826969334485677
bias_mr: 0.033853526471983676
rmse_mr: 0.041309844345302583
coverage: 1.0
