Experiment: expname : nonparametric_experiment, data : uniform, n_samples : 5000, mediator_dimension : 1, covariate_dimension : 1, alpha : 0.0, beta : 0.0, stochasticity : 1, gamma : 0.3, noise : uniform, 
Running with estimator : kme_dml, regularization : True, sample_splits : 1, reg_lambda : 0.001, reg_lambda_tilde : 0.001, kernel : linear, density : conditional_kernel, bandwidth : 0.3, bandwidth_mode : heuristic, epsilon : 0.1, normalized : True, random_seed : 82, 
bias_direct: 0.019297292716679935
rmse_direct: 0.026984405276362613
bias_indirect: 0.008783092908709931
rmse_indirect: 0.010303415754626033
bias_total: 0.020938886941764757
rmse_total: 0.02558079838694273
bias_mr: 0.019668754069324258
rmse_mr: 0.0305549887596424
coverage: 0.9655172413793104
