Experiment: expname : nonparametric_experiment, data : uniform, n_samples : 1000, mediator_dimension : 1, covariate_dimension : 1, alpha : 0.0, beta : 0.0, stochasticity : 1, gamma : 0.3, noise : uniform, 
Running with estimator : kme_dml, regularization : True, sample_splits : 1, reg_lambda : 0.001, reg_lambda_tilde : 0.001, kernel : gauss, density : conditional_kernel, bandwidth : 0.3, bandwidth_mode : heuristic, epsilon : 0.1, normalized : True, random_seed : 84, 
bias_direct: 0.06801512949068458
rmse_direct: 0.08516494945454907
bias_indirect: 0.03742598837016797
rmse_indirect: 0.040534779866920896
bias_total: 0.04745552969866622
rmse_total: 0.06533215888170883
bias_mr: 0.06381694482406232
rmse_mr: 0.07127405265272328
coverage: 1.0
