Experiment: expname : nonparametric_experiment, data : uniform, n_samples : 1000, mediator_dimension : 1, covariate_dimension : 1, alpha : 0.0, beta : 0.0, stochasticity : 1, gamma : 0.3, noise : uniform, 
Running with estimator : ipw, regularization : True, sample_splits : 1, reg_lambda : 0.001, reg_lambda_tilde : 0.001, kernel : gauss, density : conditional_kernel, bandwidth : 0.3, bandwidth_mode : heuristic, epsilon : 0.1, normalized : True, random_seed : 19, 
bias_direct: 0.17151763408388557
rmse_direct: 0.2029341863235786
bias_indirect: 0.014502914303466235
rmse_indirect: 0.016658997375211468
bias_total: 0.18450365122777745
rmse_total: 0.21813792565219514
bias_mr: 0.1103867616339965
rmse_mr: 0.12584798049495657
coverage: 0.0
