Experiment: expname : nonparametric_experiment, data : uniform, n_samples : 5000, mediator_dimension : 1, covariate_dimension : 1, alpha : 0.0, beta : 0.0, stochasticity : 1, gamma : 0.3, noise : uniform, 
Running with estimator : kme_dml, regularization : True, sample_splits : 1, reg_lambda : 0.001, reg_lambda_tilde : 0.001, kernel : gauss, density : gaussian, bandwidth : 0.3, bandwidth_mode : heuristic, epsilon : 0.1, normalized : True, random_seed : 20, 
bias_direct: 0.024111330783597725
rmse_direct: 0.030657059302317755
bias_indirect: 0.016257688496742376
rmse_indirect: 0.01973719774686313
bias_total: 0.0228614956696465
rmse_total: 0.02956892241476388
bias_mr: 0.03454596344464385
rmse_mr: 0.04042564153469635
coverage: 1.0
