Experiment: expname : nonparametric_experiment, data : uniform, n_samples : 5000, mediator_dimension : 1, covariate_dimension : 1, alpha : 0.0, beta : 0.0, stochasticity : 1, gamma : 0.3, noise : uniform, 
Running with estimator : kme_dml, regularization : True, sample_splits : 1, reg_lambda : 0.001, reg_lambda_tilde : 0.001, kernel : linear, density : gaussian, bandwidth : 0.3, bandwidth_mode : heuristic, epsilon : 0.1, normalized : True, random_seed : 97, 
bias_direct: 0.023844198466183405
rmse_direct: 0.03085633668866053
bias_indirect: 0.020057528857619213
rmse_indirect: 0.022804166780790915
bias_total: 0.04029709474138681
rmse_total: 0.05039612604601106
bias_mr: 0.03736670387933355
rmse_mr: 0.04378269537609606
coverage: 1.0
