Experiment: expname : nonparametric_experiment, data : uniform, n_samples : 5000, mediator_dimension : 1, covariate_dimension : 1, alpha : 0.0, beta : 0.0, stochasticity : 1, gamma : 0.3, noise : uniform, 
Running with estimator : kme_g_computation, regularization : True, sample_splits : 1, reg_lambda : 0.001, reg_lambda_tilde : 0.001, kernel : linear, density : conditional_kernel, bandwidth : 0.3, bandwidth_mode : heuristic, epsilon : 0.1, normalized : True, random_seed : 59, 
bias_direct: 0.1623258807603608
rmse_direct: 0.18438528743637045
bias_indirect: 0.15482480400555826
rmse_indirect: 0.17596659698814177
bias_total: 0.007501076754802589
rmse_total: 0.00894221147980123
bias_mr: 0.16335380686351078
rmse_mr: 0.18727748650392398
coverage: 0.0
