Experiment: expname : baselines_experiment, data : uniform, n_samples : 1000, mediator_dimension : 1, covariate_dimension : 1, alpha : 0.5, beta : 0.25, stochasticity : 1, gamma : 0.3, noise : uniform, 
Running with estimator : linear, regularization : True, sample_splits : 1, reg_lambda : 0.001, reg_lambda_tilde : 0.001, kernel : gauss, density : gaussian, bandwidth : 0.3, bandwidth_mode : heuristic, epsilon : 0.3, normalized : True, random_seed : 31, 
bias_direct: 0.39252319852382
rmse_direct: 0.44163169307671335
bias_indirect: 0.003083214244040643
rmse_indirect: 0.003504236893260827
bias_total: 0.39560641276786057
rmse_total: 0.44482898709525315
bias_mr: 0.38094868689052563
rmse_mr: 0.4049404736337683
coverage: 0.0
