Experiment: expname : nonparametric_experiment, data : uniform, n_samples : 5000, mediator_dimension : 1, covariate_dimension : 1, alpha : 0.0, beta : 0.0, stochasticity : 1, gamma : 0.3, noise : uniform, 
Running with estimator : kme_g_computation, regularization : True, sample_splits : 1, reg_lambda : 0.001, reg_lambda_tilde : 0.001, kernel : gauss, density : conditional_kernel, bandwidth : 0.3, bandwidth_mode : heuristic, epsilon : 0.1, normalized : True, random_seed : 3, 
bias_direct: 0.16430666596574278
rmse_direct: 0.1855524272918757
bias_indirect: 0.17613460539855186
rmse_indirect: 0.19886249941466633
bias_total: 0.011827939432809065
rmse_total: 0.014175100740174449
bias_mr: 0.16878000873336668
rmse_mr: 0.19451998240381324
coverage: 0.0
