Experiment: expname : nonparametric_experiment, data : uniform, n_samples : 1000, mediator_dimension : 1, covariate_dimension : 1, alpha : 0.0, beta : 0.0, stochasticity : 1, gamma : 0.3, noise : uniform, 
Running with estimator : ipw, regularization : True, sample_splits : 1, reg_lambda : 0.001, reg_lambda_tilde : 0.001, kernel : gauss, density : gaussian, bandwidth : 0.3, bandwidth_mode : heuristic, epsilon : 0.1, normalized : True, random_seed : 0, 
bias_direct: 0.18594275712817365
rmse_direct: 0.2192665555769561
bias_indirect: 0.0698275862068966
rmse_indirect: 0.07936276378669077
bias_total: 0.17144820167534536
rmse_total: 0.20020128004659266
bias_mr: 0.11594224002799891
rmse_mr: 0.1380139964810839
coverage: 0.0
