Experiment: expname : nonparametric_experiment, data : uniform, n_samples : 500, mediator_dimension : 1, covariate_dimension : 1, alpha : 0.0, beta : 0.0, stochasticity : 1, gamma : 0.3, noise : uniform, 
Running with estimator : kme_dml, regularization : True, sample_splits : 1, reg_lambda : 0.001, reg_lambda_tilde : 0.001, kernel : linear, density : conditional_kernel, bandwidth : 0.3, bandwidth_mode : heuristic, epsilon : 0.1, normalized : True, random_seed : 83, 
bias_direct: 0.09196505393765989
rmse_direct: 0.11016734433824893
bias_indirect: 0.04207525703645368
rmse_indirect: 0.04474647116801423
bias_total: 0.10343388923460936
rmse_total: 0.11782344184145498
bias_mr: 0.0752644106766334
rmse_mr: 0.08975161614303913
coverage: 1.0
