Experiment: expname : nonparametric_experiment, data : uniform, n_samples : 500, mediator_dimension : 1, covariate_dimension : 1, alpha : 0.0, beta : 0.0, stochasticity : 1, gamma : 0.3, noise : uniform, 
Running with estimator : kme_dml, regularization : True, sample_splits : 1, reg_lambda : 0.001, reg_lambda_tilde : 0.001, kernel : linear, density : conditional_kernel, bandwidth : 0.3, bandwidth_mode : heuristic, epsilon : 0.1, normalized : True, random_seed : 18, 
bias_direct: 0.10992129799708368
rmse_direct: 0.13472533082354538
bias_indirect: 0.03939654474624857
rmse_indirect: 0.04798922674366323
bias_total: 0.09408440792481304
rmse_total: 0.10677637007180081
bias_mr: 0.05060545466355037
rmse_mr: 0.069263891568573
coverage: 1.0
