Experiment: expname : nonparametric_experiment, data : uniform, n_samples : 1000, mediator_dimension : 1, covariate_dimension : 1, alpha : 0.0, beta : 0.0, stochasticity : 1, gamma : 0.3, noise : uniform, 
Running with estimator : ipw, regularization : True, sample_splits : 1, reg_lambda : 0.001, reg_lambda_tilde : 0.001, kernel : gauss, density : conditional_kernel, bandwidth : 0.3, bandwidth_mode : heuristic, epsilon : 0.1, normalized : True, random_seed : 85, 
bias_direct: 0.12752687218948064
rmse_direct: 0.1526489812592621
bias_indirect: 0.01198174747640682
rmse_indirect: 0.01457433158377692
bias_total: 0.11704005540151666
rmse_total: 0.14198878289491032
bias_mr: 0.09222414566981331
rmse_mr: 0.11197111047758136
coverage: 0.0
