Experiment: expname : baselines_experiment, data : uniform, n_samples : 1000, mediator_dimension : 1, covariate_dimension : 1, alpha : 0.5, beta : 0.25, stochasticity : 1, gamma : 0.3, noise : uniform, 
Running with estimator : kme_dml, regularization : True, sample_splits : 1, reg_lambda : 0.001, reg_lambda_tilde : 0.001, kernel : gauss, density : gaussian, bandwidth : 0.3, bandwidth_mode : heuristic, epsilon : 0.3, normalized : True, random_seed : 11, 
bias_direct: 0.085770588715915
rmse_direct: 0.12235053735859902
bias_indirect: 0.01201101709059783
rmse_indirect: 0.01854219006066621
bias_total: 0.07496407419946063
rmse_total: 0.10894303037360442
bias_mr: 0.11262921494708168
rmse_mr: 0.1258857228058353
coverage: 0.6896551724137931
