Experiment: expname : nonparametric_experiment, data : uniform, n_samples : 500, mediator_dimension : 1, covariate_dimension : 1, alpha : 0.0, beta : 0.0, stochasticity : 1, gamma : 0.3, noise : uniform, 
Running with estimator : kme_dml, regularization : True, sample_splits : 1, reg_lambda : 0.001, reg_lambda_tilde : 0.001, kernel : linear, density : conditional_kernel, bandwidth : 0.3, bandwidth_mode : heuristic, epsilon : 0.1, normalized : True, random_seed : 58, 
bias_direct: 0.10922270949744195
rmse_direct: 0.1433326541091615
bias_indirect: 0.02300510225879312
rmse_indirect: 0.028153331848973763
bias_total: 0.11975654243582422
rmse_total: 0.1671535030160571
bias_mr: 0.07729082422463575
rmse_mr: 0.0908621483914973
coverage: 1.0
