Experiment: expname : nonparametric_experiment, data : uniform, n_samples : 1000, mediator_dimension : 1, covariate_dimension : 1, alpha : 0.0, beta : 0.0, stochasticity : 1, gamma : 0.3, noise : uniform, 
Running with estimator : kme_g_computation, regularization : True, sample_splits : 1, reg_lambda : 0.001, reg_lambda_tilde : 0.001, kernel : linear, density : conditional_kernel, bandwidth : 0.3, bandwidth_mode : heuristic, epsilon : 0.1, normalized : True, random_seed : 97, 
bias_direct: 0.1416393965170773
rmse_direct: 0.16089478218202305
bias_indirect: 0.13010026530590246
rmse_indirect: 0.14786584911288803
bias_total: 0.01153913121117487
rmse_total: 0.013214870126287196
bias_mr: 0.16868383933569153
rmse_mr: 0.2058826605761852
coverage: 0.0
