Experiment: expname : nonparametric_experiment, data : uniform, n_samples : 500, mediator_dimension : 1, covariate_dimension : 1, alpha : 0.0, beta : 0.0, stochasticity : 1, gamma : 0.3, noise : uniform, 
Running with estimator : kme_g_computation, regularization : True, sample_splits : 1, reg_lambda : 0.001, reg_lambda_tilde : 0.001, kernel : linear, density : gaussian, bandwidth : 0.3, bandwidth_mode : heuristic, epsilon : 0.1, normalized : True, random_seed : 14, 
bias_direct: 0.16079218529395248
rmse_direct: 0.1834747971186948
bias_indirect: 0.13136448061350978
rmse_indirect: 0.14930276849070884
bias_total: 0.02942770468044271
rmse_total: 0.035396440135980804
bias_mr: 0.1601487775774937
rmse_mr: 0.18214005848425363
coverage: 0.0
