Experiment: expname : nonparametric_experiment, data : uniform, n_samples : 1000, mediator_dimension : 1, covariate_dimension : 1, alpha : 0.0, beta : 0.0, stochasticity : 1, gamma : 0.3, noise : uniform, 
Running with estimator : kme_g_computation, regularization : True, sample_splits : 1, reg_lambda : 0.001, reg_lambda_tilde : 0.001, kernel : gauss, density : gaussian, bandwidth : 0.3, bandwidth_mode : heuristic, epsilon : 0.1, normalized : True, random_seed : 95, 
bias_direct: 0.15072608554555758
rmse_direct: 0.1741940697427673
bias_indirect: 0.19969604437210856
rmse_indirect: 0.2278401986363917
bias_total: 0.050488868480142654
rmse_total: 0.06676713556087813
bias_mr: 0.14824886144789404
rmse_mr: 0.17048858755608354
coverage: 0.0
