Experiment: expname : nonparametric_experiment, data : uniform, n_samples : 5000, mediator_dimension : 1, covariate_dimension : 1, alpha : 0.0, beta : 0.0, stochasticity : 1, gamma : 0.3, noise : uniform, 
Running with estimator : kme_g_computation, regularization : True, sample_splits : 1, reg_lambda : 0.001, reg_lambda_tilde : 0.001, kernel : linear, density : conditional_kernel, bandwidth : 0.3, bandwidth_mode : heuristic, epsilon : 0.1, normalized : True, random_seed : 52, 
bias_direct: 0.16446907935519003
rmse_direct: 0.18704384422973425
bias_indirect: 0.1561443320126222
rmse_indirect: 0.17746634216649967
bias_total: 0.008324747342567794
rmse_total: 0.009847762128493084
bias_mr: 0.16409635531506112
rmse_mr: 0.18647918276962325
coverage: 0.0
