Experiment: expname : nonparametric_experiment, data : uniform, n_samples : 5000, mediator_dimension : 1, covariate_dimension : 1, alpha : 0.0, beta : 0.0, stochasticity : 1, gamma : 0.3, noise : uniform, 
Running with estimator : kme_dml, regularization : True, sample_splits : 1, reg_lambda : 0.001, reg_lambda_tilde : 0.001, kernel : gauss, density : conditional_kernel, bandwidth : 0.3, bandwidth_mode : heuristic, epsilon : 0.1, normalized : True, random_seed : 53, 
bias_direct: 0.023723935666202945
rmse_direct: 0.0289392680414435
bias_indirect: 0.013657284444680383
rmse_indirect: 0.016092241089807405
bias_total: 0.032841231008398884
rmse_total: 0.040152812485546086
bias_mr: 0.03761656589165109
rmse_mr: 0.043520243706524256
coverage: 0.896551724137931
