Experiment: expname : baselines_experiment, data : uniform, n_samples : 5000, mediator_dimension : 1, covariate_dimension : 1, alpha : 0.5, beta : 0.25, stochasticity : 1, gamma : 0.3, noise : uniform, 
Running with estimator : linear, regularization : True, sample_splits : 1, reg_lambda : 0.001, reg_lambda_tilde : 0.001, kernel : gauss, density : gaussian, bandwidth : 0.3, bandwidth_mode : heuristic, epsilon : 0.3, normalized : True, random_seed : 36, 
bias_direct: 0.3014737210235282
rmse_direct: 0.3451771939858422
bias_indirect: 0.0030434911516933672
rmse_indirect: 0.00345908948711259
bias_total: 0.30413846660967764
rmse_total: 0.3481248248031183
bias_mr: 0.2849244555895847
rmse_mr: 0.30388082232539826
coverage: 0.0
