Experiment: expname : nonparametric_experiment, data : uniform, n_samples : 5000, mediator_dimension : 1, covariate_dimension : 1, alpha : 0.0, beta : 0.0, stochasticity : 1, gamma : 0.3, noise : uniform, 
Running with estimator : kme_dml, regularization : True, sample_splits : 1, reg_lambda : 0.001, reg_lambda_tilde : 0.001, kernel : linear, density : conditional_kernel, bandwidth : 0.3, bandwidth_mode : heuristic, epsilon : 0.1, normalized : True, random_seed : 9, 
bias_direct: 0.03461931034234397
rmse_direct: 0.04442853656551082
bias_indirect: 0.015665158161666175
rmse_indirect: 0.020525817474439302
bias_total: 0.03329159365015847
rmse_total: 0.03858993530697825
bias_mr: 0.03248018424152542
rmse_mr: 0.043488483979779856
coverage: 0.9310344827586207
