Experiment: expname : nonparametric_experiment, data : uniform, n_samples : 500, mediator_dimension : 1, covariate_dimension : 1, alpha : 0.0, beta : 0.0, stochasticity : 1, gamma : 0.3, noise : uniform, 
Running with estimator : kme_dml, regularization : True, sample_splits : 1, reg_lambda : 0.001, reg_lambda_tilde : 0.001, kernel : gauss, density : conditional_kernel, bandwidth : 0.3, bandwidth_mode : heuristic, epsilon : 0.1, normalized : True, random_seed : 87, 
bias_direct: 0.08368248815061598
rmse_direct: 0.09393284164534384
bias_indirect: 0.029185821799915423
rmse_indirect: 0.03514093514554523
bias_total: 0.09622402146652534
rmse_total: 0.10859717172934548
bias_mr: 0.04988908288410575
rmse_mr: 0.05610464128325629
coverage: 1.0
