Experiment: expname : nonparametric_experiment, data : uniform, n_samples : 1000, mediator_dimension : 1, covariate_dimension : 1, alpha : 0.0, beta : 0.0, stochasticity : 1, gamma : 0.3, noise : uniform, 
Running with estimator : kme_dml, regularization : True, sample_splits : 1, reg_lambda : 0.001, reg_lambda_tilde : 0.001, kernel : gauss, density : gaussian, bandwidth : 0.3, bandwidth_mode : heuristic, epsilon : 0.1, normalized : True, random_seed : 61, 
bias_direct: 0.041724905958243366
rmse_direct: 0.057812699501135455
bias_indirect: 0.029629324350595766
rmse_indirect: 0.0362917963441194
bias_total: 0.068405131786126
rmse_total: 0.08761547988236151
bias_mr: 0.07229284000040552
rmse_mr: 0.1037441252368376
coverage: 0.8275862068965517
