Experiment: expname : baselines_experiment, data : uniform, n_samples : 5000, mediator_dimension : 1, covariate_dimension : 1, alpha : 0.5, beta : 0.25, stochasticity : 1, gamma : 0.3, noise : uniform, 
Running with estimator : kme_dml, regularization : True, sample_splits : 1, reg_lambda : 0.001, reg_lambda_tilde : 0.001, kernel : gauss, density : gaussian, bandwidth : 0.3, bandwidth_mode : heuristic, epsilon : 0.3, normalized : True, random_seed : 88, 
bias_direct: 0.044932630761112285
rmse_direct: 0.06500150714681616
bias_indirect: 0.014027417851327186
rmse_indirect: 0.01693839291331019
bias_total: 0.03948001196868571
rmse_total: 0.05614484181602581
bias_mr: 0.03807648830165087
rmse_mr: 0.05086715046819136
coverage: 1.0
