Experiment: expname : baselines_experiment, data : uniform, n_samples : 500, mediator_dimension : 1, covariate_dimension : 1, alpha : 0.5, beta : 0.25, stochasticity : 1, gamma : 0.3, noise : uniform, 
Running with estimator : kme_g_computation, regularization : True, sample_splits : 1, reg_lambda : 0.001, reg_lambda_tilde : 0.001, kernel : gauss, density : gaussian, bandwidth : 0.3, bandwidth_mode : heuristic, epsilon : 0.3, normalized : True, random_seed : 44, 
bias_direct: 0.2697518997896325
rmse_direct: 0.3681486554319752
bias_indirect: 0.4148752614675643
rmse_indirect: 0.5093422150400868
bias_total: 0.14512336167793183
rmse_total: 0.1630624422759624
bias_mr: 0.3819918383256725
rmse_mr: 0.5239295864971358
coverage: 0.0
