Experiment: expname : baselines_experiment, data : uniform, n_samples : 5000, mediator_dimension : 1, covariate_dimension : 1, alpha : 0.5, beta : 0.25, stochasticity : 1, gamma : 0.3, noise : uniform, 
Running with estimator : kme_g_computation, regularization : True, sample_splits : 1, reg_lambda : 0.001, reg_lambda_tilde : 0.001, kernel : gauss, density : gaussian, bandwidth : 0.3, bandwidth_mode : heuristic, epsilon : 0.3, normalized : True, random_seed : 5, 
bias_direct: 0.36805718274868404
rmse_direct: 0.48080909905903413
bias_indirect: 0.41120562539535627
rmse_indirect: 0.5381248602218714
bias_total: 0.04690838854595605
rmse_total: 0.061744083476469674
bias_mr: 0.3923395853410906
rmse_mr: 0.514979364597214
coverage: 0.0
