Experiment: expname : nonparametric_experiment, data : uniform, n_samples : 5000, mediator_dimension : 1, covariate_dimension : 1, alpha : 0.0, beta : 0.0, stochasticity : 1, gamma : 0.3, noise : uniform, 
Running with estimator : kme_dml, regularization : True, sample_splits : 1, reg_lambda : 0.001, reg_lambda_tilde : 0.001, kernel : gauss, density : gaussian, bandwidth : 0.3, bandwidth_mode : heuristic, epsilon : 0.1, normalized : True, random_seed : 65, 
bias_direct: 0.03715032993498533
rmse_direct: 0.04387678861767992
bias_indirect: 0.006698124587187284
rmse_indirect: 0.007922736221121439
bias_total: 0.04088001677848417
rmse_total: 0.04842660892730371
bias_mr: 0.04457825355847523
rmse_mr: 0.050808286368034056
coverage: 0.896551724137931
