Experiment: expname : nonparametric_experiment, data : uniform, n_samples : 1000, mediator_dimension : 1, covariate_dimension : 1, alpha : 0.0, beta : 0.0, stochasticity : 1, gamma : 0.3, noise : uniform, 
Running with estimator : kme_dml, regularization : True, sample_splits : 1, reg_lambda : 0.001, reg_lambda_tilde : 0.001, kernel : linear, density : gaussian, bandwidth : 0.3, bandwidth_mode : heuristic, epsilon : 0.1, normalized : True, random_seed : 98, 
bias_direct: 0.03900358844036248
rmse_direct: 0.048224845224003644
bias_indirect: 0.012357261517187306
rmse_indirect: 0.016503122266061383
bias_total: 0.045319506831906255
rmse_total: 0.05358986186772321
bias_mr: 0.05135801837491001
rmse_mr: 0.055285109800774494
coverage: 1.0
