Experiment: expname : nonparametric_experiment, data : uniform, n_samples : 1000, mediator_dimension : 1, covariate_dimension : 1, alpha : 0.0, beta : 0.0, stochasticity : 1, gamma : 0.3, noise : uniform, 
Running with estimator : kme_g_computation, regularization : True, sample_splits : 1, reg_lambda : 0.001, reg_lambda_tilde : 0.001, kernel : linear, density : conditional_kernel, bandwidth : 0.3, bandwidth_mode : heuristic, epsilon : 0.1, normalized : True, random_seed : 61, 
bias_direct: 0.15612558547853422
rmse_direct: 0.1775575742851233
bias_indirect: 0.09862262247345985
rmse_indirect: 0.11208988859322623
bias_total: 0.057502963005074376
rmse_total: 0.06549327793472867
bias_mr: 0.16212356215014675
rmse_mr: 0.19125679355818992
coverage: 0.0
