Experiment: expname : nonparametric_experiment, data : uniform, n_samples : 5000, mediator_dimension : 1, covariate_dimension : 1, alpha : 0.0, beta : 0.0, stochasticity : 1, gamma : 0.3, noise : uniform, 
Running with estimator : kme_dml, regularization : True, sample_splits : 1, reg_lambda : 0.001, reg_lambda_tilde : 0.001, kernel : gauss, density : conditional_kernel, bandwidth : 0.3, bandwidth_mode : heuristic, epsilon : 0.1, normalized : True, random_seed : 42, 
bias_direct: 0.02095683706549276
rmse_direct: 0.02265684427311464
bias_indirect: 0.014406637759828454
rmse_indirect: 0.01775102214558885
bias_total: 0.016365430715569916
rmse_total: 0.020912662447260123
bias_mr: 0.02529276218386292
rmse_mr: 0.03100672762982449
coverage: 1.0
