Experiment: expname : nonparametric_experiment, data : uniform, n_samples : 1000, mediator_dimension : 1, covariate_dimension : 1, alpha : 0.0, beta : 0.0, stochasticity : 1, gamma : 0.3, noise : uniform, 
Running with estimator : ipw, regularization : True, sample_splits : 1, reg_lambda : 0.001, reg_lambda_tilde : 0.001, kernel : gauss, density : conditional_kernel, bandwidth : 0.3, bandwidth_mode : heuristic, epsilon : 0.1, normalized : True, random_seed : 42, 
bias_direct: 0.14050013367172232
rmse_direct: 0.15060609928849727
bias_indirect: 0.011772790669421293
rmse_indirect: 0.014464096652351665
bias_total: 0.13975786290797754
rmse_total: 0.1524442741426948
bias_mr: 0.06493816702962406
rmse_mr: 0.09742044268833598
coverage: 0.0
