Experiment: expname : baselines_experiment, data : uniform, n_samples : 500, mediator_dimension : 1, covariate_dimension : 1, alpha : 0.5, beta : 0.25, stochasticity : 1, gamma : 0.3, noise : uniform, 
Running with estimator : linear, regularization : True, sample_splits : 1, reg_lambda : 0.001, reg_lambda_tilde : 0.001, kernel : gauss, density : gaussian, bandwidth : 0.3, bandwidth_mode : heuristic, epsilon : 0.3, normalized : True, random_seed : 64, 
bias_direct: 0.35161166452911624
rmse_direct: 0.39969392505868934
bias_indirect: 0.0008850850825280795
rmse_indirect: 0.001005946247771946
bias_total: 0.3507265794465882
rmse_total: 0.3987978143000095
bias_mr: 0.34138961676406326
rmse_mr: 0.364484401510715
coverage: 0.0
