Experiment: expname : nonparametric_experiment, data : uniform, n_samples : 5000, mediator_dimension : 1, covariate_dimension : 1, alpha : 0.0, beta : 0.0, stochasticity : 1, gamma : 0.3, noise : uniform, 
Running with estimator : kme_g_computation, regularization : True, sample_splits : 1, reg_lambda : 0.001, reg_lambda_tilde : 0.001, kernel : linear, density : gaussian, bandwidth : 0.3, bandwidth_mode : heuristic, epsilon : 0.1, normalized : True, random_seed : 29, 
bias_direct: 0.16347757413618177
rmse_direct: 0.18588058723486436
bias_indirect: 0.17713891363763015
rmse_indirect: 0.20132780449570653
bias_total: 0.013661339501448376
rmse_total: 0.015545423789222806
bias_mr: 0.16368947971208558
rmse_mr: 0.1864922893683932
coverage: 0.0
