Experiment: expname : nonparametric_experiment, data : uniform, n_samples : 1000, mediator_dimension : 1, covariate_dimension : 1, alpha : 0.0, beta : 0.0, stochasticity : 1, gamma : 0.3, noise : uniform, 
Running with estimator : kme_dml, regularization : True, sample_splits : 1, reg_lambda : 0.001, reg_lambda_tilde : 0.001, kernel : linear, density : gaussian, bandwidth : 0.3, bandwidth_mode : heuristic, epsilon : 0.1, normalized : True, random_seed : 0, 
bias_direct: 0.057747505252561136
rmse_direct: 0.06845515498393477
bias_indirect: 0.037455593418313705
rmse_indirect: 0.04201569906678188
bias_total: 0.05641999466629069
rmse_total: 0.0738511419012665
bias_mr: 0.06347152866969462
rmse_mr: 0.08383590161007604
coverage: 0.9310344827586207
