Experiment: expname : baselines_experiment, data : uniform, n_samples : 5000, mediator_dimension : 1, covariate_dimension : 1, alpha : 0.5, beta : 0.25, stochasticity : 1, gamma : 0.3, noise : uniform, 
Running with estimator : linear, regularization : True, sample_splits : 1, reg_lambda : 0.001, reg_lambda_tilde : 0.001, kernel : gauss, density : gaussian, bandwidth : 0.3, bandwidth_mode : heuristic, epsilon : 0.3, normalized : True, random_seed : 45, 
bias_direct: 0.2973625255739271
rmse_direct: 0.34064842941569196
bias_indirect: 0.006163421075278224
rmse_indirect: 0.007005055701995701
bias_total: 0.29196610801023903
rmse_total: 0.33474004782010125
bias_mr: 0.28047711983143964
rmse_mr: 0.2992234265140781
coverage: 0.0
