Experiment: expname : nonparametric_experiment, data : uniform, n_samples : 1000, mediator_dimension : 1, covariate_dimension : 1, alpha : 0.0, beta : 0.0, stochasticity : 1, gamma : 0.3, noise : uniform, 
Running with estimator : kme_g_computation, regularization : True, sample_splits : 1, reg_lambda : 0.001, reg_lambda_tilde : 0.001, kernel : gauss, density : gaussian, bandwidth : 0.3, bandwidth_mode : heuristic, epsilon : 0.1, normalized : True, random_seed : 59, 
bias_direct: 0.16833241359461873
rmse_direct: 0.18950716761175265
bias_indirect: 0.15833879109989754
rmse_indirect: 0.19369809160171086
bias_total: 0.02801475632362137
rmse_total: 0.03298885286399702
bias_mr: 0.18237427935792055
rmse_mr: 0.2132113692260433
coverage: 0.0
