Experiment: expname : nonparametric_experiment, data : uniform, n_samples : 5000, mediator_dimension : 1, covariate_dimension : 1, alpha : 0.0, beta : 0.0, stochasticity : 1, gamma : 0.3, noise : uniform, 
Running with estimator : ipw, regularization : True, sample_splits : 1, reg_lambda : 0.001, reg_lambda_tilde : 0.001, kernel : gauss, density : gaussian, bandwidth : 0.3, bandwidth_mode : heuristic, epsilon : 0.1, normalized : True, random_seed : 85, 
bias_direct: 0.07911591713721214
rmse_direct: 0.09497791754586489
bias_indirect: 0.06982758620689662
rmse_indirect: 0.0793627637866908
bias_total: 0.04129625676304192
rmse_total: 0.052455892680787077
bias_mr: 0.0824594240576735
rmse_mr: 0.09835961172777255
coverage: 0.0
