Experiment: expname : nonparametric_experiment, data : uniform, n_samples : 1000, mediator_dimension : 1, covariate_dimension : 1, alpha : 0.0, beta : 0.0, stochasticity : 1, gamma : 0.3, noise : uniform, 
Running with estimator : ipw, regularization : True, sample_splits : 1, reg_lambda : 0.001, reg_lambda_tilde : 0.001, kernel : gauss, density : gaussian, bandwidth : 0.3, bandwidth_mode : heuristic, epsilon : 0.1, normalized : True, random_seed : 79, 
bias_direct: 0.17971664616971536
rmse_direct: 0.20692159044793834
bias_indirect: 0.06982758620689662
rmse_indirect: 0.0793627637866908
bias_total: 0.1750614737559225
rmse_total: 0.19628286098477687
bias_mr: 0.08371704961894895
rmse_mr: 0.10781183501424735
coverage: 0.0
