Experiment: expname : baselines_experiment, data : uniform, n_samples : 500, mediator_dimension : 1, covariate_dimension : 1, alpha : 0.5, beta : 0.25, stochasticity : 1, gamma : 0.3, noise : uniform, 
Running with estimator : ipw, regularization : True, sample_splits : 1, reg_lambda : 0.001, reg_lambda_tilde : 0.001, kernel : gauss, density : gaussian, bandwidth : 0.3, bandwidth_mode : heuristic, epsilon : 0.3, normalized : True, random_seed : 18, 
bias_direct: 0.32223329365766334
rmse_direct: 0.3707688112367416
bias_indirect: 0.0698275862068966
rmse_indirect: 0.07936276378669078
bias_total: 0.3269955620877352
rmse_total: 0.36002771345324636
bias_mr: 0.22078995239340202
rmse_mr: 0.27903272809818347
coverage: 0.0
