Experiment: expname : nonparametric_experiment, data : uniform, n_samples : 1000, mediator_dimension : 1, covariate_dimension : 1, alpha : 0.0, beta : 0.0, stochasticity : 1, gamma : 0.3, noise : uniform, 
Running with estimator : kme_g_computation, regularization : True, sample_splits : 1, reg_lambda : 0.001, reg_lambda_tilde : 0.001, kernel : gauss, density : conditional_kernel, bandwidth : 0.3, bandwidth_mode : heuristic, epsilon : 0.1, normalized : True, random_seed : 55, 
bias_direct: 0.15314622236653314
rmse_direct: 0.17258564326565437
bias_indirect: 0.18973268635980578
rmse_indirect: 0.2132170033863261
bias_total: 0.03658646399327271
rmse_total: 0.04591331007039071
bias_mr: 0.18256632556325114
rmse_mr: 0.2138360231022946
coverage: 0.0
