Experiment: expname : baselines_experiment, data : uniform, n_samples : 5000, mediator_dimension : 1, covariate_dimension : 1, alpha : 0.5, beta : 0.25, stochasticity : 1, gamma : 0.3, noise : uniform, 
Running with estimator : kme_g_computation, regularization : True, sample_splits : 1, reg_lambda : 0.001, reg_lambda_tilde : 0.001, kernel : gauss, density : gaussian, bandwidth : 0.3, bandwidth_mode : heuristic, epsilon : 0.3, normalized : True, random_seed : 68, 
bias_direct: 0.3748716747818152
rmse_direct: 0.4852596623662276
bias_indirect: 0.39340123245390485
rmse_indirect: 0.5195060241477927
bias_total: 0.033954804258346634
rmse_total: 0.04364961472389999
bias_mr: 0.39330725057705496
rmse_mr: 0.5114635307809973
coverage: 0.0
