Experiment: expname : nonparametric_experiment, data : uniform, n_samples : 500, mediator_dimension : 1, covariate_dimension : 1, alpha : 0.0, beta : 0.0, stochasticity : 1, gamma : 0.3, noise : uniform, 
Running with estimator : kme_dml, regularization : True, sample_splits : 1, reg_lambda : 0.001, reg_lambda_tilde : 0.001, kernel : linear, density : gaussian, bandwidth : 0.3, bandwidth_mode : heuristic, epsilon : 0.1, normalized : True, random_seed : 47, 
bias_direct: 0.05090379289658876
rmse_direct: 0.059249127611779265
bias_indirect: 0.010538840273857764
rmse_indirect: 0.01271196954246073
bias_total: 0.04938936168494296
rmse_total: 0.056834649024007006
bias_mr: 0.05624292047738078
rmse_mr: 0.07269522358373902
coverage: 1.0
