Experiment: expname : baselines_experiment, data : uniform, n_samples : 1000, mediator_dimension : 1, covariate_dimension : 1, alpha : 0.5, beta : 0.25, stochasticity : 1, gamma : 0.3, noise : uniform, 
Running with estimator : ipw, regularization : True, sample_splits : 1, reg_lambda : 0.001, reg_lambda_tilde : 0.001, kernel : gauss, density : gaussian, bandwidth : 0.3, bandwidth_mode : heuristic, epsilon : 0.3, normalized : True, random_seed : 42, 
bias_direct: 0.17502334053284163
rmse_direct: 0.19464928770120468
bias_indirect: 0.0698275862068966
rmse_indirect: 0.0793627637866908
bias_total: 0.1613103928890252
rmse_total: 0.1834327052250734
bias_mr: 0.13354522734506982
rmse_mr: 0.1644108125298349
coverage: 0.0
