Experiment: expname : nonparametric_experiment, data : uniform, n_samples : 5000, mediator_dimension : 1, covariate_dimension : 1, alpha : 0.0, beta : 0.0, stochasticity : 1, gamma : 0.3, noise : uniform, 
Running with estimator : kme_dml, regularization : True, sample_splits : 1, reg_lambda : 0.001, reg_lambda_tilde : 0.001, kernel : gauss, density : conditional_kernel, bandwidth : 0.3, bandwidth_mode : heuristic, epsilon : 0.1, normalized : True, random_seed : 35, 
bias_direct: 0.03219476853421077
rmse_direct: 0.04156696396595839
bias_indirect: 0.027175877871259205
rmse_indirect: 0.030094165411078996
bias_total: 0.04182989994049864
rmse_total: 0.049207922311877275
bias_mr: 0.02945533430105379
rmse_mr: 0.0334288145022198
coverage: 1.0
