Experiment: expname : nonparametric_experiment, data : uniform, n_samples : 500, mediator_dimension : 1, covariate_dimension : 1, alpha : 0.0, beta : 0.0, stochasticity : 1, gamma : 0.3, noise : uniform, 
Running with estimator : kme_dml, regularization : True, sample_splits : 1, reg_lambda : 0.001, reg_lambda_tilde : 0.001, kernel : linear, density : conditional_kernel, bandwidth : 0.3, bandwidth_mode : heuristic, epsilon : 0.1, normalized : True, random_seed : 27, 
bias_direct: 0.06252497760440334
rmse_direct: 0.07792633847650264
bias_indirect: 0.017702894380674464
rmse_indirect: 0.020232133891745892
bias_total: 0.05662320338018222
rmse_total: 0.08206604267397215
bias_mr: 0.0676981530615428
rmse_mr: 0.08594280233240102
coverage: 0.9310344827586207
