Experiment: expname : nonparametric_experiment, data : uniform, n_samples : 1000, mediator_dimension : 1, covariate_dimension : 1, alpha : 0.0, beta : 0.0, stochasticity : 1, gamma : 0.3, noise : uniform, 
Running with estimator : kme_g_computation, regularization : True, sample_splits : 1, reg_lambda : 0.001, reg_lambda_tilde : 0.001, kernel : gauss, density : conditional_kernel, bandwidth : 0.3, bandwidth_mode : heuristic, epsilon : 0.1, normalized : True, random_seed : 77, 
bias_direct: 0.16652857993342918
rmse_direct: 0.19111816393659736
bias_indirect: 0.20513114095441717
rmse_indirect: 0.23650917645812794
bias_total: 0.04044131558142658
rmse_total: 0.06184824369431142
bias_mr: 0.16450884523989712
rmse_mr: 0.19083968138596338
coverage: 0.0
