Experiment: expname : baselines_experiment, data : uniform, n_samples : 1000, mediator_dimension : 1, covariate_dimension : 1, alpha : 0.5, beta : 0.25, stochasticity : 1, gamma : 0.3, noise : uniform, 
Running with estimator : linear, regularization : True, sample_splits : 1, reg_lambda : 0.001, reg_lambda_tilde : 0.001, kernel : gauss, density : gaussian, bandwidth : 0.3, bandwidth_mode : heuristic, epsilon : 0.3, normalized : True, random_seed : 92, 
bias_direct: 0.28372085434430144
rmse_direct: 0.3257965154252486
bias_indirect: 0.013136517799799274
rmse_indirect: 0.014930350822038868
bias_total: 0.2731823092576228
rmse_total: 0.3135049475269886
bias_mr: 0.2645428251505453
rmse_mr: 0.2833003225281947
coverage: 0.0
