Experiment: expname : nonparametric_experiment, data : uniform, n_samples : 5000, mediator_dimension : 1, covariate_dimension : 1, alpha : 0.0, beta : 0.0, stochasticity : 1, gamma : 0.3, noise : uniform, 
Running with estimator : kme_dml, regularization : True, sample_splits : 1, reg_lambda : 0.001, reg_lambda_tilde : 0.001, kernel : gauss, density : conditional_kernel, bandwidth : 0.3, bandwidth_mode : heuristic, epsilon : 0.1, normalized : True, random_seed : 14, 
bias_direct: 0.03608851345172911
rmse_direct: 0.043739255577370954
bias_indirect: 0.00805260937210594
rmse_indirect: 0.012244939488285532
bias_total: 0.03528113751014095
rmse_total: 0.04203008934467385
bias_mr: 0.032658856790707305
rmse_mr: 0.04228501750073353
coverage: 0.9310344827586207
