Experiment: expname : nonparametric_experiment, data : uniform, n_samples : 5000, mediator_dimension : 1, covariate_dimension : 1, alpha : 0.0, beta : 0.0, stochasticity : 1, gamma : 0.3, noise : uniform, 
Running with estimator : kme_g_computation, regularization : True, sample_splits : 1, reg_lambda : 0.001, reg_lambda_tilde : 0.001, kernel : linear, density : gaussian, bandwidth : 0.3, bandwidth_mode : heuristic, epsilon : 0.1, normalized : True, random_seed : 49, 
bias_direct: 0.15651720193140523
rmse_direct: 0.17789044639501575
bias_indirect: 0.1439451548492629
rmse_indirect: 0.1636013023656099
bias_total: 0.012572047082142313
rmse_total: 0.01428914441162502
bias_mr: 0.15602542453421678
rmse_mr: 0.17827308124348212
coverage: 0.0
