Experiment: expname : nonparametric_experiment, data : uniform, n_samples : 1000, mediator_dimension : 1, covariate_dimension : 1, alpha : 0.0, beta : 0.0, stochasticity : 1, gamma : 0.3, noise : uniform, 
Running with estimator : kme_dml, regularization : True, sample_splits : 1, reg_lambda : 0.001, reg_lambda_tilde : 0.001, kernel : linear, density : conditional_kernel, bandwidth : 0.3, bandwidth_mode : heuristic, epsilon : 0.1, normalized : True, random_seed : 82, 
bias_direct: 0.07251625871875823
rmse_direct: 0.08615413612168134
bias_indirect: 0.026895816002297117
rmse_indirect: 0.04059152610858313
bias_total: 0.09907161373672647
rmse_total: 0.11464532780020523
bias_mr: 0.09769726495098476
rmse_mr: 0.10605556678911758
coverage: 0.8275862068965517
