Experiment: expname : nonparametric_experiment, data : uniform, n_samples : 5000, mediator_dimension : 1, covariate_dimension : 1, alpha : 0.0, beta : 0.0, stochasticity : 1, gamma : 0.3, noise : uniform, 
Running with estimator : kme_g_computation, regularization : True, sample_splits : 1, reg_lambda : 0.001, reg_lambda_tilde : 0.001, kernel : gauss, density : gaussian, bandwidth : 0.3, bandwidth_mode : heuristic, epsilon : 0.1, normalized : True, random_seed : 38, 
bias_direct: 0.1602194169041372
rmse_direct: 0.18321132011375604
bias_indirect: 0.16978540287713004
rmse_indirect: 0.19840959373773248
bias_total: 0.017407133086295448
rmse_total: 0.02603919885072105
bias_mr: 0.15984403234986788
rmse_mr: 0.18364728845938968
coverage: 0.0
