Experiment: expname : nonparametric_experiment, data : uniform, n_samples : 1000, mediator_dimension : 1, covariate_dimension : 1, alpha : 0.0, beta : 0.0, stochasticity : 1, gamma : 0.3, noise : uniform, 
Running with estimator : kme_dml, regularization : True, sample_splits : 1, reg_lambda : 0.001, reg_lambda_tilde : 0.001, kernel : gauss, density : gaussian, bandwidth : 0.3, bandwidth_mode : heuristic, epsilon : 0.1, normalized : True, random_seed : 21, 
bias_direct: 0.019815978033304003
rmse_direct: 0.024895156735390802
bias_indirect: 0.034361442849077765
rmse_indirect: 0.04208190787010825
bias_total: 0.02843826436287329
rmse_total: 0.033356244436321035
bias_mr: 0.026251345525701585
rmse_mr: 0.03218711107849076
coverage: 1.0
