Experiment: expname : baselines_experiment, data : uniform, n_samples : 1000, mediator_dimension : 1, covariate_dimension : 1, alpha : 0.5, beta : 0.25, stochasticity : 1, gamma : 0.3, noise : uniform, 
Running with estimator : linear, regularization : True, sample_splits : 1, reg_lambda : 0.001, reg_lambda_tilde : 0.001, kernel : gauss, density : gaussian, bandwidth : 0.3, bandwidth_mode : heuristic, epsilon : 0.3, normalized : True, random_seed : 38, 
bias_direct: 0.26461017014216937
rmse_direct: 0.3031404316119104
bias_indirect: 0.0025489516036619887
rmse_indirect: 0.0028970190008537544
bias_total: 0.26654737336095247
rmse_total: 0.3054663968402374
bias_mr: 0.2401021091226075
rmse_mr: 0.2590951932174632
coverage: 0.0
