Experiment: expname : nonparametric_experiment, data : uniform, n_samples : 500, mediator_dimension : 1, covariate_dimension : 1, alpha : 0.0, beta : 0.0, stochasticity : 1, gamma : 0.3, noise : uniform, 
Running with estimator : kme_dml, regularization : True, sample_splits : 1, reg_lambda : 0.001, reg_lambda_tilde : 0.001, kernel : gauss, density : gaussian, bandwidth : 0.3, bandwidth_mode : heuristic, epsilon : 0.1, normalized : True, random_seed : 56, 
bias_direct: 0.1225051029579446
rmse_direct: 0.15095592280287937
bias_indirect: 0.0736877054802385
rmse_indirect: 0.08515445441436721
bias_total: 0.19355476874184974
rmse_total: 0.23259402080010805
bias_mr: 0.09174391514554198
rmse_mr: 0.10585114560963936
coverage: 1.0
