Experiment: expname : nonparametric_experiment, data : uniform, n_samples : 5000, mediator_dimension : 1, covariate_dimension : 1, alpha : 0.0, beta : 0.0, stochasticity : 1, gamma : 0.3, noise : uniform, 
Running with estimator : kme_g_computation, regularization : True, sample_splits : 1, reg_lambda : 0.001, reg_lambda_tilde : 0.001, kernel : gauss, density : conditional_kernel, bandwidth : 0.3, bandwidth_mode : heuristic, epsilon : 0.1, normalized : True, random_seed : 0, 
bias_direct: 0.15749768150537685
rmse_direct: 0.17866840137131043
bias_indirect: 0.17503190296547147
rmse_indirect: 0.197186827329669
bias_total: 0.0175342214600946
rmse_total: 0.019706389642234676
bias_mr: 0.16021984764548644
rmse_mr: 0.18471550764013303
coverage: 0.0
