Experiment: expname : nonparametric_experiment, data : uniform, n_samples : 500, mediator_dimension : 1, covariate_dimension : 1, alpha : 0.0, beta : 0.0, stochasticity : 1, gamma : 0.3, noise : uniform, 
Running with estimator : kme_g_computation, regularization : True, sample_splits : 1, reg_lambda : 0.001, reg_lambda_tilde : 0.001, kernel : linear, density : conditional_kernel, bandwidth : 0.3, bandwidth_mode : heuristic, epsilon : 0.1, normalized : True, random_seed : 18, 
bias_direct: 0.15567756548285094
rmse_direct: 0.1789283955771938
bias_indirect: 0.1586223420915005
rmse_indirect: 0.18028278439515366
bias_total: 0.01509308631716337
rmse_total: 0.0202497317556024
bias_mr: 0.15773670086836522
rmse_mr: 0.18432851839071937
coverage: 0.0
