Experiment: expname : baselines_experiment, data : uniform, n_samples : 5000, mediator_dimension : 1, covariate_dimension : 1, alpha : 0.5, beta : 0.25, stochasticity : 1, gamma : 0.3, noise : uniform, 
Running with estimator : linear, regularization : True, sample_splits : 1, reg_lambda : 0.001, reg_lambda_tilde : 0.001, kernel : gauss, density : gaussian, bandwidth : 0.3, bandwidth_mode : heuristic, epsilon : 0.3, normalized : True, random_seed : 3, 
bias_direct: 0.282829803617896
rmse_direct: 0.32483637483085614
bias_indirect: 0.0007439413225641115
rmse_indirect: 0.0008455288613138781
bias_total: 0.2821784416599176
rmse_total: 0.3241353198963636
bias_mr: 0.2636823244476205
rmse_mr: 0.2822842104892096
coverage: 0.0
