Experiment: expname : baselines_experiment, data : uniform, n_samples : 500, mediator_dimension : 1, covariate_dimension : 1, alpha : 0.5, beta : 0.25, stochasticity : 1, gamma : 0.3, noise : uniform, 
Running with estimator : kme_g_computation, regularization : True, sample_splits : 1, reg_lambda : 0.001, reg_lambda_tilde : 0.001, kernel : gauss, density : gaussian, bandwidth : 0.3, bandwidth_mode : heuristic, epsilon : 0.3, normalized : True, random_seed : 18, 
bias_direct: 0.3698877013861486
rmse_direct: 0.5004639400322921
bias_indirect: 0.4014355536729216
rmse_indirect: 0.544246855005532
bias_total: 0.09550893394422043
rmse_total: 0.12649724102312643
bias_mr: 0.3595999912324427
rmse_mr: 0.46898211223500424
coverage: 0.0
