Experiment: expname : nonparametric_experiment, data : uniform, n_samples : 1000, mediator_dimension : 1, covariate_dimension : 1, alpha : 0.0, beta : 0.0, stochasticity : 1, gamma : 0.3, noise : uniform, 
Running with estimator : kme_g_computation, regularization : True, sample_splits : 1, reg_lambda : 0.001, reg_lambda_tilde : 0.001, kernel : gauss, density : gaussian, bandwidth : 0.3, bandwidth_mode : heuristic, epsilon : 0.1, normalized : True, random_seed : 12, 
bias_direct: 0.16893775581359693
rmse_direct: 0.19545557264845753
bias_indirect: 0.18768575195210563
rmse_indirect: 0.23066779128239887
bias_total: 0.05385474234746552
rmse_total: 0.07256776064231736
bias_mr: 0.18244248088510825
rmse_mr: 0.2268610728303198
coverage: 0.0
