Experiment: expname : nonparametric_experiment, data : uniform, n_samples : 1000, mediator_dimension : 1, covariate_dimension : 1, alpha : 0.0, beta : 0.0, stochasticity : 1, gamma : 0.3, noise : uniform, 
Running with estimator : kme_g_computation, regularization : True, sample_splits : 1, reg_lambda : 0.001, reg_lambda_tilde : 0.001, kernel : gauss, density : conditional_kernel, bandwidth : 0.3, bandwidth_mode : heuristic, epsilon : 0.1, normalized : True, random_seed : 63, 
bias_direct: 0.17897045898685615
rmse_direct: 0.20217497115944058
bias_indirect: 0.1474794583477668
rmse_indirect: 0.16811267077966893
bias_total: 0.0449526964164128
rmse_total: 0.06124416918869409
bias_mr: 0.18619611423132404
rmse_mr: 0.2106107470225703
coverage: 0.0
