Experiment: expname : nonparametric_experiment, data : uniform, n_samples : 5000, mediator_dimension : 1, covariate_dimension : 1, alpha : 0.0, beta : 0.0, stochasticity : 1, gamma : 0.3, noise : uniform, 
Running with estimator : kme_dml, regularization : True, sample_splits : 1, reg_lambda : 0.001, reg_lambda_tilde : 0.001, kernel : gauss, density : gaussian, bandwidth : 0.3, bandwidth_mode : heuristic, epsilon : 0.1, normalized : True, random_seed : 97, 
bias_direct: 0.02386575285234286
rmse_direct: 0.03268969057261413
bias_indirect: 0.01954543498986788
rmse_indirect: 0.02397225264583816
bias_total: 0.040345702111434546
rmse_total: 0.05062343221793649
bias_mr: 0.033971871118262144
rmse_mr: 0.039129032412182685
coverage: 1.0
