Experiment: expname : nonparametric_experiment, data : uniform, n_samples : 5000, mediator_dimension : 1, covariate_dimension : 1, alpha : 0.0, beta : 0.0, stochasticity : 1, gamma : 0.3, noise : uniform, 
Running with estimator : kme_dml, regularization : True, sample_splits : 1, reg_lambda : 0.001, reg_lambda_tilde : 0.001, kernel : gauss, density : conditional_kernel, bandwidth : 0.3, bandwidth_mode : heuristic, epsilon : 0.1, normalized : True, random_seed : 31, 
bias_direct: 0.03871072167387777
rmse_direct: 0.04560743428692251
bias_indirect: 0.025241479491513272
rmse_indirect: 0.02984202822512404
bias_total: 0.039241808628039096
rmse_total: 0.05368124678867855
bias_mr: 0.02841352195207628
rmse_mr: 0.034009487665360126
coverage: 1.0
