Experiment: expname : nonparametric_experiment, data : uniform, n_samples : 5000, mediator_dimension : 1, covariate_dimension : 1, alpha : 0.0, beta : 0.0, stochasticity : 1, gamma : 0.3, noise : uniform, 
Running with estimator : kme_g_computation, regularization : True, sample_splits : 1, reg_lambda : 0.001, reg_lambda_tilde : 0.001, kernel : gauss, density : conditional_kernel, bandwidth : 0.3, bandwidth_mode : heuristic, epsilon : 0.1, normalized : True, random_seed : 97, 
bias_direct: 0.17036336656249546
rmse_direct: 0.19353062663141196
bias_indirect: 0.16502486487762863
rmse_indirect: 0.19092377325825718
bias_total: 0.025488966697666864
rmse_total: 0.03306314667559471
bias_mr: 0.17202597358774807
rmse_mr: 0.19676615726591276
coverage: 0.0
