Experiment: expname : nonparametric_experiment, data : uniform, n_samples : 1000, mediator_dimension : 1, covariate_dimension : 1, alpha : 0.0, beta : 0.0, stochasticity : 1, gamma : 0.3, noise : uniform, 
Running with estimator : kme_g_computation, regularization : True, sample_splits : 1, reg_lambda : 0.001, reg_lambda_tilde : 0.001, kernel : linear, density : conditional_kernel, bandwidth : 0.3, bandwidth_mode : heuristic, epsilon : 0.1, normalized : True, random_seed : 86, 
bias_direct: 0.16231240182593415
rmse_direct: 0.1846380797817807
bias_indirect: 0.19176197910524223
rmse_indirect: 0.2179476589675325
bias_total: 0.029449577279308053
rmse_total: 0.03348366689006748
bias_mr: 0.1639931783973333
rmse_mr: 0.19043872703573184
coverage: 0.0
