Experiment: expname : nonparametric_experiment, data : uniform, n_samples : 5000, mediator_dimension : 1, covariate_dimension : 1, alpha : 0.0, beta : 0.0, stochasticity : 1, gamma : 0.3, noise : uniform, 
Running with estimator : kme_dml, regularization : True, sample_splits : 1, reg_lambda : 0.001, reg_lambda_tilde : 0.001, kernel : gauss, density : conditional_kernel, bandwidth : 0.3, bandwidth_mode : heuristic, epsilon : 0.1, normalized : True, random_seed : 24, 
bias_direct: 0.03245514692340712
rmse_direct: 0.038827421555335084
bias_indirect: 0.017338556856923152
rmse_indirect: 0.01994519496592555
bias_total: 0.022523887251298762
rmse_total: 0.030916675880486875
bias_mr: 0.02366193978484119
rmse_mr: 0.026684633436985513
coverage: 1.0
