Experiment: expname : baselines_experiment, data : uniform, n_samples : 5000, mediator_dimension : 1, covariate_dimension : 1, alpha : 0.5, beta : 0.25, stochasticity : 1, gamma : 0.3, noise : uniform, 
Running with estimator : kme_g_computation, regularization : True, sample_splits : 1, reg_lambda : 0.001, reg_lambda_tilde : 0.001, kernel : gauss, density : gaussian, bandwidth : 0.3, bandwidth_mode : heuristic, epsilon : 0.3, normalized : True, random_seed : 36, 
bias_direct: 0.3681911310285683
rmse_direct: 0.47476389810542724
bias_indirect: 0.39952325921260756
rmse_indirect: 0.5161126970456889
bias_total: 0.03753766285482021
rmse_total: 0.05758613651560388
bias_mr: 0.3994021866626265
rmse_mr: 0.5197957459608339
coverage: 0.0
