Experiment: expname : nonparametric_experiment, data : uniform, n_samples : 500, mediator_dimension : 1, covariate_dimension : 1, alpha : 0.0, beta : 0.0, stochasticity : 1, gamma : 0.3, noise : uniform, 
Running with estimator : ipw, regularization : True, sample_splits : 1, reg_lambda : 0.001, reg_lambda_tilde : 0.001, kernel : gauss, density : conditional_kernel, bandwidth : 0.3, bandwidth_mode : heuristic, epsilon : 0.1, normalized : True, random_seed : 14, 
bias_direct: 0.12555907725189785
rmse_direct: 0.1452429691956885
bias_indirect: 0.02176323599732843
rmse_indirect: 0.029470672903146887
bias_total: 0.12898286025443179
rmse_total: 0.1465937383649198
bias_mr: 0.12239325410010003
rmse_mr: 0.13701804066940376
coverage: 0.0
