Experiment: expname : baselines_experiment, data : uniform, n_samples : 1000, mediator_dimension : 1, covariate_dimension : 1, alpha : 0.5, beta : 0.25, stochasticity : 1, gamma : 0.3, noise : uniform, 
Running with estimator : kme_dml, regularization : True, sample_splits : 1, reg_lambda : 0.001, reg_lambda_tilde : 0.001, kernel : gauss, density : gaussian, bandwidth : 0.3, bandwidth_mode : heuristic, epsilon : 0.3, normalized : True, random_seed : 52, 
bias_direct: 0.08399932984187698
rmse_direct: 0.09711679680778357
bias_indirect: 0.04578287040311826
rmse_indirect: 0.06541442128491971
bias_total: 0.07152830701525842
rmse_total: 0.09006287827944721
bias_mr: 0.09170989954471097
rmse_mr: 0.10939397069879671
coverage: 0.8275862068965517
