Experiment: expname : nonparametric_experiment, data : uniform, n_samples : 5000, mediator_dimension : 1, covariate_dimension : 1, alpha : 0.0, beta : 0.0, stochasticity : 1, gamma : 0.3, noise : uniform, 
Running with estimator : kme_dml, regularization : True, sample_splits : 1, reg_lambda : 0.001, reg_lambda_tilde : 0.001, kernel : linear, density : conditional_kernel, bandwidth : 0.3, bandwidth_mode : heuristic, epsilon : 0.1, normalized : True, random_seed : 71, 
bias_direct: 0.030124627370407664
rmse_direct: 0.04821741129460361
bias_indirect: 0.01030898779218591
rmse_indirect: 0.012284885370137555
bias_total: 0.038135642428997016
rmse_total: 0.05132366214264748
bias_mr: 0.03149907022088567
rmse_mr: 0.04786536756526186
coverage: 0.8275862068965517
