Experiment: expname : nonparametric_experiment, data : uniform, n_samples : 1000, mediator_dimension : 1, covariate_dimension : 1, alpha : 0.0, beta : 0.0, stochasticity : 1, gamma : 0.3, noise : uniform, 
Running with estimator : kme_g_computation, regularization : True, sample_splits : 1, reg_lambda : 0.001, reg_lambda_tilde : 0.001, kernel : gauss, density : gaussian, bandwidth : 0.3, bandwidth_mode : heuristic, epsilon : 0.1, normalized : True, random_seed : 50, 
bias_direct: 0.17289032026761408
rmse_direct: 0.19335512608783548
bias_indirect: 0.22252564807294295
rmse_indirect: 0.28389533149927093
bias_total: 0.10738498898896341
rmse_total: 0.14864140096554548
bias_mr: 0.18018684964546558
rmse_mr: 0.20560394046536318
coverage: 0.0
