Experiment: expname : nonparametric_experiment, data : uniform, n_samples : 1000, mediator_dimension : 1, covariate_dimension : 1, alpha : 0.0, beta : 0.0, stochasticity : 1, gamma : 0.3, noise : uniform, 
Running with estimator : ipw, regularization : True, sample_splits : 1, reg_lambda : 0.001, reg_lambda_tilde : 0.001, kernel : linear, density : gaussian, bandwidth : 0.3, bandwidth_mode : heuristic, epsilon : 0.1, normalized : True, random_seed : 4, 
bias_direct: 0.1433616535940213
rmse_direct: 0.16219853296495854
bias_indirect: 0.0698275862068966
rmse_indirect: 0.07936276378669077
bias_total: 0.10647833843537359
rmse_total: 0.11966831919116308
bias_mr: 0.1334856022898356
rmse_mr: 0.14819534052207434
coverage: 0.0
