Experiment: expname : nonparametric_experiment, data : uniform, n_samples : 500, mediator_dimension : 1, covariate_dimension : 1, alpha : 0.0, beta : 0.0, stochasticity : 1, gamma : 0.3, noise : uniform, 
Running with estimator : kme_dml, regularization : True, sample_splits : 1, reg_lambda : 0.001, reg_lambda_tilde : 0.001, kernel : linear, density : conditional_kernel, bandwidth : 0.3, bandwidth_mode : heuristic, epsilon : 0.1, normalized : True, random_seed : 56, 
bias_direct: 0.1364419279731942
rmse_direct: 0.16664089854518174
bias_indirect: 0.047515719310134395
rmse_indirect: 0.055657122117152
bias_total: 0.1827255696839656
rmse_total: 0.21993505640426586
bias_mr: 0.10647681706525748
rmse_mr: 0.12101318617593435
coverage: 1.0
