Experiment: expname : nonparametric_experiment, data : uniform, n_samples : 1000, mediator_dimension : 1, covariate_dimension : 1, alpha : 0.0, beta : 0.0, stochasticity : 1, gamma : 0.3, noise : uniform, 
Running with estimator : kme_dml, regularization : True, sample_splits : 1, reg_lambda : 0.001, reg_lambda_tilde : 0.001, kernel : linear, density : conditional_kernel, bandwidth : 0.3, bandwidth_mode : heuristic, epsilon : 0.1, normalized : True, random_seed : 46, 
bias_direct: 0.07390366255135779
rmse_direct: 0.09014245336520495
bias_indirect: 0.03131234725452763
rmse_indirect: 0.04112084306850519
bias_total: 0.09520530876637191
rmse_total: 0.11484361107667898
bias_mr: 0.08212875770724432
rmse_mr: 0.10041797043535088
coverage: 0.896551724137931
