Experiment: expname : baselines_experiment, data : uniform, n_samples : 5000, mediator_dimension : 1, covariate_dimension : 1, alpha : 0.5, beta : 0.25, stochasticity : 1, gamma : 0.3, noise : uniform, 
Running with estimator : kme_dml, regularization : True, sample_splits : 1, reg_lambda : 0.001, reg_lambda_tilde : 0.001, kernel : gauss, density : gaussian, bandwidth : 0.3, bandwidth_mode : heuristic, epsilon : 0.3, normalized : True, random_seed : 86, 
bias_direct: 0.028132624828760604
rmse_direct: 0.03384725859409413
bias_indirect: 0.018419781234821648
rmse_indirect: 0.02279510956704331
bias_total: 0.02004493859844996
rmse_total: 0.02630274676194675
bias_mr: 0.04939836384804246
rmse_mr: 0.05650028397514676
coverage: 0.8275862068965517
