Experiment: expname : nonparametric_experiment, data : uniform, n_samples : 500, mediator_dimension : 1, covariate_dimension : 1, alpha : 0.0, beta : 0.0, stochasticity : 1, gamma : 0.3, noise : uniform, 
Running with estimator : kme_g_computation, regularization : True, sample_splits : 1, reg_lambda : 0.001, reg_lambda_tilde : 0.001, kernel : gauss, density : conditional_kernel, bandwidth : 0.3, bandwidth_mode : heuristic, epsilon : 0.1, normalized : True, random_seed : 41, 
bias_direct: 0.16489868296415883
rmse_direct: 0.20007746013281302
bias_indirect: 0.16281483264718835
rmse_indirect: 0.18417648691668828
bias_total: 0.09383160462615577
rmse_total: 0.11652475334149778
bias_mr: 0.2068962918017477
rmse_mr: 0.2376176157207135
coverage: 0.0
