Experiment: expname : nonparametric_experiment, data : uniform, n_samples : 5000, mediator_dimension : 1, covariate_dimension : 1, alpha : 0.0, beta : 0.0, stochasticity : 1, gamma : 0.3, noise : uniform, 
Running with estimator : kme_g_computation, regularization : True, sample_splits : 1, reg_lambda : 0.001, reg_lambda_tilde : 0.001, kernel : gauss, density : gaussian, bandwidth : 0.3, bandwidth_mode : heuristic, epsilon : 0.1, normalized : True, random_seed : 29, 
bias_direct: 0.1740501948289021
rmse_direct: 0.19462669681303008
bias_indirect: 0.18796612306362578
rmse_indirect: 0.21251513441283776
bias_total: 0.013967959191372501
rmse_total: 0.02062599755312059
bias_mr: 0.1785624836332464
rmse_mr: 0.20019645464816793
coverage: 0.0
