Experiment: expname : baselines_experiment, data : uniform, n_samples : 1000, mediator_dimension : 1, covariate_dimension : 1, alpha : 0.5, beta : 0.25, stochasticity : 1, gamma : 0.3, noise : uniform, 
Running with estimator : linear, regularization : True, sample_splits : 1, reg_lambda : 0.001, reg_lambda_tilde : 0.001, kernel : gauss, density : gaussian, bandwidth : 0.3, bandwidth_mode : heuristic, epsilon : 0.3, normalized : True, random_seed : 97, 
bias_direct: 0.2957029385810582
rmse_direct: 0.3388269451711192
bias_indirect: 0.012303393810689126
rmse_indirect: 0.013983461119209017
bias_total: 0.30647524338419485
rmse_total: 0.35071735918522545
bias_mr: 0.2780259900162077
rmse_mr: 0.2972195378397742
coverage: 0.0
