Experiment: expname : nonparametric_experiment, data : uniform, n_samples : 1000, mediator_dimension : 1, covariate_dimension : 1, alpha : 0.0, beta : 0.0, stochasticity : 1, gamma : 0.3, noise : uniform, 
Running with estimator : ipw, regularization : True, sample_splits : 1, reg_lambda : 0.001, reg_lambda_tilde : 0.001, kernel : gauss, density : conditional_kernel, bandwidth : 0.3, bandwidth_mode : heuristic, epsilon : 0.1, normalized : True, random_seed : 32, 
bias_direct: 0.17355313278222
rmse_direct: 0.20702841186039134
bias_indirect: 0.04125037814480141
rmse_indirect: 0.04421867024105932
bias_total: 0.1701029709516135
rmse_total: 0.19768129900253728
bias_mr: 0.09860733889847677
rmse_mr: 0.11401424009387885
coverage: 0.0
