Experiment: expname : baselines_experiment, data : uniform, n_samples : 5000, mediator_dimension : 1, covariate_dimension : 1, alpha : 0.5, beta : 0.25, stochasticity : 1, gamma : 0.3, noise : uniform, 
Running with estimator : kme_g_computation, regularization : True, sample_splits : 1, reg_lambda : 0.001, reg_lambda_tilde : 0.001, kernel : gauss, density : gaussian, bandwidth : 0.3, bandwidth_mode : heuristic, epsilon : 0.3, normalized : True, random_seed : 21, 
bias_direct: 0.3771798873618087
rmse_direct: 0.48911067250367984
bias_indirect: 0.40873663372727226
rmse_indirect: 0.5284874452554705
bias_total: 0.03321362709204054
rmse_total: 0.04387918655556648
bias_mr: 0.39023045952413443
rmse_mr: 0.5108649975115008
coverage: 0.0
