Experiment: expname : nonparametric_experiment, data : uniform, n_samples : 500, mediator_dimension : 1, covariate_dimension : 1, alpha : 0.0, beta : 0.0, stochasticity : 1, gamma : 0.3, noise : uniform, 
Running with estimator : kme_dml, regularization : True, sample_splits : 1, reg_lambda : 0.001, reg_lambda_tilde : 0.001, kernel : linear, density : gaussian, bandwidth : 0.3, bandwidth_mode : heuristic, epsilon : 0.1, normalized : True, random_seed : 64, 
bias_direct: 0.09308924484968416
rmse_direct: 0.12815612894828923
bias_indirect: 0.023103957377525432
rmse_indirect: 0.026641382021334356
bias_total: 0.08147950443263623
rmse_total: 0.11226553629932078
bias_mr: 0.12175643758447617
rmse_mr: 0.1357960649420432
coverage: 0.8620689655172413
