Experiment: expname : nonparametric_experiment, data : uniform, n_samples : 5000, mediator_dimension : 1, covariate_dimension : 1, alpha : 0.0, beta : 0.0, stochasticity : 1, gamma : 0.3, noise : uniform, 
Running with estimator : ipw, regularization : True, sample_splits : 1, reg_lambda : 0.001, reg_lambda_tilde : 0.001, kernel : linear, density : conditional_kernel, bandwidth : 0.3, bandwidth_mode : heuristic, epsilon : 0.1, normalized : True, random_seed : 95, 
bias_direct: 0.07957991698895081
rmse_direct: 0.09233208820679102
bias_indirect: 0.029904997612168735
rmse_indirect: 0.04084051892035161
bias_total: 0.061917664068213925
rmse_total: 0.07222874601258016
bias_mr: 0.08371446582768603
rmse_mr: 0.09828894869650484
coverage: 0.0
