Experiment: expname : nonparametric_experiment, data : uniform, n_samples : 5000, mediator_dimension : 1, covariate_dimension : 1, alpha : 0.0, beta : 0.0, stochasticity : 1, gamma : 0.3, noise : uniform, 
Running with estimator : ipw, regularization : True, sample_splits : 1, reg_lambda : 0.001, reg_lambda_tilde : 0.001, kernel : gauss, density : conditional_kernel, bandwidth : 0.3, bandwidth_mode : heuristic, epsilon : 0.1, normalized : True, random_seed : 97, 
bias_direct: 0.07786101719097133
rmse_direct: 0.08830489436374399
bias_indirect: 0.02789616962191764
rmse_indirect: 0.03160327648995415
bias_total: 0.07889605674011496
rmse_total: 0.09189364629886612
bias_mr: 0.04918815519982981
rmse_mr: 0.05947870399689382
coverage: 0.0
