Experiment: expname : baselines_experiment, data : uniform, n_samples : 1000, mediator_dimension : 1, covariate_dimension : 1, alpha : 0.5, beta : 0.25, stochasticity : 1, gamma : 0.3, noise : uniform, 
Running with estimator : linear, regularization : True, sample_splits : 1, reg_lambda : 0.001, reg_lambda_tilde : 0.001, kernel : gauss, density : gaussian, bandwidth : 0.3, bandwidth_mode : heuristic, epsilon : 0.3, normalized : True, random_seed : 16, 
bias_direct: 0.3394000368739528
rmse_direct: 0.3873777881810436
bias_indirect: 0.005624814531976665
rmse_indirect: 0.006392900732993124
bias_total: 0.33399737091796344
rmse_total: 0.3817409167197259
bias_mr: 0.3283588760188323
rmse_mr: 0.34914374321788866
coverage: 0.0
