Experiment: expname : baselines_experiment, data : uniform, n_samples : 500, mediator_dimension : 1, covariate_dimension : 1, alpha : 0.5, beta : 0.25, stochasticity : 1, gamma : 0.3, noise : uniform, 
Running with estimator : linear, regularization : True, sample_splits : 1, reg_lambda : 0.001, reg_lambda_tilde : 0.001, kernel : gauss, density : gaussian, bandwidth : 0.3, bandwidth_mode : heuristic, epsilon : 0.3, normalized : True, random_seed : 42, 
bias_direct: 0.376896240766672
rmse_direct: 0.42550088408406
bias_indirect: 0.00688301125185448
rmse_indirect: 0.007822908191377672
bias_total: 0.37001322951481747
rmse_total: 0.41843783307138177
bias_mr: 0.36535094264748735
rmse_mr: 0.38821279223866373
coverage: 0.0
