Experiment: expname : nonparametric_experiment, data : uniform, n_samples : 1000, mediator_dimension : 1, covariate_dimension : 1, alpha : 0.0, beta : 0.0, stochasticity : 1, gamma : 0.3, noise : uniform, 
Running with estimator : kme_dml, regularization : True, sample_splits : 1, reg_lambda : 0.001, reg_lambda_tilde : 0.001, kernel : linear, density : gaussian, bandwidth : 0.3, bandwidth_mode : heuristic, epsilon : 0.1, normalized : True, random_seed : 81, 
bias_direct: 0.03623494102207697
rmse_direct: 0.045532090091007164
bias_indirect: 0.031842992185069106
rmse_indirect: 0.03583935449712043
bias_total: 0.035962905820955286
rmse_total: 0.04505436124267476
bias_mr: 0.04000433893670514
rmse_mr: 0.06082284399903773
coverage: 0.9655172413793104
