Experiment: expname : nonparametric_experiment, data : uniform, n_samples : 5000, mediator_dimension : 1, covariate_dimension : 1, alpha : 0.0, beta : 0.0, stochasticity : 1, gamma : 0.3, noise : uniform, 
Running with estimator : kme_dml, regularization : True, sample_splits : 1, reg_lambda : 0.001, reg_lambda_tilde : 0.001, kernel : gauss, density : conditional_kernel, bandwidth : 0.3, bandwidth_mode : heuristic, epsilon : 0.1, normalized : True, random_seed : 9, 
bias_direct: 0.030992296312314923
rmse_direct: 0.039558621933553896
bias_indirect: 0.013974879389766102
rmse_indirect: 0.018330461347566246
bias_total: 0.033629255772839074
rmse_total: 0.03880633474036132
bias_mr: 0.028863834531758593
rmse_mr: 0.040280277570260724
coverage: 0.9655172413793104
