Experiment: expname : nonparametric_experiment, data : uniform, n_samples : 5000, mediator_dimension : 1, covariate_dimension : 1, alpha : 0.0, beta : 0.0, stochasticity : 1, gamma : 0.3, noise : uniform, 
Running with estimator : kme_dml, regularization : True, sample_splits : 1, reg_lambda : 0.001, reg_lambda_tilde : 0.001, kernel : gauss, density : gaussian, bandwidth : 0.3, bandwidth_mode : heuristic, epsilon : 0.1, normalized : True, random_seed : 84, 
bias_direct: 0.043146537081495254
rmse_direct: 0.06098445334235146
bias_indirect: 0.012346479324593226
rmse_indirect: 0.013732468223417806
bias_total: 0.04956352664713124
rmse_total: 0.07119631163425733
bias_mr: 0.04096858878558669
rmse_mr: 0.05206117551580135
coverage: 0.8620689655172413
