Experiment: expname : baselines_experiment, data : uniform, n_samples : 1000, mediator_dimension : 1, covariate_dimension : 1, alpha : 0.5, beta : 0.25, stochasticity : 1, gamma : 0.3, noise : uniform, 
Running with estimator : kme_dml, regularization : True, sample_splits : 1, reg_lambda : 0.001, reg_lambda_tilde : 0.001, kernel : gauss, density : gaussian, bandwidth : 0.3, bandwidth_mode : heuristic, epsilon : 0.3, normalized : True, random_seed : 45, 
bias_direct: 0.06392552424422294
rmse_direct: 0.08218327986011123
bias_indirect: 0.022282857246936048
rmse_indirect: 0.03212439411929193
bias_total: 0.0680420915080526
rmse_total: 0.08454848104149268
bias_mr: 0.07018635205159185
rmse_mr: 0.09693737682714032
coverage: 0.8620689655172413
