Experiment: expname : nonparametric_experiment, data : uniform, n_samples : 1000, mediator_dimension : 1, covariate_dimension : 1, alpha : 0.0, beta : 0.0, stochasticity : 1, gamma : 0.3, noise : uniform, 
Running with estimator : kme_dml, regularization : True, sample_splits : 1, reg_lambda : 0.001, reg_lambda_tilde : 0.001, kernel : gauss, density : conditional_kernel, bandwidth : 0.3, bandwidth_mode : heuristic, epsilon : 0.1, normalized : True, random_seed : 75, 
bias_direct: 0.07046791148886257
rmse_direct: 0.07924625008557158
bias_indirect: 0.027146613946027017
rmse_indirect: 0.03142863597003954
bias_total: 0.06990453201409567
rmse_total: 0.08688527347772022
bias_mr: 0.04352981195485191
rmse_mr: 0.05821487109525856
coverage: 1.0
