Experiment: expname : baselines_experiment, data : uniform, n_samples : 5000, mediator_dimension : 1, covariate_dimension : 1, alpha : 0.5, beta : 0.25, stochasticity : 1, gamma : 0.3, noise : uniform, 
Running with estimator : kme_g_computation, regularization : True, sample_splits : 1, reg_lambda : 0.001, reg_lambda_tilde : 0.001, kernel : gauss, density : gaussian, bandwidth : 0.3, bandwidth_mode : heuristic, epsilon : 0.3, normalized : True, random_seed : 14, 
bias_direct: 0.3887740030852039
rmse_direct: 0.5049356771734053
bias_indirect: 0.41444598362470964
rmse_indirect: 0.5306545285544936
bias_total: 0.02656840472712066
rmse_total: 0.03471082593185422
bias_mr: 0.39379755237812336
rmse_mr: 0.5132658669773078
coverage: 0.0
