Experiment: expname : baselines_experiment, data : uniform, n_samples : 1000, mediator_dimension : 1, covariate_dimension : 1, alpha : 0.5, beta : 0.25, stochasticity : 1, gamma : 0.3, noise : uniform, 
Running with estimator : kme_g_computation, regularization : True, sample_splits : 1, reg_lambda : 0.001, reg_lambda_tilde : 0.001, kernel : gauss, density : gaussian, bandwidth : 0.3, bandwidth_mode : heuristic, epsilon : 0.3, normalized : True, random_seed : 21, 
bias_direct: 0.3827161252423406
rmse_direct: 0.4922826914736651
bias_indirect: 0.4180359377476306
rmse_indirect: 0.5338038692730794
bias_total: 0.03803938604550122
rmse_total: 0.05423383462485562
bias_mr: 0.40398244345916273
rmse_mr: 0.520819500406996
coverage: 0.0
