Experiment: expname : nonparametric_experiment, data : uniform, n_samples : 5000, mediator_dimension : 1, covariate_dimension : 1, alpha : 0.0, beta : 0.0, stochasticity : 1, gamma : 0.3, noise : uniform, 
Running with estimator : kme_dml, regularization : True, sample_splits : 1, reg_lambda : 0.001, reg_lambda_tilde : 0.001, kernel : linear, density : gaussian, bandwidth : 0.3, bandwidth_mode : heuristic, epsilon : 0.1, normalized : True, random_seed : 57, 
bias_direct: 0.03275062498008454
rmse_direct: 0.037811578166079496
bias_indirect: 0.01050878406748283
rmse_indirect: 0.011470026973590746
bias_total: 0.02993086577534412
rmse_total: 0.03377432488123463
bias_mr: 0.02880606023840948
rmse_mr: 0.03304369799250541
coverage: 1.0
