Experiment: expname : baselines_experiment, data : uniform, n_samples : 1000, mediator_dimension : 1, covariate_dimension : 1, alpha : 0.5, beta : 0.25, stochasticity : 1, gamma : 0.3, noise : uniform, 
Running with estimator : kme_g_computation, regularization : True, sample_splits : 1, reg_lambda : 0.001, reg_lambda_tilde : 0.001, kernel : gauss, density : gaussian, bandwidth : 0.3, bandwidth_mode : heuristic, epsilon : 0.3, normalized : True, random_seed : 24, 
bias_direct: 0.374755514450527
rmse_direct: 0.4789842418311757
bias_indirect: 0.3796416896301224
rmse_indirect: 0.514684203520263
bias_total: 0.0627996626360931
rmse_total: 0.0783734969391255
bias_mr: 0.4056590714138809
rmse_mr: 0.5290011612563856
coverage: 0.0
