Experiment: expname : nonparametric_experiment, data : uniform, n_samples : 5000, mediator_dimension : 1, covariate_dimension : 1, alpha : 0.0, beta : 0.0, stochasticity : 1, gamma : 0.3, noise : uniform, 
Running with estimator : kme_dml, regularization : True, sample_splits : 1, reg_lambda : 0.001, reg_lambda_tilde : 0.001, kernel : gauss, density : conditional_kernel, bandwidth : 0.3, bandwidth_mode : heuristic, epsilon : 0.1, normalized : True, random_seed : 61, 
bias_direct: 0.024724632266201516
rmse_direct: 0.02811439775711019
bias_indirect: 0.009983794073792558
rmse_indirect: 0.012388330523528604
bias_total: 0.029519928107148267
rmse_total: 0.03229900731555832
bias_mr: 0.03832019512231773
rmse_mr: 0.050061767605257525
coverage: 0.896551724137931
