Experiment: expname : nonparametric_experiment, data : uniform, n_samples : 500, mediator_dimension : 1, covariate_dimension : 1, alpha : 0.0, beta : 0.0, stochasticity : 1, gamma : 0.3, noise : uniform, 
Running with estimator : ipw, regularization : True, sample_splits : 1, reg_lambda : 0.001, reg_lambda_tilde : 0.001, kernel : linear, density : conditional_kernel, bandwidth : 0.3, bandwidth_mode : heuristic, epsilon : 0.1, normalized : True, random_seed : 12, 
bias_direct: 0.11167099175757166
rmse_direct: 0.14621355826573323
bias_indirect: 0.025777979998265706
rmse_indirect: 0.031759426567703225
bias_total: 0.11016185166987794
rmse_total: 0.14086627774572819
bias_mr: 0.14715422646144477
rmse_mr: 0.18228461023585424
coverage: 0.0
