Experiment: expname : baselines_experiment, data : uniform, n_samples : 1000, mediator_dimension : 1, covariate_dimension : 1, alpha : 0.5, beta : 0.25, stochasticity : 1, gamma : 0.3, noise : uniform, 
Running with estimator : kme_g_computation, regularization : True, sample_splits : 1, reg_lambda : 0.001, reg_lambda_tilde : 0.001, kernel : gauss, density : gaussian, bandwidth : 0.3, bandwidth_mode : heuristic, epsilon : 0.3, normalized : True, random_seed : 30, 
bias_direct: 0.39643212033529984
rmse_direct: 0.5193935927989525
bias_indirect: 0.5293852408870179
rmse_indirect: 0.6404688040298304
bias_total: 0.1368256594933128
rmse_total: 0.16237226820300357
bias_mr: 0.41889430914339554
rmse_mr: 0.5363008763857896
coverage: 0.0
