Experiment: expname : baselines_experiment, data : uniform, n_samples : 500, mediator_dimension : 1, covariate_dimension : 1, alpha : 0.5, beta : 0.25, stochasticity : 1, gamma : 0.3, noise : uniform, 
Running with estimator : linear, regularization : True, sample_splits : 1, reg_lambda : 0.001, reg_lambda_tilde : 0.001, kernel : gauss, density : gaussian, bandwidth : 0.3, bandwidth_mode : heuristic, epsilon : 0.3, normalized : True, random_seed : 83, 
bias_direct: 0.2642242676526079
rmse_direct: 0.30267826241417134
bias_indirect: 0.019845898871787334
rmse_indirect: 0.022555919083748193
bias_total: 0.2491413845100496
rmse_total: 0.2849430872614669
bias_mr: 0.23993610501787585
rmse_mr: 0.25862769214435094
coverage: 0.0
