Experiment: expname : nonparametric_experiment, data : uniform, n_samples : 1000, mediator_dimension : 1, covariate_dimension : 1, alpha : 0.0, beta : 0.0, stochasticity : 1, gamma : 0.3, noise : uniform, 
Running with estimator : kme_g_computation, regularization : True, sample_splits : 1, reg_lambda : 0.001, reg_lambda_tilde : 0.001, kernel : gauss, density : conditional_kernel, bandwidth : 0.3, bandwidth_mode : heuristic, epsilon : 0.1, normalized : True, random_seed : 39, 
bias_direct: 0.15064897097458807
rmse_direct: 0.17591436141523828
bias_indirect: 0.24492762883406147
rmse_indirect: 0.2755727797523741
bias_total: 0.09427865785947344
rmse_total: 0.10225571741211656
bias_mr: 0.16339694698667534
rmse_mr: 0.19173571526788358
coverage: 0.0
