Experiment: expname : nonparametric_experiment, data : uniform, n_samples : 1000, mediator_dimension : 1, covariate_dimension : 1, alpha : 0.0, beta : 0.0, stochasticity : 1, gamma : 0.3, noise : uniform, 
Running with estimator : kme_dml, regularization : True, sample_splits : 1, reg_lambda : 0.001, reg_lambda_tilde : 0.001, kernel : linear, density : gaussian, bandwidth : 0.3, bandwidth_mode : heuristic, epsilon : 0.1, normalized : True, random_seed : 79, 
bias_direct: 0.06049877988334056
rmse_direct: 0.06994268533438164
bias_indirect: 0.014759156023856997
rmse_indirect: 0.016949639851019948
bias_total: 0.07399812535365856
rmse_total: 0.08352362779193626
bias_mr: 0.06702027912121764
rmse_mr: 0.0750579641091445
coverage: 1.0
