Experiment: expname : nonparametric_experiment, data : uniform, n_samples : 5000, mediator_dimension : 1, covariate_dimension : 1, alpha : 0.0, beta : 0.0, stochasticity : 1, gamma : 0.3, noise : uniform, 
Running with estimator : kme_dml, regularization : True, sample_splits : 1, reg_lambda : 0.001, reg_lambda_tilde : 0.001, kernel : gauss, density : conditional_kernel, bandwidth : 0.3, bandwidth_mode : heuristic, epsilon : 0.1, normalized : True, random_seed : 45, 
bias_direct: 0.02014959013158753
rmse_direct: 0.028562349698547897
bias_indirect: 0.01680575496235639
rmse_indirect: 0.01826891081182455
bias_total: 0.02160263292393424
rmse_total: 0.027913455309645993
bias_mr: 0.018620986916015176
rmse_mr: 0.026751612112510915
coverage: 1.0
