Experiment: expname : nonparametric_experiment, data : uniform, n_samples : 5000, mediator_dimension : 1, covariate_dimension : 1, alpha : 0.0, beta : 0.0, stochasticity : 1, gamma : 0.3, noise : uniform, 
Running with estimator : kme_dml, regularization : True, sample_splits : 1, reg_lambda : 0.001, reg_lambda_tilde : 0.001, kernel : gauss, density : gaussian, bandwidth : 0.3, bandwidth_mode : heuristic, epsilon : 0.1, normalized : True, random_seed : 54, 
bias_direct: 0.0318970580453594
rmse_direct: 0.03710905492476893
bias_indirect: 0.010655385958603643
rmse_indirect: 0.013287738643148621
bias_total: 0.03210056039257233
rmse_total: 0.035851853125218186
bias_mr: 0.034577613170545966
rmse_mr: 0.04212940178400344
coverage: 0.9655172413793104
