Experiment: expname : nonparametric_experiment, data : uniform, n_samples : 1000, mediator_dimension : 1, covariate_dimension : 1, alpha : 0.0, beta : 0.0, stochasticity : 1, gamma : 0.3, noise : uniform, 
Running with estimator : ipw, regularization : True, sample_splits : 1, reg_lambda : 0.001, reg_lambda_tilde : 0.001, kernel : linear, density : gaussian, bandwidth : 0.3, bandwidth_mode : heuristic, epsilon : 0.1, normalized : True, random_seed : 56, 
bias_direct: 0.18248729422931778
rmse_direct: 0.23023615836666209
bias_indirect: 0.0698275862068966
rmse_indirect: 0.07936276378669077
bias_total: 0.18368684667917148
rmse_total: 0.21694049741615837
bias_mr: 0.14119957437615
rmse_mr: 0.17329404618854247
coverage: 0.0
