Experiment: expname : nonparametric_experiment, data : uniform, n_samples : 5000, mediator_dimension : 1, covariate_dimension : 1, alpha : 0.0, beta : 0.0, stochasticity : 1, gamma : 0.3, noise : uniform, 
Running with estimator : ipw, regularization : True, sample_splits : 1, reg_lambda : 0.001, reg_lambda_tilde : 0.001, kernel : gauss, density : conditional_kernel, bandwidth : 0.3, bandwidth_mode : heuristic, epsilon : 0.1, normalized : True, random_seed : 69, 
bias_direct: 0.06935175268146714
rmse_direct: 0.08942082662234573
bias_indirect: 0.032589601580115715
rmse_indirect: 0.036118763333397294
bias_total: 0.06482776901597057
rmse_total: 0.0770199914802031
bias_mr: 0.06001537455946292
rmse_mr: 0.06918714680961185
coverage: 0.0
