Experiment: expname : baselines_experiment, data : uniform, n_samples : 1000, mediator_dimension : 1, covariate_dimension : 1, alpha : 0.5, beta : 0.25, stochasticity : 1, gamma : 0.3, noise : uniform, 
Running with estimator : kme_g_computation, regularization : True, sample_splits : 1, reg_lambda : 0.001, reg_lambda_tilde : 0.001, kernel : gauss, density : gaussian, bandwidth : 0.3, bandwidth_mode : heuristic, epsilon : 0.3, normalized : True, random_seed : 99, 
bias_direct: 0.354725357369376
rmse_direct: 0.45881548627619456
bias_indirect: 0.4119592377851208
rmse_indirect: 0.5371817262263519
bias_total: 0.06547001677835008
rmse_total: 0.10173824392545358
bias_mr: 0.4026246007185594
rmse_mr: 0.5255534236010204
coverage: 0.0
