Experiment: expname : baselines_experiment, data : uniform, n_samples : 500, mediator_dimension : 1, covariate_dimension : 1, alpha : 0.5, beta : 0.25, stochasticity : 1, gamma : 0.3, noise : uniform, 
Running with estimator : linear, regularization : True, sample_splits : 1, reg_lambda : 0.001, reg_lambda_tilde : 0.001, kernel : gauss, density : gaussian, bandwidth : 0.3, bandwidth_mode : heuristic, epsilon : 0.3, normalized : True, random_seed : 2, 
bias_direct: 0.3080570801493337
rmse_direct: 0.35247631973393323
bias_indirect: 0.022376328736575364
rmse_indirect: 0.025431887143748614
bias_total: 0.3276487990875797
rmse_total: 0.3745102992643057
bias_mr: 0.29285981807603
rmse_mr: 0.3119548700683904
coverage: 0.0
