Experiment: expname : nonparametric_experiment, data : uniform, n_samples : 500, mediator_dimension : 1, covariate_dimension : 1, alpha : 0.0, beta : 0.0, stochasticity : 1, gamma : 0.3, noise : uniform, 
Running with estimator : kme_dml, regularization : True, sample_splits : 1, reg_lambda : 0.001, reg_lambda_tilde : 0.001, kernel : linear, density : conditional_kernel, bandwidth : 0.3, bandwidth_mode : heuristic, epsilon : 0.1, normalized : True, random_seed : 73, 
bias_direct: 0.10389767530857262
rmse_direct: 0.12606377132116348
bias_indirect: 0.020696847487473406
rmse_indirect: 0.027808863433592283
bias_total: 0.12150023157863085
rmse_total: 0.1452520144939028
bias_mr: 0.07768096670068031
rmse_mr: 0.08860858846038645
coverage: 1.0
