Experiment: expname : baselines_experiment, data : uniform, n_samples : 5000, mediator_dimension : 1, covariate_dimension : 1, alpha : 0.5, beta : 0.25, stochasticity : 1, gamma : 0.3, noise : uniform, 
Running with estimator : kme_dml, regularization : True, sample_splits : 1, reg_lambda : 0.001, reg_lambda_tilde : 0.001, kernel : gauss, density : gaussian, bandwidth : 0.3, bandwidth_mode : heuristic, epsilon : 0.3, normalized : True, random_seed : 5, 
bias_direct: 0.05259005973502526
rmse_direct: 0.06494842693677266
bias_indirect: 0.019253643465311505
rmse_indirect: 0.024192436054280436
bias_total: 0.043700494292753696
rmse_total: 0.048080211543961984
bias_mr: 0.02697133836437844
rmse_mr: 0.03572445760349484
coverage: 1.0
