Experiment: expname : nonparametric_experiment, data : uniform, n_samples : 500, mediator_dimension : 1, covariate_dimension : 1, alpha : 0.0, beta : 0.0, stochasticity : 1, gamma : 0.3, noise : uniform, 
Running with estimator : ipw, regularization : True, sample_splits : 1, reg_lambda : 0.001, reg_lambda_tilde : 0.001, kernel : linear, density : conditional_kernel, bandwidth : 0.3, bandwidth_mode : heuristic, epsilon : 0.1, normalized : True, random_seed : 51, 
bias_direct: 0.12516568724687546
rmse_direct: 0.14113209236780327
bias_indirect: 0.04832658878802452
rmse_indirect: 0.05692056725979096
bias_total: 0.0995030980293123
rmse_total: 0.1174847340496451
bias_mr: 0.1132876211762316
rmse_mr: 0.1385651029036468
coverage: 0.0
