Experiment: expname : baselines_experiment, data : uniform, n_samples : 500, mediator_dimension : 1, covariate_dimension : 1, alpha : 0.5, beta : 0.25, stochasticity : 1, gamma : 0.3, noise : uniform, 
Running with estimator : kme_g_computation, regularization : True, sample_splits : 1, reg_lambda : 0.001, reg_lambda_tilde : 0.001, kernel : gauss, density : gaussian, bandwidth : 0.3, bandwidth_mode : heuristic, epsilon : 0.3, normalized : True, random_seed : 94, 
bias_direct: 0.4481213058104866
rmse_direct: 0.5772276644207117
bias_indirect: 0.4608662632769267
rmse_indirect: 0.584029952251662
bias_total: 0.0333172979792746
rmse_total: 0.049908645580441974
bias_mr: 0.4282293435225412
rmse_mr: 0.5488135969890348
coverage: 0.0
