Experiment: expname : nonparametric_experiment, data : uniform, n_samples : 1000, mediator_dimension : 1, covariate_dimension : 1, alpha : 0.0, beta : 0.0, stochasticity : 1, gamma : 0.3, noise : uniform, 
Running with estimator : kme_dml, regularization : True, sample_splits : 1, reg_lambda : 0.001, reg_lambda_tilde : 0.001, kernel : linear, density : gaussian, bandwidth : 0.3, bandwidth_mode : heuristic, epsilon : 0.1, normalized : True, random_seed : 38, 
bias_direct: 0.07407754553269376
rmse_direct: 0.08129319466374467
bias_indirect: 0.009630264549311979
rmse_indirect: 0.012402724084392372
bias_total: 0.0726926053711665
rmse_total: 0.07712639382676578
bias_mr: 0.07907791224713898
rmse_mr: 0.10359569242207467
coverage: 0.7586206896551724
