Experiment: expname : nonparametric_experiment, data : uniform, n_samples : 5000, mediator_dimension : 1, covariate_dimension : 1, alpha : 0.0, beta : 0.0, stochasticity : 1, gamma : 0.3, noise : uniform, 
Running with estimator : kme_dml, regularization : True, sample_splits : 1, reg_lambda : 0.001, reg_lambda_tilde : 0.001, kernel : gauss, density : gaussian, bandwidth : 0.3, bandwidth_mode : heuristic, epsilon : 0.1, normalized : True, random_seed : 50, 
bias_direct: 0.01919345736417042
rmse_direct: 0.021592470172935273
bias_indirect: 0.009448410055101365
rmse_indirect: 0.01203020402059929
bias_total: 0.027102822372537607
rmse_total: 0.030005942866902374
bias_mr: 0.022905279726006
rmse_mr: 0.028016976680808593
coverage: 1.0
