Experiment: expname : nonparametric_experiment, data : uniform, n_samples : 1000, mediator_dimension : 1, covariate_dimension : 1, alpha : 0.0, beta : 0.0, stochasticity : 1, gamma : 0.3, noise : uniform, 
Running with estimator : kme_dml, regularization : True, sample_splits : 1, reg_lambda : 0.001, reg_lambda_tilde : 0.001, kernel : linear, density : gaussian, bandwidth : 0.3, bandwidth_mode : heuristic, epsilon : 0.1, normalized : True, random_seed : 57, 
bias_direct: 0.05700693191685692
rmse_direct: 0.06792912073201846
bias_indirect: 0.01306973370577139
rmse_indirect: 0.01668516110117535
bias_total: 0.06704479227015482
rmse_total: 0.07698445900744799
bias_mr: 0.0443760785585347
rmse_mr: 0.053279319552439454
coverage: 1.0
