Experiment: expname : baselines_experiment, data : uniform, n_samples : 500, mediator_dimension : 1, covariate_dimension : 1, alpha : 0.5, beta : 0.25, stochasticity : 1, gamma : 0.3, noise : uniform, 
Running with estimator : ipw, regularization : True, sample_splits : 1, reg_lambda : 0.001, reg_lambda_tilde : 0.001, kernel : gauss, density : gaussian, bandwidth : 0.3, bandwidth_mode : heuristic, epsilon : 0.3, normalized : True, random_seed : 9, 
bias_direct: 0.17953090070224034
rmse_direct: 0.22230015724351793
bias_indirect: 0.06982758620689661
rmse_indirect: 0.07936276378669078
bias_total: 0.1572352125559651
rmse_total: 0.20097907173065524
bias_mr: 0.1733665229292488
rmse_mr: 0.23653541975879533
coverage: 0.0
