Experiment: expname : nonparametric_experiment, data : uniform, n_samples : 1000, mediator_dimension : 1, covariate_dimension : 1, alpha : 0.0, beta : 0.0, stochasticity : 1, gamma : 0.3, noise : uniform, 
Running with estimator : kme_g_computation, regularization : True, sample_splits : 1, reg_lambda : 0.001, reg_lambda_tilde : 0.001, kernel : gauss, density : conditional_kernel, bandwidth : 0.3, bandwidth_mode : heuristic, epsilon : 0.1, normalized : True, random_seed : 86, 
bias_direct: 0.1686985666129074
rmse_direct: 0.18998439510797072
bias_indirect: 0.20451216174850026
rmse_indirect: 0.23523372966011658
bias_total: 0.03581359513559288
rmse_total: 0.04637957650321519
bias_mr: 0.1701826908337284
rmse_mr: 0.19430241601072665
coverage: 0.0
