Experiment: expname : baselines_experiment, data : uniform, n_samples : 5000, mediator_dimension : 1, covariate_dimension : 1, alpha : 0.5, beta : 0.25, stochasticity : 1, gamma : 0.3, noise : uniform, 
Running with estimator : linear, regularization : True, sample_splits : 1, reg_lambda : 0.001, reg_lambda_tilde : 0.001, kernel : gauss, density : gaussian, bandwidth : 0.3, bandwidth_mode : heuristic, epsilon : 0.3, normalized : True, random_seed : 15, 
bias_direct: 0.3123807171067821
rmse_direct: 0.35730011718785026
bias_indirect: 0.0002557742526960318
rmse_indirect: 0.00029070103525113326
bias_total: 0.312156772538866
rmse_total: 0.3570497005094497
bias_mr: 0.2974510710341206
rmse_mr: 0.3167233103717951
coverage: 0.0
