Experiment: expname : nonparametric_experiment, data : uniform, n_samples : 1000, mediator_dimension : 1, covariate_dimension : 1, alpha : 0.0, beta : 0.0, stochasticity : 1, gamma : 0.3, noise : uniform, 
Running with estimator : kme_dml, regularization : True, sample_splits : 1, reg_lambda : 0.001, reg_lambda_tilde : 0.001, kernel : linear, density : conditional_kernel, bandwidth : 0.3, bandwidth_mode : heuristic, epsilon : 0.1, normalized : True, random_seed : 11, 
bias_direct: 0.09184168894128662
rmse_direct: 0.10937648809415358
bias_indirect: 0.007100900809980328
rmse_indirect: 0.008450243694673794
bias_total: 0.0925064062690028
rmse_total: 0.10940355590256012
bias_mr: 0.0658249723574928
rmse_mr: 0.08126444731246527
coverage: 0.9655172413793104
