Experiment: expname : baselines_experiment, data : uniform, n_samples : 5000, mediator_dimension : 1, covariate_dimension : 1, alpha : 0.5, beta : 0.25, stochasticity : 1, gamma : 0.3, noise : uniform, 
Running with estimator : linear, regularization : True, sample_splits : 1, reg_lambda : 0.001, reg_lambda_tilde : 0.001, kernel : gauss, density : gaussian, bandwidth : 0.3, bandwidth_mode : heuristic, epsilon : 0.3, normalized : True, random_seed : 91, 
bias_direct: 0.30912631780697714
rmse_direct: 0.3536670812734587
bias_indirect: 0.0023936391457558713
rmse_indirect: 0.002720498135970757
bias_total: 0.3070305537549153
rmse_total: 0.3513344857000377
bias_mr: 0.2937695738855682
rmse_mr: 0.31290513229279876
coverage: 0.0
