Experiment: expname : nonparametric_experiment, data : uniform, n_samples : 1000, mediator_dimension : 1, covariate_dimension : 1, alpha : 0.0, beta : 0.0, stochasticity : 1, gamma : 0.3, noise : uniform, 
Running with estimator : kme_g_computation, regularization : True, sample_splits : 1, reg_lambda : 0.001, reg_lambda_tilde : 0.001, kernel : linear, density : conditional_kernel, bandwidth : 0.3, bandwidth_mode : heuristic, epsilon : 0.1, normalized : True, random_seed : 32, 
bias_direct: 0.1699081616090678
rmse_direct: 0.19308994878468752
bias_indirect: 0.19297482796816368
rmse_indirect: 0.2193261187593355
bias_total: 0.023066666359095888
rmse_total: 0.03133538209941221
bias_mr: 0.17103759195294005
rmse_mr: 0.1943598190123754
coverage: 0.0
