Experiment: expname : nonparametric_experiment, data : uniform, n_samples : 5000, mediator_dimension : 1, covariate_dimension : 1, alpha : 0.0, beta : 0.0, stochasticity : 1, gamma : 0.3, noise : uniform, 
Running with estimator : kme_g_computation, regularization : True, sample_splits : 1, reg_lambda : 0.001, reg_lambda_tilde : 0.001, kernel : linear, density : conditional_kernel, bandwidth : 0.3, bandwidth_mode : heuristic, epsilon : 0.1, normalized : True, random_seed : 85, 
bias_direct: 0.16818391688445447
rmse_direct: 0.1913597268757321
bias_indirect: 0.16355817132873127
rmse_indirect: 0.18589254760852475
bias_total: 0.004625745555723183
rmse_total: 0.006705222495881471
bias_mr: 0.16732508297099563
rmse_mr: 0.19054674494332097
coverage: 0.0
