Experiment: expname : nonparametric_experiment, data : uniform, n_samples : 500, mediator_dimension : 1, covariate_dimension : 1, alpha : 0.0, beta : 0.0, stochasticity : 1, gamma : 0.3, noise : uniform, 
Running with estimator : kme_g_computation, regularization : True, sample_splits : 1, reg_lambda : 0.001, reg_lambda_tilde : 0.001, kernel : gauss, density : gaussian, bandwidth : 0.3, bandwidth_mode : heuristic, epsilon : 0.1, normalized : True, random_seed : 23, 
bias_direct: 0.15006361552970715
rmse_direct: 0.16714471177141862
bias_indirect: 0.18042627734027278
rmse_indirect: 0.2092756379424095
bias_total: 0.030712731092255283
rmse_total: 0.04735399034815658
bias_mr: 0.17252707739295342
rmse_mr: 0.21432240246290196
coverage: 0.0
