Experiment: expname : nonparametric_experiment, data : uniform, n_samples : 1000, mediator_dimension : 1, covariate_dimension : 1, alpha : 0.0, beta : 0.0, stochasticity : 1, gamma : 0.3, noise : uniform, 
Running with estimator : kme_dml, regularization : True, sample_splits : 1, reg_lambda : 0.001, reg_lambda_tilde : 0.001, kernel : linear, density : gaussian, bandwidth : 0.3, bandwidth_mode : heuristic, epsilon : 0.1, normalized : True, random_seed : 14, 
bias_direct: 0.1370796713080186
rmse_direct: 0.15367317259676014
bias_indirect: 0.019011860653560704
rmse_indirect: 0.026830114261708952
bias_total: 0.1216573433113928
rmse_total: 0.13793446834662168
bias_mr: 0.07874283368897146
rmse_mr: 0.0869536050114344
coverage: 1.0
