Experiment: expname : nonparametric_experiment, data : uniform, n_samples : 5000, mediator_dimension : 1, covariate_dimension : 1, alpha : 0.0, beta : 0.0, stochasticity : 1, gamma : 0.3, noise : uniform, 
Running with estimator : ipw, regularization : True, sample_splits : 1, reg_lambda : 0.001, reg_lambda_tilde : 0.001, kernel : linear, density : gaussian, bandwidth : 0.3, bandwidth_mode : heuristic, epsilon : 0.1, normalized : True, random_seed : 70, 
bias_direct: 0.06523350862065638
rmse_direct: 0.0838459638668681
bias_indirect: 0.06982758620689662
rmse_indirect: 0.07936276378669081
bias_total: 0.039144354552675495
rmse_total: 0.04777127541998011
bias_mr: 0.06336972509912635
rmse_mr: 0.08169402420953432
coverage: 0.0
