Experiment: expname : nonparametric_experiment, data : uniform, n_samples : 1000, mediator_dimension : 1, covariate_dimension : 1, alpha : 0.0, beta : 0.0, stochasticity : 1, gamma : 0.3, noise : uniform, 
Running with estimator : ipw, regularization : True, sample_splits : 1, reg_lambda : 0.001, reg_lambda_tilde : 0.001, kernel : linear, density : gaussian, bandwidth : 0.3, bandwidth_mode : heuristic, epsilon : 0.1, normalized : True, random_seed : 89, 
bias_direct: 0.10548391813176265
rmse_direct: 0.12732564634793242
bias_indirect: 0.06982758620689661
rmse_indirect: 0.07936276378669078
bias_total: 0.0694063923202207
rmse_total: 0.08217891650276753
bias_mr: 0.09213689643793103
rmse_mr: 0.1098123457244492
coverage: 0.0
