Experiment: expname : baselines_experiment, data : uniform, n_samples : 500, mediator_dimension : 1, covariate_dimension : 1, alpha : 0.5, beta : 0.25, stochasticity : 1, gamma : 0.3, noise : uniform, 
Running with estimator : kme_g_computation, regularization : True, sample_splits : 1, reg_lambda : 0.001, reg_lambda_tilde : 0.001, kernel : gauss, density : gaussian, bandwidth : 0.3, bandwidth_mode : heuristic, epsilon : 0.3, normalized : True, random_seed : 12, 
bias_direct: 0.3826393117675168
rmse_direct: 0.5042903708555656
bias_indirect: 0.39831044471359184
rmse_indirect: 0.53110933582987
bias_total: 0.024719281807686698
rmse_total: 0.037653600349361764
bias_mr: 0.40558365868864427
rmse_mr: 0.520050951446562
coverage: 0.0
