Experiment: expname : baselines_experiment, data : uniform, n_samples : 5000, mediator_dimension : 1, covariate_dimension : 1, alpha : 0.5, beta : 0.25, stochasticity : 1, gamma : 0.3, noise : uniform, 
Running with estimator : linear, regularization : True, sample_splits : 1, reg_lambda : 0.001, reg_lambda_tilde : 0.001, kernel : gauss, density : gaussian, bandwidth : 0.3, bandwidth_mode : heuristic, epsilon : 0.3, normalized : True, random_seed : 68, 
bias_direct: 0.29301048960151826
rmse_direct: 0.33588022067381124
bias_indirect: 0.0005774323502639162
rmse_indirect: 0.0006562825626108038
bias_total: 0.29250491549928703
rmse_total: 0.3353280747074813
bias_mr: 0.2755373631225982
rmse_mr: 0.2941872968607999
coverage: 0.0
