Experiment: expname : baselines_experiment, data : uniform, n_samples : 500, mediator_dimension : 1, covariate_dimension : 1, alpha : 0.5, beta : 0.25, stochasticity : 1, gamma : 0.3, noise : uniform, 
Running with estimator : linear, regularization : True, sample_splits : 1, reg_lambda : 0.001, reg_lambda_tilde : 0.001, kernel : gauss, density : gaussian, bandwidth : 0.3, bandwidth_mode : heuristic, epsilon : 0.3, normalized : True, random_seed : 7, 
bias_direct: 0.29803198622195953
rmse_direct: 0.3413842949073747
bias_indirect: 0.018423934577308034
rmse_indirect: 0.020939781070878957
bias_total: 0.3141631644963137
rmse_total: 0.3592954278962968
bias_mr: 0.280959458758666
rmse_mr: 0.29985626404322785
coverage: 0.0
