Experiment: expname : nonparametric_experiment, data : uniform, n_samples : 500, mediator_dimension : 1, covariate_dimension : 1, alpha : 0.0, beta : 0.0, stochasticity : 1, gamma : 0.3, noise : uniform, 
Running with estimator : kme_g_computation, regularization : True, sample_splits : 1, reg_lambda : 0.001, reg_lambda_tilde : 0.001, kernel : linear, density : gaussian, bandwidth : 0.3, bandwidth_mode : heuristic, epsilon : 0.1, normalized : True, random_seed : 59, 
bias_direct: 0.16158251933463694
rmse_direct: 0.1854963518505118
bias_indirect: 0.13744291737069217
rmse_indirect: 0.1562113559320428
bias_total: 0.024139601963944733
rmse_total: 0.03426573297819634
bias_mr: 0.1603670627782542
rmse_mr: 0.18261092597405695
coverage: 0.0
