Experiment: expname : nonparametric_experiment, data : uniform, n_samples : 1000, mediator_dimension : 1, covariate_dimension : 1, alpha : 0.0, beta : 0.0, stochasticity : 1, gamma : 0.3, noise : uniform, 
Running with estimator : kme_dml, regularization : True, sample_splits : 1, reg_lambda : 0.001, reg_lambda_tilde : 0.001, kernel : linear, density : conditional_kernel, bandwidth : 0.3, bandwidth_mode : heuristic, epsilon : 0.1, normalized : True, random_seed : 32, 
bias_direct: 0.07821546632883855
rmse_direct: 0.09450126376233439
bias_indirect: 0.018566215224318082
rmse_indirect: 0.02079544742804059
bias_total: 0.0784315880509948
rmse_total: 0.09196298285947441
bias_mr: 0.04244950389883862
rmse_mr: 0.0494741500263468
coverage: 1.0
