Experiment: expname : nonparametric_experiment, data : uniform, n_samples : 1000, mediator_dimension : 1, covariate_dimension : 1, alpha : 0.0, beta : 0.0, stochasticity : 1, gamma : 0.3, noise : uniform, 
Running with estimator : kme_dml, regularization : True, sample_splits : 1, reg_lambda : 0.001, reg_lambda_tilde : 0.001, kernel : linear, density : conditional_kernel, bandwidth : 0.3, bandwidth_mode : heuristic, epsilon : 0.1, normalized : True, random_seed : 47, 
bias_direct: 0.08965880198144188
rmse_direct: 0.09982126621400962
bias_indirect: 0.021640069686291504
rmse_indirect: 0.023325673989430456
bias_total: 0.09082674878499089
rmse_total: 0.10215305790369729
bias_mr: 0.09473046027584359
rmse_mr: 0.10095248369326268
coverage: 0.8620689655172413
