Experiment: expname : nonparametric_experiment, data : uniform, n_samples : 500, mediator_dimension : 1, covariate_dimension : 1, alpha : 0.0, beta : 0.0, stochasticity : 1, gamma : 0.3, noise : uniform, 
Running with estimator : kme_dml, regularization : True, sample_splits : 1, reg_lambda : 0.001, reg_lambda_tilde : 0.001, kernel : linear, density : gaussian, bandwidth : 0.3, bandwidth_mode : heuristic, epsilon : 0.1, normalized : True, random_seed : 81, 
bias_direct: 0.08436568625430683
rmse_direct: 0.10459958310875486
bias_indirect: 0.04437988010873072
rmse_indirect: 0.05108330061547304
bias_total: 0.12865414617208054
rmse_total: 0.15059818582631235
bias_mr: 0.06094353388873958
rmse_mr: 0.07970268396468073
coverage: 1.0
