Experiment: expname : nonparametric_experiment, data : uniform, n_samples : 500, mediator_dimension : 1, covariate_dimension : 1, alpha : 0.0, beta : 0.0, stochasticity : 1, gamma : 0.3, noise : uniform, 
Running with estimator : ipw, regularization : True, sample_splits : 1, reg_lambda : 0.001, reg_lambda_tilde : 0.001, kernel : linear, density : conditional_kernel, bandwidth : 0.3, bandwidth_mode : heuristic, epsilon : 0.1, normalized : True, random_seed : 34, 
bias_direct: 0.09624164319958058
rmse_direct: 0.1279961766788104
bias_indirect: 0.05428096662707321
rmse_indirect: 0.06354530599957585
bias_total: 0.0930477863200245
rmse_total: 0.1276248550907552
bias_mr: 0.10247886486608888
rmse_mr: 0.14035130238504162
coverage: 0.0
