Experiment: expname : baselines_experiment, data : uniform, n_samples : 5000, mediator_dimension : 1, covariate_dimension : 1, alpha : 0.5, beta : 0.25, stochasticity : 1, gamma : 0.3, noise : uniform, 
Running with estimator : linear, regularization : True, sample_splits : 1, reg_lambda : 0.001, reg_lambda_tilde : 0.001, kernel : gauss, density : gaussian, bandwidth : 0.3, bandwidth_mode : heuristic, epsilon : 0.3, normalized : True, random_seed : 89, 
bias_direct: 0.31241242306668704
rmse_direct: 0.3573355759857064
bias_indirect: 0.005114871733986242
rmse_indirect: 0.0058133236343128735
bias_total: 0.3079340687040412
rmse_total: 0.35233942003776064
bias_mr: 0.29776162032014475
rmse_mr: 0.31699699627657335
coverage: 0.0
