Experiment: expname : baselines_experiment, data : uniform, n_samples : 1000, mediator_dimension : 1, covariate_dimension : 1, alpha : 0.5, beta : 0.25, stochasticity : 1, gamma : 0.3, noise : uniform, 
Running with estimator : kme_g_computation, regularization : True, sample_splits : 1, reg_lambda : 0.001, reg_lambda_tilde : 0.001, kernel : gauss, density : gaussian, bandwidth : 0.3, bandwidth_mode : heuristic, epsilon : 0.3, normalized : True, random_seed : 35, 
bias_direct: 0.4014077081940079
rmse_direct: 0.5224338730416797
bias_indirect: 0.45971995222801076
rmse_indirect: 0.5925522645462643
bias_total: 0.05843285838846126
rmse_total: 0.07713719904754765
bias_mr: 0.40510157387569
rmse_mr: 0.5279084849104647
coverage: 0.0
