Experiment: expname : nonparametric_experiment, data : uniform, n_samples : 5000, mediator_dimension : 1, covariate_dimension : 1, alpha : 0.0, beta : 0.0, stochasticity : 1, gamma : 0.3, noise : uniform, 
Running with estimator : kme_g_computation, regularization : True, sample_splits : 1, reg_lambda : 0.001, reg_lambda_tilde : 0.001, kernel : gauss, density : conditional_kernel, bandwidth : 0.3, bandwidth_mode : heuristic, epsilon : 0.1, normalized : True, random_seed : 48, 
bias_direct: 0.16408318071013325
rmse_direct: 0.18637222873578563
bias_indirect: 0.18835574808326555
rmse_indirect: 0.21393347980241964
bias_total: 0.024272567373132322
rmse_total: 0.0281360027979494
bias_mr: 0.16925025895808873
rmse_mr: 0.19513192630951148
coverage: 0.0
