Experiment: expname : nonparametric_experiment, data : uniform, n_samples : 5000, mediator_dimension : 1, covariate_dimension : 1, alpha : 0.0, beta : 0.0, stochasticity : 1, gamma : 0.3, noise : uniform, 
Running with estimator : kme_dml, regularization : True, sample_splits : 1, reg_lambda : 0.001, reg_lambda_tilde : 0.001, kernel : linear, density : conditional_kernel, bandwidth : 0.3, bandwidth_mode : heuristic, epsilon : 0.1, normalized : True, random_seed : 0, 
bias_direct: 0.039931130778788584
rmse_direct: 0.049951582979559685
bias_indirect: 0.010698653358344907
rmse_indirect: 0.01429145075740552
bias_total: 0.04569071921083047
rmse_total: 0.060170226054734
bias_mr: 0.035962391957645376
rmse_mr: 0.0465248656645396
coverage: 0.8620689655172413
