Experiment: expname : nonparametric_experiment, data : uniform, n_samples : 500, mediator_dimension : 1, covariate_dimension : 1, alpha : 0.0, beta : 0.0, stochasticity : 1, gamma : 0.3, noise : uniform, 
Running with estimator : kme_g_computation, regularization : True, sample_splits : 1, reg_lambda : 0.001, reg_lambda_tilde : 0.001, kernel : gauss, density : conditional_kernel, bandwidth : 0.3, bandwidth_mode : heuristic, epsilon : 0.1, normalized : True, random_seed : 99, 
bias_direct: 0.2206859731467023
rmse_direct: 0.24347511513212378
bias_indirect: 0.1717015013875232
rmse_indirect: 0.2049501746533133
bias_total: 0.054385661550244956
rmse_total: 0.06016068734520879
bias_mr: 0.26807871371718794
rmse_mr: 0.32025800448374536
coverage: 0.0
