Experiment: expname : baselines_experiment, data : uniform, n_samples : 500, mediator_dimension : 1, covariate_dimension : 1, alpha : 0.5, beta : 0.25, stochasticity : 1, gamma : 0.3, noise : uniform, 
Running with estimator : ipw, regularization : True, sample_splits : 1, reg_lambda : 0.001, reg_lambda_tilde : 0.001, kernel : gauss, density : gaussian, bandwidth : 0.3, bandwidth_mode : heuristic, epsilon : 0.3, normalized : True, random_seed : 70, 
bias_direct: 0.36848774804711265
rmse_direct: 0.4530358440583235
bias_indirect: 0.06982758620689662
rmse_indirect: 0.0793627637866908
bias_total: 0.36671037288957803
rmse_total: 0.42689178262647315
bias_mr: 0.3085755720529785
rmse_mr: 0.37779981542792856
coverage: 0.0
