Experiment: expname : nonparametric_experiment, data : uniform, n_samples : 5000, mediator_dimension : 1, covariate_dimension : 1, alpha : 0.0, beta : 0.0, stochasticity : 1, gamma : 0.3, noise : uniform, 
Running with estimator : ipw, regularization : True, sample_splits : 1, reg_lambda : 0.001, reg_lambda_tilde : 0.001, kernel : gauss, density : conditional_kernel, bandwidth : 0.3, bandwidth_mode : heuristic, epsilon : 0.1, normalized : True, random_seed : 39, 
bias_direct: 0.05938305270253951
rmse_direct: 0.077561559048744
bias_indirect: 0.03540492087250008
rmse_indirect: 0.041948092159648696
bias_total: 0.05966497726957234
rmse_total: 0.06620355508827921
bias_mr: 0.050207792550227864
rmse_mr: 0.057074769940005717
coverage: 0.0
