Experiment: expname : nonparametric_experiment, data : uniform, n_samples : 500, mediator_dimension : 1, covariate_dimension : 1, alpha : 0.0, beta : 0.0, stochasticity : 1, gamma : 0.3, noise : uniform, 
Running with estimator : kme_g_computation, regularization : True, sample_splits : 1, reg_lambda : 0.001, reg_lambda_tilde : 0.001, kernel : linear, density : conditional_kernel, bandwidth : 0.3, bandwidth_mode : heuristic, epsilon : 0.1, normalized : True, random_seed : 91, 
bias_direct: 0.15171544021245226
rmse_direct: 0.1722971283228865
bias_indirect: 0.1724299956527938
rmse_indirect: 0.19597591917501733
bias_total: 0.02071455544034159
rmse_total: 0.026103488743526203
bias_mr: 0.15187551088191772
rmse_mr: 0.17337698822988054
coverage: 0.0
