Experiment: expname : nonparametric_experiment, data : uniform, n_samples : 1000, mediator_dimension : 1, covariate_dimension : 1, alpha : 0.0, beta : 0.0, stochasticity : 1, gamma : 0.3, noise : uniform, 
Running with estimator : kme_g_computation, regularization : True, sample_splits : 1, reg_lambda : 0.001, reg_lambda_tilde : 0.001, kernel : linear, density : gaussian, bandwidth : 0.3, bandwidth_mode : heuristic, epsilon : 0.1, normalized : True, random_seed : 60, 
bias_direct: 0.1698475434613017
rmse_direct: 0.19301860590771094
bias_indirect: 0.1892594665248627
rmse_indirect: 0.2151034537753314
bias_total: 0.01941192306356095
rmse_total: 0.022091557987414863
bias_mr: 0.17016742003792434
rmse_mr: 0.1937367518703117
coverage: 0.0
