Experiment: expname : baselines_experiment, data : uniform, n_samples : 500, mediator_dimension : 1, covariate_dimension : 1, alpha : 0.5, beta : 0.25, stochasticity : 1, gamma : 0.3, noise : uniform, 
Running with estimator : kme_dml, regularization : True, sample_splits : 1, reg_lambda : 0.001, reg_lambda_tilde : 0.001, kernel : gauss, density : gaussian, bandwidth : 0.3, bandwidth_mode : heuristic, epsilon : 0.3, normalized : True, random_seed : 1, 
bias_direct: 0.08300051461483002
rmse_direct: 0.0967056400218157
bias_indirect: 0.03245005721956101
rmse_indirect: 0.038435129946352495
bias_total: 0.0824598406777401
rmse_total: 0.10450600127031291
bias_mr: 0.06717243824152815
rmse_mr: 0.08308299560083922
coverage: 1.0
