Experiment: expname : nonparametric_experiment, data : uniform, n_samples : 5000, mediator_dimension : 1, covariate_dimension : 1, alpha : 0.0, beta : 0.0, stochasticity : 1, gamma : 0.3, noise : uniform, 
Running with estimator : kme_dml, regularization : True, sample_splits : 1, reg_lambda : 0.001, reg_lambda_tilde : 0.001, kernel : gauss, density : gaussian, bandwidth : 0.3, bandwidth_mode : heuristic, epsilon : 0.1, normalized : True, random_seed : 71, 
bias_direct: 0.024413681556900883
rmse_direct: 0.042456062664551604
bias_indirect: 0.01650369721277373
rmse_indirect: 0.01981495119176091
bias_total: 0.03840130005620549
rmse_total: 0.05169993024131184
bias_mr: 0.028959330128672852
rmse_mr: 0.04575460362819927
coverage: 0.8620689655172413
