Experiment: expname : baselines_experiment, data : uniform, n_samples : 5000, mediator_dimension : 1, covariate_dimension : 1, alpha : 0.5, beta : 0.25, stochasticity : 1, gamma : 0.3, noise : uniform, 
Running with estimator : ipw, regularization : True, sample_splits : 1, reg_lambda : 0.001, reg_lambda_tilde : 0.001, kernel : gauss, density : gaussian, bandwidth : 0.3, bandwidth_mode : heuristic, epsilon : 0.3, normalized : True, random_seed : 46, 
bias_direct: 0.07792328282597487
rmse_direct: 0.0929675061168695
bias_indirect: 0.0698275862068966
rmse_indirect: 0.07936276378669078
bias_total: 0.04007181244181284
rmse_total: 0.04687081295277589
bias_mr: 0.12022877987048834
rmse_mr: 0.1539923618055063
coverage: 0.0
