Experiment: expname : nonparametric_experiment, data : uniform, n_samples : 1000, mediator_dimension : 1, covariate_dimension : 1, alpha : 0.0, beta : 0.0, stochasticity : 1, gamma : 0.3, noise : uniform, 
Running with estimator : kme_dml, regularization : True, sample_splits : 1, reg_lambda : 0.001, reg_lambda_tilde : 0.001, kernel : linear, density : conditional_kernel, bandwidth : 0.3, bandwidth_mode : heuristic, epsilon : 0.1, normalized : True, random_seed : 35, 
bias_direct: 0.0434897503112378
rmse_direct: 0.049994216535654105
bias_indirect: 0.020048177706340736
rmse_indirect: 0.024306241949455267
bias_total: 0.03559834571002753
rmse_total: 0.04096719174369842
bias_mr: 0.05384212010653864
rmse_mr: 0.06355607904903507
coverage: 1.0
