Experiment: expname : nonparametric_experiment, data : uniform, n_samples : 1000, mediator_dimension : 1, covariate_dimension : 1, alpha : 0.0, beta : 0.0, stochasticity : 1, gamma : 0.3, noise : uniform, 
Running with estimator : ipw, regularization : True, sample_splits : 1, reg_lambda : 0.001, reg_lambda_tilde : 0.001, kernel : linear, density : gaussian, bandwidth : 0.3, bandwidth_mode : heuristic, epsilon : 0.1, normalized : True, random_seed : 77, 
bias_direct: 0.15938557601945172
rmse_direct: 0.1796296931603714
bias_indirect: 0.06982758620689661
rmse_indirect: 0.0793627637866908
bias_total: 0.1130315794808096
rmse_total: 0.13415278146581694
bias_mr: 0.12876231798635146
rmse_mr: 0.15336922819694168
coverage: 0.0
