Experiment: expname : baselines_experiment, data : uniform, n_samples : 1000, mediator_dimension : 1, covariate_dimension : 1, alpha : 0.5, beta : 0.25, stochasticity : 1, gamma : 0.3, noise : uniform, 
Running with estimator : linear, regularization : True, sample_splits : 1, reg_lambda : 0.001, reg_lambda_tilde : 0.001, kernel : gauss, density : gaussian, bandwidth : 0.3, bandwidth_mode : heuristic, epsilon : 0.3, normalized : True, random_seed : 90, 
bias_direct: 0.26865907418252893
rmse_direct: 0.30801290945051996
bias_indirect: 0.008446301380707774
rmse_indirect: 0.009599670527951116
bias_total: 0.27507826323186685
rmse_total: 0.3158216697093985
bias_mr: 0.24598297469753713
rmse_mr: 0.26457350758622245
coverage: 0.0
