Experiment: expname : nonparametric_experiment, data : uniform, n_samples : 1000, mediator_dimension : 1, covariate_dimension : 1, alpha : 0.0, beta : 0.0, stochasticity : 1, gamma : 0.3, noise : uniform, 
Running with estimator : kme_dml, regularization : True, sample_splits : 1, reg_lambda : 0.001, reg_lambda_tilde : 0.001, kernel : linear, density : gaussian, bandwidth : 0.3, bandwidth_mode : heuristic, epsilon : 0.1, normalized : True, random_seed : 20, 
bias_direct: 0.08525279202645834
rmse_direct: 0.096270161614972
bias_indirect: 0.0146517798677395
rmse_indirect: 0.017875393979986963
bias_total: 0.09652035963226475
rmse_total: 0.10944657088488464
bias_mr: 0.054765506426389825
rmse_mr: 0.06276650543672092
coverage: 1.0
