Experiment: expname : nonparametric_experiment, data : uniform, n_samples : 1000, mediator_dimension : 1, covariate_dimension : 1, alpha : 0.0, beta : 0.0, stochasticity : 1, gamma : 0.3, noise : uniform, 
Running with estimator : kme_g_computation, regularization : True, sample_splits : 1, reg_lambda : 0.001, reg_lambda_tilde : 0.001, kernel : linear, density : conditional_kernel, bandwidth : 0.3, bandwidth_mode : heuristic, epsilon : 0.1, normalized : True, random_seed : 45, 
bias_direct: 0.16500159797132116
rmse_direct: 0.1879116982665363
bias_indirect: 0.14369758331463692
rmse_indirect: 0.16331996136247204
bias_total: 0.021304014656684262
rmse_total: 0.025284252249409916
bias_mr: 0.1641703866399202
rmse_mr: 0.18666181267386697
coverage: 0.0
