Experiment: expname : nonparametric_experiment, data : uniform, n_samples : 5000, mediator_dimension : 1, covariate_dimension : 1, alpha : 0.0, beta : 0.0, stochasticity : 1, gamma : 0.3, noise : uniform, 
Running with estimator : kme_dml, regularization : True, sample_splits : 1, reg_lambda : 0.001, reg_lambda_tilde : 0.001, kernel : linear, density : gaussian, bandwidth : 0.3, bandwidth_mode : heuristic, epsilon : 0.1, normalized : True, random_seed : 80, 
bias_direct: 0.03707007666494278
rmse_direct: 0.04231049364296889
bias_indirect: 0.006435155614000269
rmse_indirect: 0.00837934959734774
bias_total: 0.035164977299447585
rmse_total: 0.04003156425305691
bias_mr: 0.021153241166311558
rmse_mr: 0.028782634900595818
coverage: 1.0
