Experiment: expname : nonparametric_experiment, data : uniform, n_samples : 5000, mediator_dimension : 1, covariate_dimension : 1, alpha : 0.0, beta : 0.0, stochasticity : 1, gamma : 0.3, noise : uniform, 
Running with estimator : ipw, regularization : True, sample_splits : 1, reg_lambda : 0.001, reg_lambda_tilde : 0.001, kernel : linear, density : conditional_kernel, bandwidth : 0.3, bandwidth_mode : heuristic, epsilon : 0.1, normalized : True, random_seed : 26, 
bias_direct: 0.04310863705866795
rmse_direct: 0.051725966028868246
bias_indirect: 0.03838353767554858
rmse_indirect: 0.04367592938875071
bias_total: 0.0365332656097304
rmse_total: 0.04769607431631967
bias_mr: 0.03634825910923039
rmse_mr: 0.04263723367419703
coverage: 0.0
