Experiment: expname : baselines_experiment, data : uniform, n_samples : 5000, mediator_dimension : 1, covariate_dimension : 1, alpha : 0.5, beta : 0.25, stochasticity : 1, gamma : 0.3, noise : uniform, 
Running with estimator : linear, regularization : True, sample_splits : 1, reg_lambda : 0.001, reg_lambda_tilde : 0.001, kernel : gauss, density : gaussian, bandwidth : 0.3, bandwidth_mode : heuristic, epsilon : 0.3, normalized : True, random_seed : 80, 
bias_direct: 0.30110645567521377
rmse_direct: 0.34477168554137355
bias_indirect: 0.002379375711612664
rmse_indirect: 0.002704286984817108
bias_total: 0.3031897312982702
rmse_total: 0.34707429093479675
bias_mr: 0.2845689205910761
rmse_mr: 0.30347270797345416
coverage: 0.0
