Experiment: expname : nonparametric_experiment, data : uniform, n_samples : 1000, mediator_dimension : 1, covariate_dimension : 1, alpha : 0.0, beta : 0.0, stochasticity : 1, gamma : 0.3, noise : uniform, 
Running with estimator : kme_dml, regularization : True, sample_splits : 1, reg_lambda : 0.001, reg_lambda_tilde : 0.001, kernel : linear, density : gaussian, bandwidth : 0.3, bandwidth_mode : heuristic, epsilon : 0.1, normalized : True, random_seed : 92, 
bias_direct: 0.044466962703416
rmse_direct: 0.05077434950145571
bias_indirect: 0.015067874300386308
rmse_indirect: 0.018625121815467244
bias_total: 0.05642937813548859
rmse_total: 0.0650884785918401
bias_mr: 0.0372104047337483
rmse_mr: 0.04838908755559739
coverage: 1.0
