Experiment: expname : nonparametric_experiment, data : uniform, n_samples : 1000, mediator_dimension : 1, covariate_dimension : 1, alpha : 0.0, beta : 0.0, stochasticity : 1, gamma : 0.3, noise : uniform, 
Running with estimator : kme_dml, regularization : True, sample_splits : 1, reg_lambda : 0.001, reg_lambda_tilde : 0.001, kernel : gauss, density : gaussian, bandwidth : 0.3, bandwidth_mode : heuristic, epsilon : 0.1, normalized : True, random_seed : 17, 
bias_direct: 0.05931891254765989
rmse_direct: 0.06676438211895988
bias_indirect: 0.020101756480491582
rmse_indirect: 0.027908038425853238
bias_total: 0.05449826147668266
rmse_total: 0.06037864659350644
bias_mr: 0.06076719643353019
rmse_mr: 0.06952015788810513
coverage: 1.0
