Experiment: expname : baselines_experiment, data : uniform, n_samples : 1000, mediator_dimension : 1, covariate_dimension : 1, alpha : 0.5, beta : 0.25, stochasticity : 1, gamma : 0.3, noise : uniform, 
Running with estimator : kme_g_computation, regularization : True, sample_splits : 1, reg_lambda : 0.001, reg_lambda_tilde : 0.001, kernel : gauss, density : gaussian, bandwidth : 0.3, bandwidth_mode : heuristic, epsilon : 0.3, normalized : True, random_seed : 55, 
bias_direct: 0.378876002702438
rmse_direct: 0.49332455346607346
bias_indirect: 0.44109193702015403
rmse_indirect: 0.5643128965985301
bias_total: 0.06221593431771616
rmse_total: 0.07649975222286853
bias_mr: 0.4054986039124275
rmse_mr: 0.5305504792564362
coverage: 0.0
