Experiment: expname : nonparametric_experiment, data : uniform, n_samples : 1000, mediator_dimension : 1, covariate_dimension : 1, alpha : 0.0, beta : 0.0, stochasticity : 1, gamma : 0.3, noise : uniform, 
Running with estimator : kme_g_computation, regularization : True, sample_splits : 1, reg_lambda : 0.001, reg_lambda_tilde : 0.001, kernel : gauss, density : gaussian, bandwidth : 0.3, bandwidth_mode : heuristic, epsilon : 0.1, normalized : True, random_seed : 29, 
bias_direct: 0.16462490390467485
rmse_direct: 0.1882680132519933
bias_indirect: 0.2131713047960882
rmse_indirect: 0.23490524413720235
bias_total: 0.0495455544823074
rmse_total: 0.053768012348832155
bias_mr: 0.15968464232651217
rmse_mr: 0.18176962125699844
coverage: 0.0
