Experiment: expname : baselines_experiment, data : uniform, n_samples : 5000, mediator_dimension : 1, covariate_dimension : 1, alpha : 0.5, beta : 0.25, stochasticity : 1, gamma : 0.3, noise : uniform, 
Running with estimator : kme_g_computation, regularization : True, sample_splits : 1, reg_lambda : 0.001, reg_lambda_tilde : 0.001, kernel : gauss, density : gaussian, bandwidth : 0.3, bandwidth_mode : heuristic, epsilon : 0.3, normalized : True, random_seed : 3, 
bias_direct: 0.39134534318314435
rmse_direct: 0.5094340443488412
bias_indirect: 0.42743776723584953
rmse_indirect: 0.5491981431519497
bias_total: 0.036194881369692795
rmse_total: 0.046943562399544315
bias_mr: 0.39161565642640833
rmse_mr: 0.5097403251916347
coverage: 0.0
