Experiment: expname : nonparametric_experiment, data : uniform, n_samples : 1000, mediator_dimension : 1, covariate_dimension : 1, alpha : 0.0, beta : 0.0, stochasticity : 1, gamma : 0.3, noise : uniform, 
Running with estimator : ipw, regularization : True, sample_splits : 1, reg_lambda : 0.001, reg_lambda_tilde : 0.001, kernel : gauss, density : conditional_kernel, bandwidth : 0.3, bandwidth_mode : heuristic, epsilon : 0.1, normalized : True, random_seed : 93, 
bias_direct: 0.1808549069915777
rmse_direct: 0.19743827316233678
bias_indirect: 0.03624816534374262
rmse_indirect: 0.041352371781990846
bias_total: 0.18620465293445326
rmse_total: 0.20366055056744667
bias_mr: 0.1086605079997717
rmse_mr: 0.13027418414200231
coverage: 0.0
