Experiment: expname : baselines_experiment, data : uniform, n_samples : 1000, mediator_dimension : 1, covariate_dimension : 1, alpha : 0.5, beta : 0.25, stochasticity : 1, gamma : 0.3, noise : uniform, 
Running with estimator : ipw, regularization : True, sample_splits : 1, reg_lambda : 0.001, reg_lambda_tilde : 0.001, kernel : gauss, density : gaussian, bandwidth : 0.3, bandwidth_mode : heuristic, epsilon : 0.3, normalized : True, random_seed : 71, 
bias_direct: 0.0801260703452493
rmse_direct: 0.09281684604357829
bias_indirect: 0.0698275862068966
rmse_indirect: 0.07936276378669078
bias_total: 0.05577102322221385
rmse_total: 0.06239526603131671
bias_mr: 0.16259096965593378
rmse_mr: 0.20956463386861404
coverage: 0.0
