Experiment: expname : baselines_experiment, data : uniform, n_samples : 500, mediator_dimension : 1, covariate_dimension : 1, alpha : 0.5, beta : 0.25, stochasticity : 1, gamma : 0.3, noise : uniform, 
Running with estimator : ipw, regularization : True, sample_splits : 1, reg_lambda : 0.001, reg_lambda_tilde : 0.001, kernel : gauss, density : gaussian, bandwidth : 0.3, bandwidth_mode : heuristic, epsilon : 0.3, normalized : True, random_seed : 6, 
bias_direct: 0.19704740702967632
rmse_direct: 0.24489911824225888
bias_indirect: 0.0698275862068966
rmse_indirect: 0.07936276378669077
bias_total: 0.18618533806415913
rmse_total: 0.22169759738517683
bias_mr: 0.13780726139382035
rmse_mr: 0.1629122586945663
coverage: 0.0
