Experiment: expname : baselines_experiment, data : uniform, n_samples : 1000, mediator_dimension : 1, covariate_dimension : 1, alpha : 0.5, beta : 0.25, stochasticity : 1, gamma : 0.3, noise : uniform, 
Running with estimator : kme_g_computation, regularization : True, sample_splits : 1, reg_lambda : 0.001, reg_lambda_tilde : 0.001, kernel : gauss, density : gaussian, bandwidth : 0.3, bandwidth_mode : heuristic, epsilon : 0.3, normalized : True, random_seed : 62, 
bias_direct: 0.3783375375980869
rmse_direct: 0.48890831377106914
bias_indirect: 0.3757238291146457
rmse_indirect: 0.49826592020050997
bias_total: 0.07346623981955293
rmse_total: 0.08880133437524072
bias_mr: 0.39355350818595386
rmse_mr: 0.5076493932194472
coverage: 0.0
