Experiment: expname : nonparametric_experiment, data : uniform, n_samples : 500, mediator_dimension : 1, covariate_dimension : 1, alpha : 0.0, beta : 0.0, stochasticity : 1, gamma : 0.3, noise : uniform, 
Running with estimator : kme_g_computation, regularization : True, sample_splits : 1, reg_lambda : 0.001, reg_lambda_tilde : 0.001, kernel : gauss, density : conditional_kernel, bandwidth : 0.3, bandwidth_mode : heuristic, epsilon : 0.1, normalized : True, random_seed : 88, 
bias_direct: 0.1855717671600248
rmse_direct: 0.20897352929917679
bias_indirect: 0.11923915795749203
rmse_indirect: 0.1596635436294468
bias_total: 0.07527948640633741
rmse_total: 0.09658282510459738
bias_mr: 0.1950641077050221
rmse_mr: 0.2217378485114366
coverage: 0.0
