Experiment: expname : nonparametric_experiment, data : uniform, n_samples : 500, mediator_dimension : 1, covariate_dimension : 1, alpha : 0.0, beta : 0.0, stochasticity : 1, gamma : 0.3, noise : uniform, 
Running with estimator : kme_dml, regularization : True, sample_splits : 1, reg_lambda : 0.001, reg_lambda_tilde : 0.001, kernel : linear, density : conditional_kernel, bandwidth : 0.3, bandwidth_mode : heuristic, epsilon : 0.1, normalized : True, random_seed : 2, 
bias_direct: 0.047783765126868515
rmse_direct: 0.05541626932200941
bias_indirect: 0.024095508411077354
rmse_indirect: 0.028714248850816915
bias_total: 0.04421626491606426
rmse_total: 0.04871595530131441
bias_mr: 0.09341248550393663
rmse_mr: 0.10222537635210341
coverage: 1.0
