Experiment: expname : nonparametric_experiment, data : uniform, n_samples : 1000, mediator_dimension : 1, covariate_dimension : 1, alpha : 0.0, beta : 0.0, stochasticity : 1, gamma : 0.3, noise : uniform, 
Running with estimator : kme_dml, regularization : True, sample_splits : 1, reg_lambda : 0.001, reg_lambda_tilde : 0.001, kernel : linear, density : conditional_kernel, bandwidth : 0.3, bandwidth_mode : heuristic, epsilon : 0.1, normalized : True, random_seed : 28, 
bias_direct: 0.0742343110311726
rmse_direct: 0.09909820287997802
bias_indirect: 0.016024494152045175
rmse_indirect: 0.019812858219635483
bias_total: 0.07264450680962026
rmse_total: 0.09726632350490017
bias_mr: 0.0661031462936652
rmse_mr: 0.0783142771280501
coverage: 1.0
