Experiment: expname : baselines_experiment, data : uniform, n_samples : 5000, mediator_dimension : 1, covariate_dimension : 1, alpha : 0.5, beta : 0.25, stochasticity : 1, gamma : 0.3, noise : uniform, 
Running with estimator : ipw, regularization : True, sample_splits : 1, reg_lambda : 0.001, reg_lambda_tilde : 0.001, kernel : gauss, density : gaussian, bandwidth : 0.3, bandwidth_mode : heuristic, epsilon : 0.3, normalized : True, random_seed : 77, 
bias_direct: 0.07625901671442623
rmse_direct: 0.09962893093849264
bias_indirect: 0.06982758620689661
rmse_indirect: 0.07936276378669078
bias_total: 0.05333711914219525
rmse_total: 0.06659835980696512
bias_mr: 0.08241939058535923
rmse_mr: 0.14107060801631535
coverage: 0.0
