Experiment: expname : nonparametric_experiment, data : uniform, n_samples : 500, mediator_dimension : 1, covariate_dimension : 1, alpha : 0.0, beta : 0.0, stochasticity : 1, gamma : 0.3, noise : uniform, 
Running with estimator : kme_g_computation, regularization : True, sample_splits : 1, reg_lambda : 0.001, reg_lambda_tilde : 0.001, kernel : linear, density : conditional_kernel, bandwidth : 0.3, bandwidth_mode : heuristic, epsilon : 0.1, normalized : True, random_seed : 45, 
bias_direct: 0.1583006765408749
rmse_direct: 0.18008696369999525
bias_indirect: 0.16040987988513555
rmse_indirect: 0.18231433951624965
bias_total: 0.002582618619365626
rmse_total: 0.0038681934103495653
bias_mr: 0.16118613853909616
rmse_mr: 0.1880259504665731
coverage: 0.0
