Experiment: expname : nonparametric_experiment, data : uniform, n_samples : 500, mediator_dimension : 1, covariate_dimension : 1, alpha : 0.0, beta : 0.0, stochasticity : 1, gamma : 0.3, noise : uniform, 
Running with estimator : ipw, regularization : True, sample_splits : 1, reg_lambda : 0.001, reg_lambda_tilde : 0.001, kernel : linear, density : conditional_kernel, bandwidth : 0.3, bandwidth_mode : heuristic, epsilon : 0.1, normalized : True, random_seed : 69, 
bias_direct: 0.09424783398580168
rmse_direct: 0.11735661559676151
bias_indirect: 0.02369122170623593
rmse_indirect: 0.03483541650255582
bias_total: 0.0982690913607879
rmse_total: 0.11935877348119947
bias_mr: 0.09823252288299247
rmse_mr: 0.11813440771053799
coverage: 0.0
