Experiment: expname : nonparametric_experiment, data : uniform, n_samples : 500, mediator_dimension : 1, covariate_dimension : 1, alpha : 0.0, beta : 0.0, stochasticity : 1, gamma : 0.3, noise : uniform, 
Running with estimator : kme_dml, regularization : True, sample_splits : 1, reg_lambda : 0.001, reg_lambda_tilde : 0.001, kernel : linear, density : gaussian, bandwidth : 0.3, bandwidth_mode : heuristic, epsilon : 0.1, normalized : True, random_seed : 44, 
bias_direct: 0.06655070772213735
rmse_direct: 0.08132202720800966
bias_indirect: 0.05472350469292709
rmse_indirect: 0.06583454948378945
bias_total: 0.06916721625904615
rmse_total: 0.10123093323708798
bias_mr: 0.08061587129058123
rmse_mr: 0.10150568942421491
coverage: 0.896551724137931
