Experiment: expname : baselines_experiment, data : uniform, n_samples : 500, mediator_dimension : 1, covariate_dimension : 1, alpha : 0.5, beta : 0.25, stochasticity : 1, gamma : 0.3, noise : uniform, 
Running with estimator : linear, regularization : True, sample_splits : 1, reg_lambda : 0.001, reg_lambda_tilde : 0.001, kernel : gauss, density : gaussian, bandwidth : 0.3, bandwidth_mode : heuristic, epsilon : 0.3, normalized : True, random_seed : 73, 
bias_direct: 0.2826019639515103
rmse_direct: 0.3245910747948438
bias_indirect: 0.03624120154296527
rmse_indirect: 0.04119005215042268
bias_total: 0.31433314930246214
rmse_total: 0.3594859120054149
bias_mr: 0.2649808160858967
rmse_mr: 0.2860411964542556
coverage: 0.0
