Experiment: expname : nonparametric_experiment, data : uniform, n_samples : 1000, mediator_dimension : 1, covariate_dimension : 1, alpha : 0.0, beta : 0.0, stochasticity : 1, gamma : 0.3, noise : uniform, 
Running with estimator : kme_dml, regularization : True, sample_splits : 1, reg_lambda : 0.001, reg_lambda_tilde : 0.001, kernel : gauss, density : conditional_kernel, bandwidth : 0.3, bandwidth_mode : heuristic, epsilon : 0.1, normalized : True, random_seed : 6, 
bias_direct: 0.0865778982937637
rmse_direct: 0.10416207725044298
bias_indirect: 0.017045436330409388
rmse_indirect: 0.02471075656373823
bias_total: 0.08980097679486841
rmse_total: 0.10907276344347944
bias_mr: 0.07641903688645443
rmse_mr: 0.09932978394877369
coverage: 0.8620689655172413
