Experiment: expname : baselines_experiment, data : uniform, n_samples : 1000, mediator_dimension : 1, covariate_dimension : 1, alpha : 0.5, beta : 0.25, stochasticity : 1, gamma : 0.3, noise : uniform, 
Running with estimator : kme_dml, regularization : True, sample_splits : 1, reg_lambda : 0.001, reg_lambda_tilde : 0.001, kernel : gauss, density : gaussian, bandwidth : 0.3, bandwidth_mode : heuristic, epsilon : 0.3, normalized : True, random_seed : 87, 
bias_direct: 0.09208810146698193
rmse_direct: 0.10160865958688123
bias_indirect: 0.017275077331611686
rmse_indirect: 0.027061955657905548
bias_total: 0.0877711346645408
rmse_total: 0.10204965872166
bias_mr: 0.07662682479654218
rmse_mr: 0.09556382735700726
coverage: 1.0
