Experiment: expname : nonparametric_experiment, data : uniform, n_samples : 500, mediator_dimension : 1, covariate_dimension : 1, alpha : 0.0, beta : 0.0, stochasticity : 1, gamma : 0.3, noise : uniform, 
Running with estimator : kme_g_computation, regularization : True, sample_splits : 1, reg_lambda : 0.001, reg_lambda_tilde : 0.001, kernel : linear, density : gaussian, bandwidth : 0.3, bandwidth_mode : heuristic, epsilon : 0.1, normalized : True, random_seed : 85, 
bias_direct: 0.19132338839973204
rmse_direct: 0.2173548454660263
bias_indirect: 0.2284179156819327
rmse_indirect: 0.25960905646818583
bias_total: 0.03709452728220066
rmse_total: 0.04234462964245943
bias_mr: 0.19696384398933048
rmse_mr: 0.22955117074421794
coverage: 0.0
