Experiment: expname : nonparametric_experiment, data : uniform, n_samples : 5000, mediator_dimension : 1, covariate_dimension : 1, alpha : 0.0, beta : 0.0, stochasticity : 1, gamma : 0.3, noise : uniform, 
Running with estimator : kme_dml, regularization : True, sample_splits : 1, reg_lambda : 0.001, reg_lambda_tilde : 0.001, kernel : linear, density : gaussian, bandwidth : 0.3, bandwidth_mode : heuristic, epsilon : 0.1, normalized : True, random_seed : 74, 
bias_direct: 0.03976215337728906
rmse_direct: 0.04510089816873784
bias_indirect: 0.01249696407432772
rmse_indirect: 0.017607944486878194
bias_total: 0.039937286856275234
rmse_total: 0.04878523387989426
bias_mr: 0.049462493918441285
rmse_mr: 0.0628671295992464
coverage: 0.7931034482758621
