Experiment: expname : nonparametric_experiment, data : uniform, n_samples : 500, mediator_dimension : 1, covariate_dimension : 1, alpha : 0.0, beta : 0.0, stochasticity : 1, gamma : 0.3, noise : uniform, 
Running with estimator : kme_dml, regularization : True, sample_splits : 1, reg_lambda : 0.001, reg_lambda_tilde : 0.001, kernel : linear, density : gaussian, bandwidth : 0.3, bandwidth_mode : heuristic, epsilon : 0.1, normalized : True, random_seed : 61, 
bias_direct: 0.07559881699352843
rmse_direct: 0.08059749064530618
bias_indirect: 0.034332208435843635
rmse_indirect: 0.040329249434058904
bias_total: 0.07951689534852692
rmse_total: 0.08730960411612824
bias_mr: 0.06716775927260969
rmse_mr: 0.07329040372569565
coverage: 1.0
