Experiment: expname : nonparametric_experiment, data : uniform, n_samples : 500, mediator_dimension : 1, covariate_dimension : 1, alpha : 0.0, beta : 0.0, stochasticity : 1, gamma : 0.3, noise : uniform, 
Running with estimator : kme_dml, regularization : True, sample_splits : 1, reg_lambda : 0.001, reg_lambda_tilde : 0.001, kernel : gauss, density : gaussian, bandwidth : 0.3, bandwidth_mode : heuristic, epsilon : 0.1, normalized : True, random_seed : 82, 
bias_direct: 0.046599005557130965
rmse_direct: 0.0627821426229404
bias_indirect: 0.015245359204057628
rmse_indirect: 0.017378171209331262
bias_total: 0.047097833229170674
rmse_total: 0.06052920209323785
bias_mr: 0.05527388752264015
rmse_mr: 0.0646314578318098
coverage: 1.0
