Experiment: expname : nonparametric_experiment, data : uniform, n_samples : 1000, mediator_dimension : 1, covariate_dimension : 1, alpha : 0.0, beta : 0.0, stochasticity : 1, gamma : 0.3, noise : uniform, 
Running with estimator : kme_dml, regularization : True, sample_splits : 1, reg_lambda : 0.001, reg_lambda_tilde : 0.001, kernel : gauss, density : conditional_kernel, bandwidth : 0.3, bandwidth_mode : heuristic, epsilon : 0.1, normalized : True, random_seed : 82, 
bias_direct: 0.07249338833309031
rmse_direct: 0.08839243190230467
bias_indirect: 0.026645082441158423
rmse_indirect: 0.04572584838514284
bias_total: 0.09830547289709665
rmse_total: 0.11358886245829045
bias_mr: 0.09897706445497706
rmse_mr: 0.10691701429629429
coverage: 0.8275862068965517
