Experiment: expname : nonparametric_experiment, data : uniform, n_samples : 5000, mediator_dimension : 1, covariate_dimension : 1, alpha : 0.0, beta : 0.0, stochasticity : 1, gamma : 0.3, noise : uniform, 
Running with estimator : kme_dml, regularization : True, sample_splits : 1, reg_lambda : 0.001, reg_lambda_tilde : 0.001, kernel : gauss, density : conditional_kernel, bandwidth : 0.3, bandwidth_mode : heuristic, epsilon : 0.1, normalized : True, random_seed : 81, 
bias_direct: 0.02682124828778152
rmse_direct: 0.031832330919662095
bias_indirect: 0.018099685903226685
rmse_indirect: 0.02191641308647432
bias_total: 0.037659034763513136
rmse_total: 0.04217965409886191
bias_mr: 0.027950477874291627
rmse_mr: 0.033742289848953784
coverage: 1.0
