Experiment: expname : nonparametric_experiment, data : uniform, n_samples : 500, mediator_dimension : 1, covariate_dimension : 1, alpha : 0.0, beta : 0.0, stochasticity : 1, gamma : 0.3, noise : uniform, 
Running with estimator : kme_dml, regularization : True, sample_splits : 1, reg_lambda : 0.001, reg_lambda_tilde : 0.001, kernel : gauss, density : gaussian, bandwidth : 0.3, bandwidth_mode : heuristic, epsilon : 0.1, normalized : True, random_seed : 26, 
bias_direct: 0.09939066264537934
rmse_direct: 0.10973548682269217
bias_indirect: 0.025076631871519275
rmse_indirect: 0.029028683694354296
bias_total: 0.08568478760683819
rmse_total: 0.09960727236293258
bias_mr: 0.10759847689240405
rmse_mr: 0.11863981376957775
coverage: 1.0
