Experiment: expname : nonparametric_experiment, data : uniform, n_samples : 500, mediator_dimension : 1, covariate_dimension : 1, alpha : 0.0, beta : 0.0, stochasticity : 1, gamma : 0.3, noise : uniform, 
Running with estimator : kme_dml, regularization : True, sample_splits : 1, reg_lambda : 0.001, reg_lambda_tilde : 0.001, kernel : gauss, density : conditional_kernel, bandwidth : 0.3, bandwidth_mode : heuristic, epsilon : 0.1, normalized : True, random_seed : 5, 
bias_direct: 0.057429114065095814
rmse_direct: 0.09393185394492687
bias_indirect: 0.037113561547618044
rmse_indirect: 0.04135508732723656
bias_total: 0.09233239367396774
rmse_total: 0.12460549765475527
bias_mr: 0.07102220750263319
rmse_mr: 0.08401522792346439
coverage: 1.0
