Experiment: expname : baselines_experiment, data : uniform, n_samples : 1000, mediator_dimension : 1, covariate_dimension : 1, alpha : 0.5, beta : 0.25, stochasticity : 1, gamma : 0.3, noise : uniform, 
Running with estimator : linear, regularization : True, sample_splits : 1, reg_lambda : 0.001, reg_lambda_tilde : 0.001, kernel : gauss, density : gaussian, bandwidth : 0.3, bandwidth_mode : heuristic, epsilon : 0.3, normalized : True, random_seed : 99, 
bias_direct: 0.3218891916397041
rmse_direct: 0.36798722980642096
bias_indirect: 0.00029422179045564246
rmse_indirect: 0.00033439870580149317
bias_total: 0.32163158411650516
rmse_total: 0.3676963233630111
bias_mr: 0.3071641035276212
rmse_mr: 0.3290489142539124
coverage: 0.0
