Experiment: expname : nonparametric_experiment, data : uniform, n_samples : 5000, mediator_dimension : 1, covariate_dimension : 1, alpha : 0.0, beta : 0.0, stochasticity : 1, gamma : 0.3, noise : uniform, 
Running with estimator : kme_dml, regularization : True, sample_splits : 1, reg_lambda : 0.001, reg_lambda_tilde : 0.001, kernel : linear, density : conditional_kernel, bandwidth : 0.3, bandwidth_mode : heuristic, epsilon : 0.1, normalized : True, random_seed : 91, 
bias_direct: 0.027874580332272452
rmse_direct: 0.03751481553397425
bias_indirect: 0.0038085989983052118
rmse_indirect: 0.00465133699634012
bias_total: 0.029476539835887088
rmse_total: 0.03883601899591964
bias_mr: 0.0436884021841042
rmse_mr: 0.04874410779860953
coverage: 1.0
