Experiment: expname : nonparametric_experiment, data : uniform, n_samples : 5000, mediator_dimension : 1, covariate_dimension : 1, alpha : 0.0, beta : 0.0, stochasticity : 1, gamma : 0.3, noise : uniform, 
Running with estimator : kme_dml, regularization : True, sample_splits : 1, reg_lambda : 0.001, reg_lambda_tilde : 0.001, kernel : linear, density : gaussian, bandwidth : 0.3, bandwidth_mode : heuristic, epsilon : 0.1, normalized : True, random_seed : 70, 
bias_direct: 0.023601576493619887
rmse_direct: 0.027871430702598884
bias_indirect: 0.00540673715388232
rmse_indirect: 0.006843643897909298
bias_total: 0.026357003700378464
rmse_total: 0.03221066035795334
bias_mr: 0.02171848383188455
rmse_mr: 0.024669071610105005
coverage: 1.0
