Experiment: expname : nonparametric_experiment, data : uniform, n_samples : 500, mediator_dimension : 1, covariate_dimension : 1, alpha : 0.0, beta : 0.0, stochasticity : 1, gamma : 0.3, noise : uniform, 
Running with estimator : kme_g_computation, regularization : True, sample_splits : 1, reg_lambda : 0.001, reg_lambda_tilde : 0.001, kernel : linear, density : gaussian, bandwidth : 0.3, bandwidth_mode : heuristic, epsilon : 0.1, normalized : True, random_seed : 94, 
bias_direct: 0.1874329851885683
rmse_direct: 0.2137664031594924
bias_indirect: 0.14347053859473552
rmse_indirect: 0.16306187944679912
bias_total: 0.04396244659383277
rmse_total: 0.051576693963327876
bias_mr: 0.18629532921517952
rmse_mr: 0.21339438805804767
coverage: 0.0
