Experiment: expname : nonparametric_experiment, data : uniform, n_samples : 500, mediator_dimension : 1, covariate_dimension : 1, alpha : 0.0, beta : 0.0, stochasticity : 1, gamma : 0.3, noise : uniform, 
Running with estimator : kme_g_computation, regularization : True, sample_splits : 1, reg_lambda : 0.001, reg_lambda_tilde : 0.001, kernel : linear, density : gaussian, bandwidth : 0.3, bandwidth_mode : heuristic, epsilon : 0.1, normalized : True, random_seed : 8, 
bias_direct: 0.1663327147219408
rmse_direct: 0.18894411753562815
bias_indirect: 0.20741110249353495
rmse_indirect: 0.23573379607414027
bias_total: 0.041078387771594164
rmse_total: 0.046902060814260196
bias_mr: 0.16975797826540007
rmse_mr: 0.1969480930058342
coverage: 0.0
