Experiment: expname : nonparametric_experiment, data : uniform, n_samples : 500, mediator_dimension : 1, covariate_dimension : 1, alpha : 0.0, beta : 0.0, stochasticity : 1, gamma : 0.3, noise : uniform, 
Running with estimator : kme_g_computation, regularization : True, sample_splits : 1, reg_lambda : 0.001, reg_lambda_tilde : 0.001, kernel : gauss, density : conditional_kernel, bandwidth : 0.3, bandwidth_mode : heuristic, epsilon : 0.1, normalized : True, random_seed : 0, 
bias_direct: 0.15170341395372094
rmse_direct: 0.17734502069631464
bias_indirect: 0.19010099665381716
rmse_indirect: 0.2281725846021578
bias_total: 0.07748384213023649
rmse_total: 0.10246594623667739
bias_mr: 0.17605289857937148
rmse_mr: 0.21453223526772508
coverage: 0.0
