Experiment: expname : baselines_experiment, data : uniform, n_samples : 1000, mediator_dimension : 1, covariate_dimension : 1, alpha : 0.5, beta : 0.25, stochasticity : 1, gamma : 0.3, noise : uniform, 
Running with estimator : linear, regularization : True, sample_splits : 1, reg_lambda : 0.001, reg_lambda_tilde : 0.001, kernel : gauss, density : gaussian, bandwidth : 0.3, bandwidth_mode : heuristic, epsilon : 0.3, normalized : True, random_seed : 36, 
bias_direct: 0.3169560494172684
rmse_direct: 0.3624294592289387
bias_indirect: 0.027735018368547602
rmse_indirect: 0.031522322780580043
bias_total: 0.34204680244830865
rmse_total: 0.39003829488275804
bias_mr: 0.30320730318813427
rmse_mr: 0.32277684517715494
coverage: 0.0
