Experiment: expname : nonparametric_experiment, data : uniform, n_samples : 1000, mediator_dimension : 1, covariate_dimension : 1, alpha : 0.0, beta : 0.0, stochasticity : 1, gamma : 0.3, noise : uniform, 
Running with estimator : kme_dml, regularization : True, sample_splits : 1, reg_lambda : 0.001, reg_lambda_tilde : 0.001, kernel : gauss, density : gaussian, bandwidth : 0.3, bandwidth_mode : heuristic, epsilon : 0.1, normalized : True, random_seed : 76, 
bias_direct: 0.045712066421855116
rmse_direct: 0.04911763314048354
bias_indirect: 0.015319888837355959
rmse_indirect: 0.021556470608937114
bias_total: 0.04875650603429858
rmse_total: 0.05262037226721969
bias_mr: 0.10654214480807303
rmse_mr: 0.11531358860763626
coverage: 0.7931034482758621
