Experiment: expname : nonparametric_experiment, data : uniform, n_samples : 1000, mediator_dimension : 1, covariate_dimension : 1, alpha : 0.0, beta : 0.0, stochasticity : 1, gamma : 0.3, noise : uniform, 
Running with estimator : kme_dml, regularization : True, sample_splits : 1, reg_lambda : 0.001, reg_lambda_tilde : 0.001, kernel : linear, density : conditional_kernel, bandwidth : 0.3, bandwidth_mode : heuristic, epsilon : 0.1, normalized : True, random_seed : 56, 
bias_direct: 0.11842618624787271
rmse_direct: 0.137336758911154
bias_indirect: 0.039096504900312266
rmse_indirect: 0.047577649741754165
bias_total: 0.09170337315333241
rmse_total: 0.1032428391562059
bias_mr: 0.10133355553883991
rmse_mr: 0.11767189292622218
coverage: 0.7586206896551724
