Experiment: expname : nonparametric_experiment, data : uniform, n_samples : 5000, mediator_dimension : 1, covariate_dimension : 1, alpha : 0.0, beta : 0.0, stochasticity : 1, gamma : 0.3, noise : uniform, 
Running with estimator : kme_dml, regularization : True, sample_splits : 1, reg_lambda : 0.001, reg_lambda_tilde : 0.001, kernel : gauss, density : gaussian, bandwidth : 0.3, bandwidth_mode : heuristic, epsilon : 0.1, normalized : True, random_seed : 56, 
bias_direct: 0.0210394177356963
rmse_direct: 0.028154621192577976
bias_indirect: 0.008870734598719607
rmse_indirect: 0.010588596425071884
bias_total: 0.021093916923718214
rmse_total: 0.029816271264845186
bias_mr: 0.022237760940945688
rmse_mr: 0.030181779971791
coverage: 0.9655172413793104
