Experiment: expname : nonparametric_experiment, data : uniform, n_samples : 1000, mediator_dimension : 1, covariate_dimension : 1, alpha : 0.0, beta : 0.0, stochasticity : 1, gamma : 0.3, noise : uniform, 
Running with estimator : kme_dml, regularization : True, sample_splits : 1, reg_lambda : 0.001, reg_lambda_tilde : 0.001, kernel : linear, density : conditional_kernel, bandwidth : 0.3, bandwidth_mode : heuristic, epsilon : 0.1, normalized : True, random_seed : 84, 
bias_direct: 0.05877906849561674
rmse_direct: 0.07617792945761423
bias_indirect: 0.024163687569033
rmse_indirect: 0.02652838681592723
bias_total: 0.048062110493943495
rmse_total: 0.06599261468979054
bias_mr: 0.055745764700626255
rmse_mr: 0.06229179961426328
coverage: 1.0
