Experiment: expname : nonparametric_experiment, data : uniform, n_samples : 1000, mediator_dimension : 1, covariate_dimension : 1, alpha : 0.0, beta : 0.0, stochasticity : 1, gamma : 0.3, noise : uniform, 
Running with estimator : kme_dml, regularization : True, sample_splits : 1, reg_lambda : 0.001, reg_lambda_tilde : 0.001, kernel : gauss, density : gaussian, bandwidth : 0.3, bandwidth_mode : heuristic, epsilon : 0.1, normalized : True, random_seed : 10, 
bias_direct: 0.045406703781878846
rmse_direct: 0.05832011834319338
bias_indirect: 0.02646246319778261
rmse_indirect: 0.03234573123398011
bias_total: 0.03660619659170319
rmse_total: 0.043168586413729476
bias_mr: 0.03757258114091697
rmse_mr: 0.04849885161786308
coverage: 1.0
