Experiment: expname : nonparametric_experiment, data : uniform, n_samples : 500, mediator_dimension : 1, covariate_dimension : 1, alpha : 0.0, beta : 0.0, stochasticity : 1, gamma : 0.3, noise : uniform, 
Running with estimator : ipw, regularization : True, sample_splits : 1, reg_lambda : 0.001, reg_lambda_tilde : 0.001, kernel : gauss, density : conditional_kernel, bandwidth : 0.3, bandwidth_mode : heuristic, epsilon : 0.1, normalized : True, random_seed : 46, 
bias_direct: 0.1764175923989157
rmse_direct: 0.2078588367224504
bias_indirect: 0.06160025197210817
rmse_indirect: 0.07181157724508487
bias_total: 0.13421622409646117
rmse_total: 0.16556966872705992
bias_mr: 0.15802195404949523
rmse_mr: 0.1817697648011654
coverage: 0.0
