Experiment: expname : nonparametric_experiment, data : uniform, n_samples : 5000, mediator_dimension : 1, covariate_dimension : 1, alpha : 0.0, beta : 0.0, stochasticity : 1, gamma : 0.3, noise : uniform, 
Running with estimator : ipw, regularization : True, sample_splits : 1, reg_lambda : 0.001, reg_lambda_tilde : 0.001, kernel : linear, density : gaussian, bandwidth : 0.3, bandwidth_mode : heuristic, epsilon : 0.1, normalized : True, random_seed : 2, 
bias_direct: 0.08079821541642244
rmse_direct: 0.09720440669573763
bias_indirect: 0.0698275862068966
rmse_indirect: 0.07936276378669078
bias_total: 0.04789673406553067
rmse_total: 0.06042034190489836
bias_mr: 0.08059459621344577
rmse_mr: 0.09703460776484092
coverage: 0.0
