Experiment: expname : nonparametric_experiment, data : uniform, n_samples : 1000, mediator_dimension : 1, covariate_dimension : 1, alpha : 0.0, beta : 0.0, stochasticity : 1, gamma : 0.3, noise : uniform, 
Running with estimator : kme_dml, regularization : True, sample_splits : 1, reg_lambda : 0.001, reg_lambda_tilde : 0.001, kernel : linear, density : gaussian, bandwidth : 0.3, bandwidth_mode : heuristic, epsilon : 0.1, normalized : True, random_seed : 6, 
bias_direct: 0.09010511396171583
rmse_direct: 0.10976627325551612
bias_indirect: 0.008967487219890586
rmse_indirect: 0.010748523042801569
bias_total: 0.08964334614814623
rmse_total: 0.1094980288762317
bias_mr: 0.081289638874426
rmse_mr: 0.1007424155808485
coverage: 0.8620689655172413
