Experiment: expname : baselines_experiment, data : uniform, n_samples : 5000, mediator_dimension : 1, covariate_dimension : 1, alpha : 0.5, beta : 0.25, stochasticity : 1, gamma : 0.3, noise : uniform, 
Running with estimator : kme_g_computation, regularization : True, sample_splits : 1, reg_lambda : 0.001, reg_lambda_tilde : 0.001, kernel : gauss, density : gaussian, bandwidth : 0.3, bandwidth_mode : heuristic, epsilon : 0.3, normalized : True, random_seed : 55, 
bias_direct: 0.38356072063412383
rmse_direct: 0.49704026316784267
bias_indirect: 0.4339357129294492
rmse_indirect: 0.5591515611279287
bias_total: 0.051087558796106186
rmse_total: 0.07310220693965588
bias_mr: 0.39753601338996464
rmse_mr: 0.5165799157036282
coverage: 0.0
