Experiment: expname : baselines_experiment, data : uniform, n_samples : 500, mediator_dimension : 1, covariate_dimension : 1, alpha : 0.5, beta : 0.25, stochasticity : 1, gamma : 0.3, noise : uniform, 
Running with estimator : kme_g_computation, regularization : True, sample_splits : 1, reg_lambda : 0.001, reg_lambda_tilde : 0.001, kernel : gauss, density : gaussian, bandwidth : 0.3, bandwidth_mode : heuristic, epsilon : 0.3, normalized : True, random_seed : 11, 
bias_direct: 0.4032717429957525
rmse_direct: 0.5190091470537378
bias_indirect: 0.4042755254713215
rmse_indirect: 0.536230852562812
bias_total: 0.027516230371467724
rmse_total: 0.031165621749205116
bias_mr: 0.4228466194642115
rmse_mr: 0.5473237943546255
coverage: 0.0
