Experiment: expname : nonparametric_experiment, data : uniform, n_samples : 5000, mediator_dimension : 1, covariate_dimension : 1, alpha : 0.0, beta : 0.0, stochasticity : 1, gamma : 0.3, noise : uniform, 
Running with estimator : kme_dml, regularization : True, sample_splits : 1, reg_lambda : 0.001, reg_lambda_tilde : 0.001, kernel : linear, density : gaussian, bandwidth : 0.3, bandwidth_mode : heuristic, epsilon : 0.1, normalized : True, random_seed : 2, 
bias_direct: 0.034335314887113756
rmse_direct: 0.04300555514604151
bias_indirect: 0.0065077981255741695
rmse_indirect: 0.0075056890838324855
bias_total: 0.03246685841860882
rmse_total: 0.04099502225089374
bias_mr: 0.03002320167414802
rmse_mr: 0.03536506945675456
coverage: 1.0
