Experiment: expname : nonparametric_experiment, data : uniform, n_samples : 5000, mediator_dimension : 1, covariate_dimension : 1, alpha : 0.0, beta : 0.0, stochasticity : 1, gamma : 0.3, noise : uniform, 
Running with estimator : kme_dml, regularization : True, sample_splits : 1, reg_lambda : 0.001, reg_lambda_tilde : 0.001, kernel : gauss, density : conditional_kernel, bandwidth : 0.3, bandwidth_mode : heuristic, epsilon : 0.1, normalized : True, random_seed : 94, 
bias_direct: 0.015563877208576622
rmse_direct: 0.019488260167799025
bias_indirect: 0.008140504049303896
rmse_indirect: 0.010047375960399398
bias_total: 0.02201268420539509
rmse_total: 0.026157769843552333
bias_mr: 0.04639173388730858
rmse_mr: 0.05038983029224898
coverage: 1.0
