Experiment: expname : nonparametric_experiment, data : uniform, n_samples : 5000, mediator_dimension : 1, covariate_dimension : 1, alpha : 0.0, beta : 0.0, stochasticity : 1, gamma : 0.3, noise : uniform, 
Running with estimator : kme_dml, regularization : True, sample_splits : 1, reg_lambda : 0.001, reg_lambda_tilde : 0.001, kernel : gauss, density : gaussian, bandwidth : 0.3, bandwidth_mode : heuristic, epsilon : 0.1, normalized : True, random_seed : 2, 
bias_direct: 0.0357101130512317
rmse_direct: 0.04363080839833746
bias_indirect: 0.007882174736810325
rmse_indirect: 0.010635951668969397
bias_total: 0.03267970357355414
rmse_total: 0.041285191293271566
bias_mr: 0.029082866202650194
rmse_mr: 0.03523083543978269
coverage: 1.0
