Experiment: expname : nonparametric_experiment, data : uniform, n_samples : 500, mediator_dimension : 1, covariate_dimension : 1, alpha : 0.0, beta : 0.0, stochasticity : 1, gamma : 0.3, noise : uniform, 
Running with estimator : ipw, regularization : True, sample_splits : 1, reg_lambda : 0.001, reg_lambda_tilde : 0.001, kernel : linear, density : gaussian, bandwidth : 0.3, bandwidth_mode : heuristic, epsilon : 0.1, normalized : True, random_seed : 10, 
bias_direct: 0.14602663709135333
rmse_direct: 0.1815856093504465
bias_indirect: 0.06982758620689661
rmse_indirect: 0.07936276378669078
bias_total: 0.14340340432732132
rmse_total: 0.1762804976608683
bias_mr: 0.14426642261592015
rmse_mr: 0.18747287216721345
coverage: 0.0
