Experiment: expname : nonparametric_experiment, data : uniform, n_samples : 500, mediator_dimension : 1, covariate_dimension : 1, alpha : 0.0, beta : 0.0, stochasticity : 1, gamma : 0.3, noise : uniform, 
Running with estimator : kme_dml, regularization : True, sample_splits : 1, reg_lambda : 0.001, reg_lambda_tilde : 0.001, kernel : linear, density : gaussian, bandwidth : 0.3, bandwidth_mode : heuristic, epsilon : 0.1, normalized : True, random_seed : 2, 
bias_direct: 0.042280057793116464
rmse_direct: 0.04762065997198031
bias_indirect: 0.01994417735222943
rmse_indirect: 0.023014255516621566
bias_total: 0.04233308773533482
rmse_total: 0.04668034617850146
bias_mr: 0.09795195525670744
rmse_mr: 0.10815249313932858
coverage: 1.0
