Experiment: expname : nonparametric_experiment, data : uniform, n_samples : 500, mediator_dimension : 1, covariate_dimension : 1, alpha : 0.0, beta : 0.0, stochasticity : 1, gamma : 0.3, noise : uniform, 
Running with estimator : kme_g_computation, regularization : True, sample_splits : 1, reg_lambda : 0.001, reg_lambda_tilde : 0.001, kernel : gauss, density : gaussian, bandwidth : 0.3, bandwidth_mode : heuristic, epsilon : 0.1, normalized : True, random_seed : 54, 
bias_direct: 0.14840107904505742
rmse_direct: 0.174478695479632
bias_indirect: 0.14506599209495705
rmse_indirect: 0.15638716258552965
bias_total: 0.05182343670321635
rmse_total: 0.06355773610804462
bias_mr: 0.1435438423679809
rmse_mr: 0.15724993370313786
coverage: 0.0
