Experiment: expname : nonparametric_experiment, data : uniform, n_samples : 1000, mediator_dimension : 1, covariate_dimension : 1, alpha : 0.0, beta : 0.0, stochasticity : 1, gamma : 0.3, noise : uniform, 
Running with estimator : kme_dml, regularization : True, sample_splits : 1, reg_lambda : 0.001, reg_lambda_tilde : 0.001, kernel : linear, density : gaussian, bandwidth : 0.3, bandwidth_mode : heuristic, epsilon : 0.1, normalized : True, random_seed : 12, 
bias_direct: 0.08753689190909639
rmse_direct: 0.10808812710928135
bias_indirect: 0.022157127818864225
rmse_indirect: 0.02681437587743529
bias_total: 0.07422336887365234
rmse_total: 0.08669758166876076
bias_mr: 0.06268118409752164
rmse_mr: 0.07699048042055377
coverage: 1.0
