Experiment: expname : nonparametric_experiment, data : uniform, n_samples : 1000, mediator_dimension : 1, covariate_dimension : 1, alpha : 0.0, beta : 0.0, stochasticity : 1, gamma : 0.3, noise : uniform, 
Running with estimator : kme_dml, regularization : True, sample_splits : 1, reg_lambda : 0.001, reg_lambda_tilde : 0.001, kernel : linear, density : conditional_kernel, bandwidth : 0.3, bandwidth_mode : heuristic, epsilon : 0.1, normalized : True, random_seed : 60, 
bias_direct: 0.07475058177005196
rmse_direct: 0.09625480894349078
bias_indirect: 0.011282584245678611
rmse_indirect: 0.014268987770479174
bias_total: 0.07805572757534805
rmse_total: 0.098952780413992
bias_mr: 0.06145726356718309
rmse_mr: 0.06687453075530721
coverage: 1.0
