Experiment: expname : nonparametric_experiment, data : uniform, n_samples : 5000, mediator_dimension : 1, covariate_dimension : 1, alpha : 0.0, beta : 0.0, stochasticity : 1, gamma : 0.3, noise : uniform, 
Running with estimator : kme_dml, regularization : True, sample_splits : 1, reg_lambda : 0.001, reg_lambda_tilde : 0.001, kernel : gauss, density : gaussian, bandwidth : 0.3, bandwidth_mode : heuristic, epsilon : 0.1, normalized : True, random_seed : 13, 
bias_direct: 0.03959196152972162
rmse_direct: 0.04788426639504766
bias_indirect: 0.01926092066087277
rmse_indirect: 0.023520489833095376
bias_total: 0.05603117608655157
rmse_total: 0.0660175005415849
bias_mr: 0.023867580769519756
rmse_mr: 0.028474318385416173
coverage: 1.0
