Experiment: expname : nonparametric_experiment, data : uniform, n_samples : 5000, mediator_dimension : 1, covariate_dimension : 1, alpha : 0.0, beta : 0.0, stochasticity : 1, gamma : 0.3, noise : uniform, 
Running with estimator : kme_dml, regularization : True, sample_splits : 1, reg_lambda : 0.001, reg_lambda_tilde : 0.001, kernel : gauss, density : conditional_kernel, bandwidth : 0.3, bandwidth_mode : heuristic, epsilon : 0.1, normalized : True, random_seed : 75, 
bias_direct: 0.03665472961765347
rmse_direct: 0.04416698822442922
bias_indirect: 0.012147740683841564
rmse_indirect: 0.014174555159177022
bias_total: 0.04855399287506813
rmse_total: 0.0558579905046683
bias_mr: 0.021420670312101465
rmse_mr: 0.028033963040612127
coverage: 1.0
