Experiment: expname : nonparametric_experiment, data : uniform, n_samples : 1000, mediator_dimension : 1, covariate_dimension : 1, alpha : 0.0, beta : 0.0, stochasticity : 1, gamma : 0.3, noise : uniform, 
Running with estimator : kme_g_computation, regularization : True, sample_splits : 1, reg_lambda : 0.001, reg_lambda_tilde : 0.001, kernel : gauss, density : conditional_kernel, bandwidth : 0.3, bandwidth_mode : heuristic, epsilon : 0.1, normalized : True, random_seed : 54, 
bias_direct: 0.1513759767506075
rmse_direct: 0.16961669448319144
bias_indirect: 0.10297297105794369
rmse_indirect: 0.12509235416643208
bias_total: 0.04840300569266379
rmse_total: 0.052913111532765074
bias_mr: 0.15752461140513524
rmse_mr: 0.17923217345787293
coverage: 0.0
