Experiment: expname : nonparametric_experiment, data : uniform, n_samples : 5000, mediator_dimension : 1, covariate_dimension : 1, alpha : 0.0, beta : 0.0, stochasticity : 1, gamma : 0.3, noise : uniform, 
Running with estimator : kme_dml, regularization : True, sample_splits : 1, reg_lambda : 0.001, reg_lambda_tilde : 0.001, kernel : linear, density : conditional_kernel, bandwidth : 0.3, bandwidth_mode : heuristic, epsilon : 0.1, normalized : True, random_seed : 55, 
bias_direct: 0.04082010301897819
rmse_direct: 0.04652338545191326
bias_indirect: 0.008923738346780612
rmse_indirect: 0.011553248264572488
bias_total: 0.03363344389779262
rmse_total: 0.039605533913033876
bias_mr: 0.017751995507609787
rmse_mr: 0.021566048860629083
coverage: 1.0
