Experiment: expname : nonparametric_experiment, data : uniform, n_samples : 500, mediator_dimension : 1, covariate_dimension : 1, alpha : 0.0, beta : 0.0, stochasticity : 1, gamma : 0.3, noise : uniform, 
Running with estimator : kme_dml, regularization : True, sample_splits : 1, reg_lambda : 0.001, reg_lambda_tilde : 0.001, kernel : gauss, density : conditional_kernel, bandwidth : 0.3, bandwidth_mode : heuristic, epsilon : 0.1, normalized : True, random_seed : 30, 
bias_direct: 0.09339859798948837
rmse_direct: 0.112360145354837
bias_indirect: 0.022179955318057186
rmse_indirect: 0.025225113867710685
bias_total: 0.09392107638672477
rmse_total: 0.10704759843125852
bias_mr: 0.08687898094971522
rmse_mr: 0.10889696671697653
coverage: 1.0
