Experiment: expname : nonparametric_experiment, data : uniform, n_samples : 500, mediator_dimension : 1, covariate_dimension : 1, alpha : 0.0, beta : 0.0, stochasticity : 1, gamma : 0.3, noise : uniform, 
Running with estimator : kme_dml, regularization : True, sample_splits : 1, reg_lambda : 0.001, reg_lambda_tilde : 0.001, kernel : linear, density : conditional_kernel, bandwidth : 0.3, bandwidth_mode : heuristic, epsilon : 0.1, normalized : True, random_seed : 51, 
bias_direct: 0.055111562362647644
rmse_direct: 0.06412831628980242
bias_indirect: 0.03081073236214955
rmse_indirect: 0.03824855609070694
bias_total: 0.03945128063044221
rmse_total: 0.044868074301195604
bias_mr: 0.06661678644461923
rmse_mr: 0.08437192151661513
coverage: 1.0
