Experiment: expname : nonparametric_experiment, data : uniform, n_samples : 1000, mediator_dimension : 1, covariate_dimension : 1, alpha : 0.0, beta : 0.0, stochasticity : 1, gamma : 0.3, noise : uniform, 
Running with estimator : kme_dml, regularization : True, sample_splits : 1, reg_lambda : 0.001, reg_lambda_tilde : 0.001, kernel : gauss, density : gaussian, bandwidth : 0.3, bandwidth_mode : heuristic, epsilon : 0.1, normalized : True, random_seed : 33, 
bias_direct: 0.05635390558424207
rmse_direct: 0.06761299821509417
bias_indirect: 0.03073986762683962
rmse_indirect: 0.035716225855290766
bias_total: 0.08642803726304117
rmse_total: 0.10087967247723752
bias_mr: 0.08076888141763539
rmse_mr: 0.08848110702235899
coverage: 1.0
