Experiment: expname : nonparametric_experiment, data : uniform, n_samples : 5000, mediator_dimension : 1, covariate_dimension : 1, alpha : 0.0, beta : 0.0, stochasticity : 1, gamma : 0.3, noise : uniform, 
Running with estimator : kme_dml, regularization : True, sample_splits : 1, reg_lambda : 0.001, reg_lambda_tilde : 0.001, kernel : gauss, density : conditional_kernel, bandwidth : 0.3, bandwidth_mode : heuristic, epsilon : 0.1, normalized : True, random_seed : 92, 
bias_direct: 0.024735203763809135
rmse_direct: 0.03251297938977591
bias_indirect: 0.013302635622667026
rmse_indirect: 0.018306740182786652
bias_total: 0.01851160199276055
rmse_total: 0.024441512925105126
bias_mr: 0.01997307335293309
rmse_mr: 0.025560919570537913
coverage: 1.0
