Experiment: expname : nonparametric_experiment, data : uniform, n_samples : 1000, mediator_dimension : 1, covariate_dimension : 1, alpha : 0.0, beta : 0.0, stochasticity : 1, gamma : 0.3, noise : uniform, 
Running with estimator : kme_dml, regularization : True, sample_splits : 1, reg_lambda : 0.001, reg_lambda_tilde : 0.001, kernel : linear, density : conditional_kernel, bandwidth : 0.3, bandwidth_mode : heuristic, epsilon : 0.1, normalized : True, random_seed : 83, 
bias_direct: 0.0748870790337359
rmse_direct: 0.08574010129720887
bias_indirect: 0.01659763666452749
rmse_indirect: 0.01876859365665807
bias_total: 0.07071267698657521
rmse_total: 0.08271164600144706
bias_mr: 0.05138844756745998
rmse_mr: 0.06539181240990238
coverage: 1.0
