Experiment: expname : baselines_experiment, data : uniform, n_samples : 5000, mediator_dimension : 1, covariate_dimension : 1, alpha : 0.5, beta : 0.25, stochasticity : 1, gamma : 0.3, noise : uniform, 
Running with estimator : kme_g_computation, regularization : True, sample_splits : 1, reg_lambda : 0.001, reg_lambda_tilde : 0.001, kernel : gauss, density : gaussian, bandwidth : 0.3, bandwidth_mode : heuristic, epsilon : 0.3, normalized : True, random_seed : 69, 
bias_direct: 0.38195966658605873
rmse_direct: 0.49215096180582546
bias_indirect: 0.41967699127741176
rmse_indirect: 0.5392245236348793
bias_total: 0.0424096514474691
rmse_total: 0.06641460383303519
bias_mr: 0.40452599797528366
rmse_mr: 0.5235263105187297
coverage: 0.0
