Experiment: expname : baselines_experiment, data : uniform, n_samples : 1000, mediator_dimension : 1, covariate_dimension : 1, alpha : 0.5, beta : 0.25, stochasticity : 1, gamma : 0.3, noise : uniform, 
Running with estimator : kme_g_computation, regularization : True, sample_splits : 1, reg_lambda : 0.001, reg_lambda_tilde : 0.001, kernel : gauss, density : gaussian, bandwidth : 0.3, bandwidth_mode : heuristic, epsilon : 0.3, normalized : True, random_seed : 51, 
bias_direct: 0.38685218935267496
rmse_direct: 0.5032003165711764
bias_indirect: 0.4830313411441048
rmse_indirect: 0.6030075974497573
bias_total: 0.0965666979558824
rmse_total: 0.12479929072592291
bias_mr: 0.3964472588454988
rmse_mr: 0.5131685337413711
coverage: 0.0
