Experiment: expname : baselines_experiment, data : uniform, n_samples : 5000, mediator_dimension : 1, covariate_dimension : 1, alpha : 0.5, beta : 0.25, stochasticity : 1, gamma : 0.3, noise : uniform, 
Running with estimator : kme_dml, regularization : True, sample_splits : 1, reg_lambda : 0.001, reg_lambda_tilde : 0.001, kernel : gauss, density : gaussian, bandwidth : 0.3, bandwidth_mode : heuristic, epsilon : 0.3, normalized : True, random_seed : 49, 
bias_direct: 0.0694731577911296
rmse_direct: 0.08208329551515851
bias_indirect: 0.01627202627798497
rmse_indirect: 0.02001010090431569
bias_total: 0.08461882066423054
rmse_total: 0.10044908799359555
bias_mr: 0.04143413502062696
rmse_mr: 0.05407893527426154
coverage: 0.8275862068965517
