Experiment: expname : nonparametric_experiment, data : uniform, n_samples : 500, mediator_dimension : 1, covariate_dimension : 1, alpha : 0.0, beta : 0.0, stochasticity : 1, gamma : 0.3, noise : uniform, 
Running with estimator : ipw, regularization : True, sample_splits : 1, reg_lambda : 0.001, reg_lambda_tilde : 0.001, kernel : linear, density : gaussian, bandwidth : 0.3, bandwidth_mode : heuristic, epsilon : 0.1, normalized : True, random_seed : 21, 
bias_direct: 0.21665187668302935
rmse_direct: 0.2515766057516181
bias_indirect: 0.06982758620689661
rmse_indirect: 0.07936276378669078
bias_total: 0.17829541169042
rmse_total: 0.21321201111104993
bias_mr: 0.19083458293154792
rmse_mr: 0.22398486052721567
coverage: 0.0
