Experiment: expname : baselines_experiment, data : uniform, n_samples : 500, mediator_dimension : 1, covariate_dimension : 1, alpha : 0.5, beta : 0.25, stochasticity : 1, gamma : 0.3, noise : uniform, 
Running with estimator : linear, regularization : True, sample_splits : 1, reg_lambda : 0.001, reg_lambda_tilde : 0.001, kernel : gauss, density : gaussian, bandwidth : 0.3, bandwidth_mode : heuristic, epsilon : 0.3, normalized : True, random_seed : 18, 
bias_direct: 0.2871233030234611
rmse_direct: 0.3294743975712245
bias_indirect: 0.014168467094201326
rmse_indirect: 0.016103216053966127
bias_total: 0.2753514223326402
rmse_total: 0.3161561474041184
bias_mr: 0.2684437645541539
rmse_mr: 0.28721152297554003
coverage: 0.0
