Experiment: expname : nonparametric_experiment, data : uniform, n_samples : 5000, mediator_dimension : 1, covariate_dimension : 1, alpha : 0.0, beta : 0.0, stochasticity : 1, gamma : 0.3, noise : uniform, 
Running with estimator : kme_dml, regularization : True, sample_splits : 1, reg_lambda : 0.001, reg_lambda_tilde : 0.001, kernel : linear, density : conditional_kernel, bandwidth : 0.3, bandwidth_mode : heuristic, epsilon : 0.1, normalized : True, random_seed : 18, 
bias_direct: 0.02985201418304748
rmse_direct: 0.035651975320546966
bias_indirect: 0.006795550232121365
rmse_indirect: 0.007752324086397648
bias_total: 0.027101196351632207
rmse_total: 0.035412926368282124
bias_mr: 0.026609567301442257
rmse_mr: 0.03580208256781288
coverage: 0.9310344827586207
