Experiment: expname : baselines_experiment, data : uniform, n_samples : 1000, mediator_dimension : 1, covariate_dimension : 1, alpha : 0.5, beta : 0.25, stochasticity : 1, gamma : 0.3, noise : uniform, 
Running with estimator : kme_dml, regularization : True, sample_splits : 1, reg_lambda : 0.001, reg_lambda_tilde : 0.001, kernel : gauss, density : gaussian, bandwidth : 0.3, bandwidth_mode : heuristic, epsilon : 0.3, normalized : True, random_seed : 46, 
bias_direct: 0.14350427943799812
rmse_direct: 0.16448641608828204
bias_indirect: 0.026101006821949095
rmse_indirect: 0.03126724958370301
bias_total: 0.15120647331013218
rmse_total: 0.17450125033985978
bias_mr: 0.10023276792123505
rmse_mr: 0.11817802137196419
coverage: 0.9310344827586207
