Experiment: expname : nonparametric_experiment, data : uniform, n_samples : 5000, mediator_dimension : 1, covariate_dimension : 1, alpha : 0.0, beta : 0.0, stochasticity : 1, gamma : 0.3, noise : uniform, 
Running with estimator : kme_dml, regularization : True, sample_splits : 1, reg_lambda : 0.001, reg_lambda_tilde : 0.001, kernel : linear, density : conditional_kernel, bandwidth : 0.3, bandwidth_mode : heuristic, epsilon : 0.1, normalized : True, random_seed : 5, 
bias_direct: 0.036763357345229355
rmse_direct: 0.03988343398624573
bias_indirect: 0.018306418095519087
rmse_indirect: 0.02068958294698643
bias_total: 0.02283181504526264
rmse_total: 0.02598911912720343
bias_mr: 0.026465075463197422
rmse_mr: 0.03314271268815832
coverage: 1.0
