Experiment: expname : nonparametric_experiment, data : uniform, n_samples : 5000, mediator_dimension : 1, covariate_dimension : 1, alpha : 0.0, beta : 0.0, stochasticity : 1, gamma : 0.3, noise : uniform, 
Running with estimator : kme_g_computation, regularization : True, sample_splits : 1, reg_lambda : 0.001, reg_lambda_tilde : 0.001, kernel : gauss, density : conditional_kernel, bandwidth : 0.3, bandwidth_mode : heuristic, epsilon : 0.1, normalized : True, random_seed : 43, 
bias_direct: 0.163863130608135
rmse_direct: 0.1848722054509146
bias_indirect: 0.15682360230357079
rmse_indirect: 0.18619336690781724
bias_total: 0.03547723957792805
rmse_total: 0.0428755661011829
bias_mr: 0.17314879370335123
rmse_mr: 0.20106967905327158
coverage: 0.0
