Experiment: expname : baselines_experiment, data : uniform, n_samples : 1000, mediator_dimension : 1, covariate_dimension : 1, alpha : 0.5, beta : 0.25, stochasticity : 1, gamma : 0.3, noise : uniform, 
Running with estimator : linear, regularization : True, sample_splits : 1, reg_lambda : 0.001, reg_lambda_tilde : 0.001, kernel : gauss, density : gaussian, bandwidth : 0.3, bandwidth_mode : heuristic, epsilon : 0.3, normalized : True, random_seed : 76, 
bias_direct: 0.3112889172278519
rmse_direct: 0.35607983579236535
bias_indirect: 0.001317739126896408
rmse_indirect: 0.0014976805692594735
bias_total: 0.31013516341452485
rmse_total: 0.354791901147232
bias_mr: 0.2971200654156406
rmse_mr: 0.3169998227638861
coverage: 0.0
