Experiment: expname : nonparametric_experiment, data : uniform, n_samples : 1000, mediator_dimension : 1, covariate_dimension : 1, alpha : 0.0, beta : 0.0, stochasticity : 1, gamma : 0.3, noise : uniform, 
Running with estimator : kme_g_computation, regularization : True, sample_splits : 1, reg_lambda : 0.001, reg_lambda_tilde : 0.001, kernel : linear, density : gaussian, bandwidth : 0.3, bandwidth_mode : heuristic, epsilon : 0.1, normalized : True, random_seed : 3, 
bias_direct: 0.16162322417619446
rmse_direct: 0.18404110736496965
bias_indirect: 0.18298380378444204
rmse_indirect: 0.20797079323298776
bias_total: 0.02136057960824759
rmse_total: 0.024740085692289127
bias_mr: 0.16046508173102444
rmse_mr: 0.18315555061942895
coverage: 0.0
