Experiment: expname : nonparametric_experiment, data : uniform, n_samples : 5000, mediator_dimension : 1, covariate_dimension : 1, alpha : 0.0, beta : 0.0, stochasticity : 1, gamma : 0.3, noise : uniform, 
Running with estimator : ipw, regularization : True, sample_splits : 1, reg_lambda : 0.001, reg_lambda_tilde : 0.001, kernel : linear, density : gaussian, bandwidth : 0.3, bandwidth_mode : heuristic, epsilon : 0.1, normalized : True, random_seed : 58, 
bias_direct: 0.10086933384881036
rmse_direct: 0.11649753053961032
bias_indirect: 0.06982758620689658
rmse_indirect: 0.07936276378669077
bias_total: 0.0764251579192433
rmse_total: 0.09525535159897451
bias_mr: 0.07389016852584675
rmse_mr: 0.09185154979746514
coverage: 0.0
