Experiment: expname : nonparametric_experiment, data : uniform, n_samples : 5000, mediator_dimension : 1, covariate_dimension : 1, alpha : 0.0, beta : 0.0, stochasticity : 1, gamma : 0.3, noise : uniform, 
Running with estimator : kme_dml, regularization : True, sample_splits : 1, reg_lambda : 0.001, reg_lambda_tilde : 0.001, kernel : gauss, density : conditional_kernel, bandwidth : 0.3, bandwidth_mode : heuristic, epsilon : 0.1, normalized : True, random_seed : 70, 
bias_direct: 0.020582494017739816
rmse_direct: 0.023606667168846122
bias_indirect: 0.009064470341415961
rmse_indirect: 0.011969069251659664
bias_total: 0.02499665200603572
rmse_total: 0.030508001875015418
bias_mr: 0.022569549875224977
rmse_mr: 0.025685844657627452
coverage: 1.0
