Experiment: expname : nonparametric_experiment, data : uniform, n_samples : 1000, mediator_dimension : 1, covariate_dimension : 1, alpha : 0.0, beta : 0.0, stochasticity : 1, gamma : 0.3, noise : uniform, 
Running with estimator : kme_g_computation, regularization : True, sample_splits : 1, reg_lambda : 0.001, reg_lambda_tilde : 0.001, kernel : linear, density : conditional_kernel, bandwidth : 0.3, bandwidth_mode : heuristic, epsilon : 0.1, normalized : True, random_seed : 44, 
bias_direct: 0.17410517292312083
rmse_direct: 0.19795426806142682
bias_indirect: 0.20139971884271965
rmse_indirect: 0.22890150279372168
bias_total: 0.027294545919598776
rmse_total: 0.03099569313617909
bias_mr: 0.17368323439583805
rmse_mr: 0.1974263583151297
coverage: 0.0
