Experiment: expname : baselines_experiment, data : uniform, n_samples : 500, mediator_dimension : 1, covariate_dimension : 1, alpha : 0.5, beta : 0.25, stochasticity : 1, gamma : 0.3, noise : uniform, 
Running with estimator : kme_g_computation, regularization : True, sample_splits : 1, reg_lambda : 0.001, reg_lambda_tilde : 0.001, kernel : gauss, density : gaussian, bandwidth : 0.3, bandwidth_mode : heuristic, epsilon : 0.3, normalized : True, random_seed : 46, 
bias_direct: 0.4350689265724082
rmse_direct: 0.5661992885542919
bias_indirect: 0.5183062206237722
rmse_indirect: 0.6529984530698517
bias_total: 0.09287181187121728
rmse_total: 0.11771732458446968
bias_mr: 0.4257886424160629
rmse_mr: 0.5519306904207503
coverage: 0.0
