Experiment: expname : nonparametric_experiment, data : uniform, n_samples : 5000, mediator_dimension : 1, covariate_dimension : 1, alpha : 0.0, beta : 0.0, stochasticity : 1, gamma : 0.3, noise : uniform, 
Running with estimator : ipw, regularization : True, sample_splits : 1, reg_lambda : 0.001, reg_lambda_tilde : 0.001, kernel : gauss, density : conditional_kernel, bandwidth : 0.3, bandwidth_mode : heuristic, epsilon : 0.1, normalized : True, random_seed : 62, 
bias_direct: 0.045939442797047786
rmse_direct: 0.05824020993728483
bias_indirect: 0.030688731319119696
rmse_indirect: 0.03654691835355483
bias_total: 0.03385241977037487
rmse_total: 0.043407477377953925
bias_mr: 0.03801258923854722
rmse_mr: 0.045856455506763344
coverage: 0.0
