Experiment: expname : baselines_experiment, data : uniform, n_samples : 5000, mediator_dimension : 1, covariate_dimension : 1, alpha : 0.5, beta : 0.25, stochasticity : 1, gamma : 0.3, noise : uniform, 
Running with estimator : ipw, regularization : True, sample_splits : 1, reg_lambda : 0.001, reg_lambda_tilde : 0.001, kernel : gauss, density : gaussian, bandwidth : 0.3, bandwidth_mode : heuristic, epsilon : 0.3, normalized : True, random_seed : 93, 
bias_direct: 0.08434616866772482
rmse_direct: 0.11376634844802573
bias_indirect: 0.06982758620689665
rmse_indirect: 0.07936276378669083
bias_total: 0.046493865792899956
rmse_total: 0.06328209135780186
bias_mr: 0.12973852382680884
rmse_mr: 0.18422693267935458
coverage: 0.0
