Experiment: expname : nonparametric_experiment, data : uniform, n_samples : 1000, mediator_dimension : 1, covariate_dimension : 1, alpha : 0.0, beta : 0.0, stochasticity : 1, gamma : 0.3, noise : uniform, 
Running with estimator : ipw, regularization : True, sample_splits : 1, reg_lambda : 0.001, reg_lambda_tilde : 0.001, kernel : gauss, density : gaussian, bandwidth : 0.3, bandwidth_mode : heuristic, epsilon : 0.1, normalized : True, random_seed : 45, 
bias_direct: 0.13597170074609172
rmse_direct: 0.17935778716612336
bias_indirect: 0.0698275862068966
rmse_indirect: 0.07936276378669078
bias_total: 0.11998000805197209
rmse_total: 0.14680722543748143
bias_mr: 0.12289229671873705
rmse_mr: 0.15920808071624312
coverage: 0.0
