Experiment: expname : baselines_experiment, data : uniform, n_samples : 5000, mediator_dimension : 1, covariate_dimension : 1, alpha : 0.5, beta : 0.25, stochasticity : 1, gamma : 0.3, noise : uniform, 
Running with estimator : kme_g_computation, regularization : True, sample_splits : 1, reg_lambda : 0.001, reg_lambda_tilde : 0.001, kernel : gauss, density : gaussian, bandwidth : 0.3, bandwidth_mode : heuristic, epsilon : 0.3, normalized : True, random_seed : 86, 
bias_direct: 0.37273384986132996
rmse_direct: 0.4855725923322489
bias_indirect: 0.3895849510160796
rmse_indirect: 0.5190950193934888
bias_total: 0.03778255020826538
rmse_total: 0.05348211085984081
bias_mr: 0.396140384317372
rmse_mr: 0.5120135682007698
coverage: 0.0
