Experiment: expname : nonparametric_experiment, data : uniform, n_samples : 1000, mediator_dimension : 1, covariate_dimension : 1, alpha : 0.0, beta : 0.0, stochasticity : 1, gamma : 0.3, noise : uniform, 
Running with estimator : kme_dml, regularization : True, sample_splits : 1, reg_lambda : 0.001, reg_lambda_tilde : 0.001, kernel : gauss, density : conditional_kernel, bandwidth : 0.3, bandwidth_mode : heuristic, epsilon : 0.1, normalized : True, random_seed : 59, 
bias_direct: 0.040291490998579704
rmse_direct: 0.050910136545315815
bias_indirect: 0.009972866795926539
rmse_indirect: 0.0139831880865141
bias_total: 0.031600444338299956
rmse_total: 0.046092000461971115
bias_mr: 0.034393357668234634
rmse_mr: 0.040935080806498526
coverage: 1.0
