Experiment: expname : nonparametric_experiment, data : uniform, n_samples : 1000, mediator_dimension : 1, covariate_dimension : 1, alpha : 0.0, beta : 0.0, stochasticity : 1, gamma : 0.3, noise : uniform, 
Running with estimator : kme_g_computation, regularization : True, sample_splits : 1, reg_lambda : 0.001, reg_lambda_tilde : 0.001, kernel : gauss, density : conditional_kernel, bandwidth : 0.3, bandwidth_mode : heuristic, epsilon : 0.1, normalized : True, random_seed : 82, 
bias_direct: 0.1581647895804571
rmse_direct: 0.18092267557878244
bias_indirect: 0.14920116458951524
rmse_indirect: 0.1816851180639012
bias_total: 0.076747622008068
rmse_total: 0.09820296590657039
bias_mr: 0.17909030522765104
rmse_mr: 0.20958210018749265
coverage: 0.0
