Experiment: expname : nonparametric_experiment, data : uniform, n_samples : 500, mediator_dimension : 1, covariate_dimension : 1, alpha : 0.0, beta : 0.0, stochasticity : 1, gamma : 0.3, noise : uniform, 
Running with estimator : kme_g_computation, regularization : True, sample_splits : 1, reg_lambda : 0.001, reg_lambda_tilde : 0.001, kernel : gauss, density : conditional_kernel, bandwidth : 0.3, bandwidth_mode : heuristic, epsilon : 0.1, normalized : True, random_seed : 84, 
bias_direct: 0.12208076488478804
rmse_direct: 0.1508976090813718
bias_indirect: 0.15216132371193122
rmse_indirect: 0.16698573037293915
bias_total: 0.04160515837977437
rmse_total: 0.04877846466662907
bias_mr: 0.12526568983871708
rmse_mr: 0.1478687182641423
coverage: 0.0
