Experiment: expname : nonparametric_experiment, data : uniform, n_samples : 5000, mediator_dimension : 1, covariate_dimension : 1, alpha : 0.0, beta : 0.0, stochasticity : 1, gamma : 0.3, noise : uniform, 
Running with estimator : kme_dml, regularization : True, sample_splits : 1, reg_lambda : 0.001, reg_lambda_tilde : 0.001, kernel : gauss, density : gaussian, bandwidth : 0.3, bandwidth_mode : heuristic, epsilon : 0.1, normalized : True, random_seed : 31, 
bias_direct: 0.03898344014836273
rmse_direct: 0.04890417311150898
bias_indirect: 0.014648598247440822
rmse_indirect: 0.018859534926479068
bias_total: 0.03885665465720154
rmse_total: 0.05387341084349626
bias_mr: 0.030498898310202357
rmse_mr: 0.035287691947455534
coverage: 1.0
