Experiment: expname : nonparametric_experiment, data : uniform, n_samples : 5000, mediator_dimension : 1, covariate_dimension : 1, alpha : 0.0, beta : 0.0, stochasticity : 1, gamma : 0.3, noise : uniform, 
Running with estimator : kme_dml, regularization : True, sample_splits : 1, reg_lambda : 0.001, reg_lambda_tilde : 0.001, kernel : linear, density : gaussian, bandwidth : 0.3, bandwidth_mode : heuristic, epsilon : 0.1, normalized : True, random_seed : 64, 
bias_direct: 0.031265329793798716
rmse_direct: 0.035838638844260244
bias_indirect: 0.007126468349113445
rmse_indirect: 0.009179823365529142
bias_total: 0.03451065543216683
rmse_total: 0.03927317015939162
bias_mr: 0.028571246652292
rmse_mr: 0.03675657004793043
coverage: 1.0
