Experiment: expname : nonparametric_experiment, data : uniform, n_samples : 500, mediator_dimension : 1, covariate_dimension : 1, alpha : 0.0, beta : 0.0, stochasticity : 1, gamma : 0.3, noise : uniform, 
Running with estimator : kme_dml, regularization : True, sample_splits : 1, reg_lambda : 0.001, reg_lambda_tilde : 0.001, kernel : linear, density : gaussian, bandwidth : 0.3, bandwidth_mode : heuristic, epsilon : 0.1, normalized : True, random_seed : 49, 
bias_direct: 0.12580241671073378
rmse_direct: 0.1417539069251096
bias_indirect: 0.015226988080440335
rmse_indirect: 0.017765638887796833
bias_total: 0.11092594216657657
rmse_total: 0.1258458279033164
bias_mr: 0.06037162711975647
rmse_mr: 0.07319139610803418
coverage: 1.0
