Experiment: expname : baselines_experiment, data : uniform, n_samples : 5000, mediator_dimension : 1, covariate_dimension : 1, alpha : 0.5, beta : 0.25, stochasticity : 1, gamma : 0.3, noise : uniform, 
Running with estimator : ipw, regularization : True, sample_splits : 1, reg_lambda : 0.001, reg_lambda_tilde : 0.001, kernel : gauss, density : gaussian, bandwidth : 0.3, bandwidth_mode : heuristic, epsilon : 0.3, normalized : True, random_seed : 56, 
bias_direct: 0.10606932668794293
rmse_direct: 0.13440722590230905
bias_indirect: 0.06982758620689664
rmse_indirect: 0.07936276378669081
bias_total: 0.06366741229578474
rmse_total: 0.08292797879391382
bias_mr: 0.12036176429124663
rmse_mr: 0.1740750967217694
coverage: 0.0
