Experiment: expname : nonparametric_experiment, data : uniform, n_samples : 5000, mediator_dimension : 1, covariate_dimension : 1, alpha : 0.0, beta : 0.0, stochasticity : 1, gamma : 0.3, noise : uniform, 
Running with estimator : ipw, regularization : True, sample_splits : 1, reg_lambda : 0.001, reg_lambda_tilde : 0.001, kernel : linear, density : conditional_kernel, bandwidth : 0.3, bandwidth_mode : heuristic, epsilon : 0.1, normalized : True, random_seed : 28, 
bias_direct: 0.03762429504478701
rmse_direct: 0.046248264680063676
bias_indirect: 0.021693162822261577
rmse_indirect: 0.025411682251747815
bias_total: 0.03531685595192213
rmse_total: 0.04177373113378718
bias_mr: 0.035389656564956795
rmse_mr: 0.04204395304813903
coverage: 0.0
