Experiment: expname : baselines_experiment, data : uniform, n_samples : 500, mediator_dimension : 1, covariate_dimension : 1, alpha : 0.5, beta : 0.25, stochasticity : 1, gamma : 0.3, noise : uniform, 
Running with estimator : kme_g_computation, regularization : True, sample_splits : 1, reg_lambda : 0.001, reg_lambda_tilde : 0.001, kernel : gauss, density : gaussian, bandwidth : 0.3, bandwidth_mode : heuristic, epsilon : 0.3, normalized : True, random_seed : 97, 
bias_direct: 0.38622985490012585
rmse_direct: 0.5003763147529802
bias_indirect: 0.4206087666089131
rmse_indirect: 0.5481584403310994
bias_total: 0.05690100425747011
rmse_total: 0.0838634835170433
bias_mr: 0.4121134883019216
rmse_mr: 0.5343909372701349
coverage: 0.0
