Experiment: expname : nonparametric_experiment, data : uniform, n_samples : 1000, mediator_dimension : 1, covariate_dimension : 1, alpha : 0.0, beta : 0.0, stochasticity : 1, gamma : 0.3, noise : uniform, 
Running with estimator : kme_dml, regularization : True, sample_splits : 1, reg_lambda : 0.001, reg_lambda_tilde : 0.001, kernel : linear, density : conditional_kernel, bandwidth : 0.3, bandwidth_mode : heuristic, epsilon : 0.1, normalized : True, random_seed : 34, 
bias_direct: 0.05088961686694181
rmse_direct: 0.056548655942887986
bias_indirect: 0.013245341796629971
rmse_indirect: 0.014765873765145288
bias_total: 0.055781775456947354
rmse_total: 0.06124388396021319
bias_mr: 0.07411423746506286
rmse_mr: 0.08327427707684411
coverage: 1.0
