Experiment: expname : nonparametric_experiment, data : uniform, n_samples : 500, mediator_dimension : 1, covariate_dimension : 1, alpha : 0.0, beta : 0.0, stochasticity : 1, gamma : 0.3, noise : uniform, 
Running with estimator : kme_dml, regularization : True, sample_splits : 1, reg_lambda : 0.001, reg_lambda_tilde : 0.001, kernel : gauss, density : conditional_kernel, bandwidth : 0.3, bandwidth_mode : heuristic, epsilon : 0.1, normalized : True, random_seed : 47, 
bias_direct: 0.060884866211556365
rmse_direct: 0.06435482924155696
bias_indirect: 0.01926224863851186
rmse_indirect: 0.027173585861834826
bias_total: 0.053897178599929416
rmse_total: 0.06064653579815033
bias_mr: 0.06387868748594328
rmse_mr: 0.08068377533741954
coverage: 1.0
