Experiment: expname : nonparametric_experiment, data : uniform, n_samples : 1000, mediator_dimension : 1, covariate_dimension : 1, alpha : 0.0, beta : 0.0, stochasticity : 1, gamma : 0.3, noise : uniform, 
Running with estimator : kme_dml, regularization : True, sample_splits : 1, reg_lambda : 0.001, reg_lambda_tilde : 0.001, kernel : gauss, density : conditional_kernel, bandwidth : 0.3, bandwidth_mode : heuristic, epsilon : 0.1, normalized : True, random_seed : 42, 
bias_direct: 0.08501494411674924
rmse_direct: 0.09952583566764243
bias_indirect: 0.02700568259557736
rmse_indirect: 0.030923990674531596
bias_total: 0.0996939229070562
rmse_total: 0.1103172756419029
bias_mr: 0.03840199024812406
rmse_mr: 0.05266912200303068
coverage: 1.0
