Experiment: expname : nonparametric_experiment, data : uniform, n_samples : 1000, mediator_dimension : 1, covariate_dimension : 1, alpha : 0.0, beta : 0.0, stochasticity : 1, gamma : 0.3, noise : uniform, 
Running with estimator : kme_dml, regularization : True, sample_splits : 1, reg_lambda : 0.001, reg_lambda_tilde : 0.001, kernel : linear, density : gaussian, bandwidth : 0.3, bandwidth_mode : heuristic, epsilon : 0.1, normalized : True, random_seed : 71, 
bias_direct: 0.03095748772526485
rmse_direct: 0.04292033310120262
bias_indirect: 0.014838402951600424
rmse_indirect: 0.0195241926699395
bias_total: 0.02764768744924988
rmse_total: 0.035779734989540304
bias_mr: 0.03195724177014783
rmse_mr: 0.0460305168055916
coverage: 1.0
