Experiment: expname : baselines_experiment, data : uniform, n_samples : 1000, mediator_dimension : 1, covariate_dimension : 1, alpha : 0.5, beta : 0.25, stochasticity : 1, gamma : 0.3, noise : uniform, 
Running with estimator : kme_dml, regularization : True, sample_splits : 1, reg_lambda : 0.001, reg_lambda_tilde : 0.001, kernel : gauss, density : gaussian, bandwidth : 0.3, bandwidth_mode : heuristic, epsilon : 0.3, normalized : True, random_seed : 32, 
bias_direct: 0.079195527970238
rmse_direct: 0.09794243433276915
bias_indirect: 0.033862687441363885
rmse_indirect: 0.03837590338713813
bias_total: 0.06549948309856155
rmse_total: 0.08048069916377568
bias_mr: 0.06288195145746613
rmse_mr: 0.06812300071501337
coverage: 1.0
