Experiment: expname : nonparametric_experiment, data : uniform, n_samples : 5000, mediator_dimension : 1, covariate_dimension : 1, alpha : 0.0, beta : 0.0, stochasticity : 1, gamma : 0.3, noise : uniform, 
Running with estimator : ipw, regularization : True, sample_splits : 1, reg_lambda : 0.001, reg_lambda_tilde : 0.001, kernel : linear, density : gaussian, bandwidth : 0.3, bandwidth_mode : heuristic, epsilon : 0.1, normalized : True, random_seed : 35, 
bias_direct: 0.06029242602048171
rmse_direct: 0.08947699803481826
bias_indirect: 0.06982758620689661
rmse_indirect: 0.0793627637866908
bias_total: 0.0641059853562724
rmse_total: 0.07977612345609857
bias_mr: 0.062157060498119435
rmse_mr: 0.07897770582480022
coverage: 0.0
