Experiment: expname : nonparametric_experiment, data : uniform, n_samples : 5000, mediator_dimension : 1, covariate_dimension : 1, alpha : 0.0, beta : 0.0, stochasticity : 1, gamma : 0.3, noise : uniform, 
Running with estimator : kme_dml, regularization : True, sample_splits : 1, reg_lambda : 0.001, reg_lambda_tilde : 0.001, kernel : linear, density : gaussian, bandwidth : 0.3, bandwidth_mode : heuristic, epsilon : 0.1, normalized : True, random_seed : 65, 
bias_direct: 0.04034516511164603
rmse_direct: 0.047080577663439156
bias_indirect: 0.006069635195277412
rmse_indirect: 0.006745047852356238
bias_total: 0.04346334378812284
rmse_total: 0.05059773559072538
bias_mr: 0.048612785047937306
rmse_mr: 0.056524815661716465
coverage: 0.7931034482758621
