Experiment: expname : nonparametric_experiment, data : uniform, n_samples : 1000, mediator_dimension : 1, covariate_dimension : 1, alpha : 0.0, beta : 0.0, stochasticity : 1, gamma : 0.3, noise : uniform, 
Running with estimator : kme_dml, regularization : True, sample_splits : 1, reg_lambda : 0.001, reg_lambda_tilde : 0.001, kernel : gauss, density : gaussian, bandwidth : 0.3, bandwidth_mode : heuristic, epsilon : 0.1, normalized : True, random_seed : 43, 
bias_direct: 0.10462301136403078
rmse_direct: 0.12770835982241555
bias_indirect: 0.028194452462725606
rmse_indirect: 0.03295171580277441
bias_total: 0.08570214262114671
rmse_total: 0.10227465373179254
bias_mr: 0.11259598651555096
rmse_mr: 0.12812222321927208
coverage: 0.6896551724137931
