Experiment: expname : baselines_experiment, data : uniform, n_samples : 5000, mediator_dimension : 1, covariate_dimension : 1, alpha : 0.5, beta : 0.25, stochasticity : 1, gamma : 0.3, noise : uniform, 
Running with estimator : kme_g_computation, regularization : True, sample_splits : 1, reg_lambda : 0.001, reg_lambda_tilde : 0.001, kernel : gauss, density : gaussian, bandwidth : 0.3, bandwidth_mode : heuristic, epsilon : 0.3, normalized : True, random_seed : 35, 
bias_direct: 0.38598696310267033
rmse_direct: 0.4943134249732038
bias_indirect: 0.4085771047659319
rmse_indirect: 0.5354573033281168
bias_total: 0.038330861806402314
rmse_total: 0.054355292661388596
bias_mr: 0.41155159699363586
rmse_mr: 0.5301037836940975
coverage: 0.0
