Experiment: expname : baselines_experiment, data : uniform, n_samples : 1000, mediator_dimension : 1, covariate_dimension : 1, alpha : 0.5, beta : 0.25, stochasticity : 1, gamma : 0.3, noise : uniform, 
Running with estimator : linear, regularization : True, sample_splits : 1, reg_lambda : 0.001, reg_lambda_tilde : 0.001, kernel : gauss, density : gaussian, bandwidth : 0.3, bandwidth_mode : heuristic, epsilon : 0.3, normalized : True, random_seed : 34, 
bias_direct: 0.26273735960555206
rmse_direct: 0.30090120516298297
bias_indirect: 0.024322847688134242
rmse_indirect: 0.027644209409925225
bias_total: 0.28148203697250945
rmse_total: 0.3233865501464841
bias_mr: 0.23836466623933442
rmse_mr: 0.25719960220778615
coverage: 0.0
