Experiment: expname : nonparametric_experiment, data : uniform, n_samples : 1000, mediator_dimension : 1, covariate_dimension : 1, alpha : 0.0, beta : 0.0, stochasticity : 1, gamma : 0.3, noise : uniform, 
Running with estimator : ipw, regularization : True, sample_splits : 1, reg_lambda : 0.001, reg_lambda_tilde : 0.001, kernel : gauss, density : gaussian, bandwidth : 0.3, bandwidth_mode : heuristic, epsilon : 0.1, normalized : True, random_seed : 78, 
bias_direct: 0.09020001024696248
rmse_direct: 0.11426807869034547
bias_indirect: 0.0698275862068966
rmse_indirect: 0.07936276378669078
bias_total: 0.08286147897833232
rmse_total: 0.09454362370161715
bias_mr: 0.09108863662918647
rmse_mr: 0.11556370389413402
coverage: 0.0
