Experiment: expname : nonparametric_experiment, data : uniform, n_samples : 5000, mediator_dimension : 1, covariate_dimension : 1, alpha : 0.0, beta : 0.0, stochasticity : 1, gamma : 0.3, noise : uniform, 
Running with estimator : kme_g_computation, regularization : True, sample_splits : 1, reg_lambda : 0.001, reg_lambda_tilde : 0.001, kernel : linear, density : conditional_kernel, bandwidth : 0.3, bandwidth_mode : heuristic, epsilon : 0.1, normalized : True, random_seed : 95, 
bias_direct: 0.17271100502562892
rmse_direct: 0.19626931098028785
bias_indirect: 0.17496733261548908
rmse_indirect: 0.19885966875214692
bias_total: 0.002256327589860143
rmse_total: 0.0026663160869404793
bias_mr: 0.17291427920886301
rmse_mr: 0.1966645924547873
coverage: 0.0
