Experiment: expname : nonparametric_experiment, data : uniform, n_samples : 5000, mediator_dimension : 1, covariate_dimension : 1, alpha : 0.0, beta : 0.0, stochasticity : 1, gamma : 0.3, noise : uniform, 
Running with estimator : kme_dml, regularization : True, sample_splits : 1, reg_lambda : 0.001, reg_lambda_tilde : 0.001, kernel : gauss, density : gaussian, bandwidth : 0.3, bandwidth_mode : heuristic, epsilon : 0.1, normalized : True, random_seed : 72, 
bias_direct: 0.034528754031343645
rmse_direct: 0.04224742813569243
bias_indirect: 0.01741940752213826
rmse_indirect: 0.02161316631062307
bias_total: 0.022515913232720612
rmse_total: 0.027427846439559374
bias_mr: 0.02525056738283935
rmse_mr: 0.030117780523002093
coverage: 1.0
