Experiment: expname : nonparametric_experiment, data : uniform, n_samples : 5000, mediator_dimension : 1, covariate_dimension : 1, alpha : 0.0, beta : 0.0, stochasticity : 1, gamma : 0.3, noise : uniform, 
Running with estimator : kme_dml, regularization : True, sample_splits : 1, reg_lambda : 0.001, reg_lambda_tilde : 0.001, kernel : gauss, density : gaussian, bandwidth : 0.3, bandwidth_mode : heuristic, epsilon : 0.1, normalized : True, random_seed : 51, 
bias_direct: 0.020470610780804487
rmse_direct: 0.026818691697699838
bias_indirect: 0.01848834011149968
rmse_indirect: 0.020990014755557788
bias_total: 0.016254074180201594
rmse_total: 0.01900547541992042
bias_mr: 0.019804410499232164
rmse_mr: 0.026676213679373378
coverage: 1.0
