Experiment: expname : nonparametric_experiment, data : uniform, n_samples : 1000, mediator_dimension : 1, covariate_dimension : 1, alpha : 0.0, beta : 0.0, stochasticity : 1, gamma : 0.3, noise : uniform, 
Running with estimator : kme_g_computation, regularization : True, sample_splits : 1, reg_lambda : 0.001, reg_lambda_tilde : 0.001, kernel : linear, density : gaussian, bandwidth : 0.3, bandwidth_mode : heuristic, epsilon : 0.1, normalized : True, random_seed : 12, 
bias_direct: 0.16678262605078703
rmse_direct: 0.1898730778318106
bias_indirect: 0.16078241243280578
rmse_indirect: 0.18273777884653686
bias_total: 0.006031356575137941
rmse_total: 0.008943661473018989
bias_mr: 0.16747112035801984
rmse_mr: 0.19347918581965368
coverage: 0.0
