Experiment: expname : nonparametric_experiment, data : uniform, n_samples : 1000, mediator_dimension : 1, covariate_dimension : 1, alpha : 0.0, beta : 0.0, stochasticity : 1, gamma : 0.3, noise : uniform, 
Running with estimator : kme_g_computation, regularization : True, sample_splits : 1, reg_lambda : 0.001, reg_lambda_tilde : 0.001, kernel : gauss, density : conditional_kernel, bandwidth : 0.3, bandwidth_mode : heuristic, epsilon : 0.1, normalized : True, random_seed : 23, 
bias_direct: 0.16200988130137042
rmse_direct: 0.18189089275233325
bias_indirect: 0.21209452136025875
rmse_indirect: 0.23874737826693157
bias_total: 0.05008464005888836
rmse_total: 0.07574734781879384
bias_mr: 0.18081770729323604
rmse_mr: 0.20818407004443945
coverage: 0.0
