Experiment: expname : nonparametric_experiment, data : uniform, n_samples : 5000, mediator_dimension : 1, covariate_dimension : 1, alpha : 0.0, beta : 0.0, stochasticity : 1, gamma : 0.3, noise : uniform, 
Running with estimator : ipw, regularization : True, sample_splits : 1, reg_lambda : 0.001, reg_lambda_tilde : 0.001, kernel : gauss, density : conditional_kernel, bandwidth : 0.3, bandwidth_mode : heuristic, epsilon : 0.1, normalized : True, random_seed : 66, 
bias_direct: 0.08312080493679924
rmse_direct: 0.0914986681777308
bias_indirect: 0.032620013245529385
rmse_indirect: 0.04083666836380406
bias_total: 0.06978275773373568
rmse_total: 0.08284706320795261
bias_mr: 0.03481712117121032
rmse_mr: 0.04363298461374372
coverage: 0.0
