Experiment: expname : nonparametric_experiment, data : uniform, n_samples : 500, mediator_dimension : 1, covariate_dimension : 1, alpha : 0.0, beta : 0.0, stochasticity : 1, gamma : 0.3, noise : uniform, 
Running with estimator : ipw, regularization : True, sample_splits : 1, reg_lambda : 0.001, reg_lambda_tilde : 0.001, kernel : linear, density : conditional_kernel, bandwidth : 0.3, bandwidth_mode : heuristic, epsilon : 0.1, normalized : True, random_seed : 72, 
bias_direct: 0.17197963392087218
rmse_direct: 0.20179779342926168
bias_indirect: 0.0362264551706319
rmse_indirect: 0.055239545196725394
bias_total: 0.17783209622021923
rmse_total: 0.21266174499665405
bias_mr: 0.1386686490842033
rmse_mr: 0.1585053156843735
coverage: 0.0
