Experiment: expname : baselines_experiment, data : uniform, n_samples : 500, mediator_dimension : 1, covariate_dimension : 1, alpha : 0.5, beta : 0.25, stochasticity : 1, gamma : 0.3, noise : uniform, 
Running with estimator : kme_g_computation, regularization : True, sample_splits : 1, reg_lambda : 0.001, reg_lambda_tilde : 0.001, kernel : gauss, density : gaussian, bandwidth : 0.3, bandwidth_mode : heuristic, epsilon : 0.3, normalized : True, random_seed : 90, 
bias_direct: 0.3799590548819029
rmse_direct: 0.49562606633789247
bias_indirect: 0.4424392373900536
rmse_indirect: 0.5508649074290132
bias_total: 0.06373894399551286
rmse_total: 0.07667087098120874
bias_mr: 0.3986868415775209
rmse_mr: 0.5231077567294989
coverage: 0.0
