Experiment: expname : nonparametric_experiment, data : uniform, n_samples : 500, mediator_dimension : 1, covariate_dimension : 1, alpha : 0.0, beta : 0.0, stochasticity : 1, gamma : 0.3, noise : uniform, 
Running with estimator : kme_dml, regularization : True, sample_splits : 1, reg_lambda : 0.001, reg_lambda_tilde : 0.001, kernel : gauss, density : conditional_kernel, bandwidth : 0.3, bandwidth_mode : heuristic, epsilon : 0.1, normalized : True, random_seed : 33, 
bias_direct: 0.14037482980868285
rmse_direct: 0.17967536962591135
bias_indirect: 0.014183674160456792
rmse_indirect: 0.01586754664130886
bias_total: 0.127003266138197
rmse_total: 0.16837688383087177
bias_mr: 0.10468324706403412
rmse_mr: 0.1268854567921907
coverage: 0.9310344827586207
