Experiment: expname : baselines_experiment, data : uniform, n_samples : 1000, mediator_dimension : 1, covariate_dimension : 1, alpha : 0.5, beta : 0.25, stochasticity : 1, gamma : 0.3, noise : uniform, 
Running with estimator : kme_g_computation, regularization : True, sample_splits : 1, reg_lambda : 0.001, reg_lambda_tilde : 0.001, kernel : gauss, density : gaussian, bandwidth : 0.3, bandwidth_mode : heuristic, epsilon : 0.3, normalized : True, random_seed : 52, 
bias_direct: 0.4096546656339632
rmse_direct: 0.5303115005704095
bias_indirect: 0.45118870600851246
rmse_indirect: 0.5598637947714159
bias_total: 0.05470290688227751
rmse_total: 0.06603017691056011
bias_mr: 0.41490205071021213
rmse_mr: 0.5386703173770987
coverage: 0.0
