Experiment: expname : nonparametric_experiment, data : uniform, n_samples : 5000, mediator_dimension : 1, covariate_dimension : 1, alpha : 0.0, beta : 0.0, stochasticity : 1, gamma : 0.3, noise : uniform, 
Running with estimator : kme_dml, regularization : True, sample_splits : 1, reg_lambda : 0.001, reg_lambda_tilde : 0.001, kernel : linear, density : conditional_kernel, bandwidth : 0.3, bandwidth_mode : heuristic, epsilon : 0.1, normalized : True, random_seed : 93, 
bias_direct: 0.019480388058746047
rmse_direct: 0.029800014675562883
bias_indirect: 0.01816886364316898
rmse_indirect: 0.022301667492747104
bias_total: 0.031234786881245792
rmse_total: 0.042044906185192445
bias_mr: 0.03664889810269089
rmse_mr: 0.039361125441408955
coverage: 1.0
