Experiment: expname : baselines_experiment, data : uniform, n_samples : 5000, mediator_dimension : 1, covariate_dimension : 1, alpha : 0.5, beta : 0.25, stochasticity : 1, gamma : 0.3, noise : uniform, 
Running with estimator : ipw, regularization : True, sample_splits : 1, reg_lambda : 0.001, reg_lambda_tilde : 0.001, kernel : gauss, density : gaussian, bandwidth : 0.3, bandwidth_mode : heuristic, epsilon : 0.3, normalized : True, random_seed : 5, 
bias_direct: 0.1003927169144947
rmse_direct: 0.12657199961869497
bias_indirect: 0.06982758620689658
rmse_indirect: 0.07936276378669078
bias_total: 0.06768746905867538
rmse_total: 0.08145703721703315
bias_mr: 0.14264974502583866
rmse_mr: 0.1748954905629321
coverage: 0.0
