Experiment: expname : nonparametric_experiment, data : uniform, n_samples : 1000, mediator_dimension : 1, covariate_dimension : 1, alpha : 0.0, beta : 0.0, stochasticity : 1, gamma : 0.3, noise : uniform, 
Running with estimator : ipw, regularization : True, sample_splits : 1, reg_lambda : 0.001, reg_lambda_tilde : 0.001, kernel : gauss, density : conditional_kernel, bandwidth : 0.3, bandwidth_mode : heuristic, epsilon : 0.1, normalized : True, random_seed : 67, 
bias_direct: 0.08835905612900442
rmse_direct: 0.11797891605131595
bias_indirect: 0.02904827878083851
rmse_indirect: 0.03856983566614811
bias_total: 0.09141708265346604
rmse_total: 0.11726748472592538
bias_mr: 0.07831980002280173
rmse_mr: 0.10507123491820748
coverage: 0.0
