Experiment: expname : nonparametric_experiment, data : uniform, n_samples : 5000, mediator_dimension : 1, covariate_dimension : 1, alpha : 0.0, beta : 0.0, stochasticity : 1, gamma : 0.3, noise : uniform, 
Running with estimator : kme_dml, regularization : True, sample_splits : 1, reg_lambda : 0.001, reg_lambda_tilde : 0.001, kernel : gauss, density : conditional_kernel, bandwidth : 0.3, bandwidth_mode : heuristic, epsilon : 0.1, normalized : True, random_seed : 39, 
bias_direct: 0.04810460508283169
rmse_direct: 0.05574524112369534
bias_indirect: 0.009582732300366253
rmse_indirect: 0.011194541041929261
bias_total: 0.04521395352502313
rmse_total: 0.051657083596471545
bias_mr: 0.023871312312607484
rmse_mr: 0.030596910221634955
coverage: 1.0
