Experiment: expname : nonparametric_experiment, data : uniform, n_samples : 5000, mediator_dimension : 1, covariate_dimension : 1, alpha : 0.0, beta : 0.0, stochasticity : 1, gamma : 0.3, noise : uniform, 
Running with estimator : ipw, regularization : True, sample_splits : 1, reg_lambda : 0.001, reg_lambda_tilde : 0.001, kernel : linear, density : gaussian, bandwidth : 0.3, bandwidth_mode : heuristic, epsilon : 0.1, normalized : True, random_seed : 77, 
bias_direct: 0.06649491114863686
rmse_direct: 0.08987769824138794
bias_indirect: 0.0698275862068966
rmse_indirect: 0.07936276378669077
bias_total: 0.04900085152572469
rmse_total: 0.060959119110814045
bias_mr: 0.07694726442249335
rmse_mr: 0.09740609571623816
coverage: 0.0
