Experiment: expname : nonparametric_experiment, data : uniform, n_samples : 1000, mediator_dimension : 1, covariate_dimension : 1, alpha : 0.0, beta : 0.0, stochasticity : 1, gamma : 0.3, noise : uniform, 
Running with estimator : kme_g_computation, regularization : True, sample_splits : 1, reg_lambda : 0.001, reg_lambda_tilde : 0.001, kernel : linear, density : gaussian, bandwidth : 0.3, bandwidth_mode : heuristic, epsilon : 0.1, normalized : True, random_seed : 18, 
bias_direct: 0.15832978911178847
rmse_direct: 0.18060329334563419
bias_indirect: 0.17186974040599387
rmse_indirect: 0.1953391827995634
bias_total: 0.013539951294205446
rmse_total: 0.01770773122194665
bias_mr: 0.15982396066612206
rmse_mr: 0.1859782987744162
coverage: 0.0
