Experiment: expname : nonparametric_experiment, data : uniform, n_samples : 5000, mediator_dimension : 1, covariate_dimension : 1, alpha : 0.0, beta : 0.0, stochasticity : 1, gamma : 0.3, noise : uniform, 
Running with estimator : kme_dml, regularization : True, sample_splits : 1, reg_lambda : 0.001, reg_lambda_tilde : 0.001, kernel : linear, density : conditional_kernel, bandwidth : 0.3, bandwidth_mode : heuristic, epsilon : 0.1, normalized : True, random_seed : 6, 
bias_direct: 0.04483999095187206
rmse_direct: 0.064982566476558
bias_indirect: 0.010072059152904812
rmse_indirect: 0.011973894495091071
bias_total: 0.05251288388149834
rmse_total: 0.07426637760343878
bias_mr: 0.05480881828594862
rmse_mr: 0.062067652528328875
coverage: 0.7241379310344828
