Experiment: expname : nonparametric_experiment, data : uniform, n_samples : 5000, mediator_dimension : 1, covariate_dimension : 1, alpha : 0.0, beta : 0.0, stochasticity : 1, gamma : 0.3, noise : uniform, 
Running with estimator : ipw, regularization : True, sample_splits : 1, reg_lambda : 0.001, reg_lambda_tilde : 0.001, kernel : linear, density : gaussian, bandwidth : 0.3, bandwidth_mode : heuristic, epsilon : 0.1, normalized : True, random_seed : 6, 
bias_direct: 0.0808654594723912
rmse_direct: 0.1016663074888819
bias_indirect: 0.06982758620689662
rmse_indirect: 0.07936276378669078
bias_total: 0.06531836716477424
rmse_total: 0.0852631134871749
bias_mr: 0.07920059018843992
rmse_mr: 0.0932917921513371
coverage: 0.0
