Experiment: expname : baselines_experiment, data : uniform, n_samples : 1000, mediator_dimension : 1, covariate_dimension : 1, alpha : 0.5, beta : 0.25, stochasticity : 1, gamma : 0.3, noise : uniform, 
Running with estimator : linear, regularization : True, sample_splits : 1, reg_lambda : 0.001, reg_lambda_tilde : 0.001, kernel : gauss, density : gaussian, bandwidth : 0.3, bandwidth_mode : heuristic, epsilon : 0.3, normalized : True, random_seed : 50, 
bias_direct: 0.35343870846778186
rmse_direct: 0.40154537431412396
bias_indirect: 0.0014001447267387817
rmse_indirect: 0.0015913389141951448
bias_total: 0.3520385637410431
rmse_total: 0.40012632888462524
bias_mr: 0.3421142725323878
rmse_mr: 0.36349120253916
coverage: 0.0
