Experiment: expname : nonparametric_experiment, data : uniform, n_samples : 1000, mediator_dimension : 1, covariate_dimension : 1, alpha : 0.0, beta : 0.0, stochasticity : 1, gamma : 0.3, noise : uniform, 
Running with estimator : ipw, regularization : True, sample_splits : 1, reg_lambda : 0.001, reg_lambda_tilde : 0.001, kernel : linear, density : conditional_kernel, bandwidth : 0.3, bandwidth_mode : heuristic, epsilon : 0.1, normalized : True, random_seed : 29, 
bias_direct: 0.0809926349625763
rmse_direct: 0.10042001509105208
bias_indirect: 0.029602445705969156
rmse_indirect: 0.03732922634979705
bias_total: 0.06031839809587829
rmse_total: 0.07309925150429288
bias_mr: 0.0822603727970949
rmse_mr: 0.09608928708892794
coverage: 0.0
