Experiment: expname : nonparametric_experiment, data : uniform, n_samples : 1000, mediator_dimension : 1, covariate_dimension : 1, alpha : 0.0, beta : 0.0, stochasticity : 1, gamma : 0.3, noise : uniform, 
Running with estimator : kme_dml, regularization : True, sample_splits : 1, reg_lambda : 0.001, reg_lambda_tilde : 0.001, kernel : gauss, density : gaussian, bandwidth : 0.3, bandwidth_mode : heuristic, epsilon : 0.1, normalized : True, random_seed : 80, 
bias_direct: 0.017116032236327374
rmse_direct: 0.020360387873712877
bias_indirect: 0.030401087628089206
rmse_indirect: 0.03352010796638048
bias_total: 0.03341012786635052
rmse_total: 0.036596649325556854
bias_mr: 0.0547901149745673
rmse_mr: 0.059065753857443004
coverage: 1.0
