Experiment: expname : baselines_experiment, data : uniform, n_samples : 1000, mediator_dimension : 1, covariate_dimension : 1, alpha : 0.5, beta : 0.25, stochasticity : 1, gamma : 0.3, noise : uniform, 
Running with estimator : kme_g_computation, regularization : True, sample_splits : 1, reg_lambda : 0.001, reg_lambda_tilde : 0.001, kernel : gauss, density : gaussian, bandwidth : 0.3, bandwidth_mode : heuristic, epsilon : 0.3, normalized : True, random_seed : 36, 
bias_direct: 0.3849685819550282
rmse_direct: 0.5118840764632946
bias_indirect: 0.46064706703820396
rmse_indirect: 0.5869338575418733
bias_total: 0.07567848508317564
rmse_total: 0.09770691390201774
bias_mr: 0.361834581684149
rmse_mr: 0.479333358385474
coverage: 0.0
