Experiment: expname : nonparametric_experiment, data : uniform, n_samples : 1000, mediator_dimension : 1, covariate_dimension : 1, alpha : 0.0, beta : 0.0, stochasticity : 1, gamma : 0.3, noise : uniform, 
Running with estimator : kme_dml, regularization : True, sample_splits : 1, reg_lambda : 0.001, reg_lambda_tilde : 0.001, kernel : linear, density : gaussian, bandwidth : 0.3, bandwidth_mode : heuristic, epsilon : 0.1, normalized : True, random_seed : 95, 
bias_direct: 0.04473989127854814
rmse_direct: 0.058110157570400486
bias_indirect: 0.0167273022492513
rmse_indirect: 0.021187042241279236
bias_total: 0.04008751856804047
rmse_total: 0.05287476518336366
bias_mr: 0.05524985136396513
rmse_mr: 0.06765618938517488
coverage: 1.0
