Experiment: expname : baselines_experiment, data : uniform, n_samples : 500, mediator_dimension : 1, covariate_dimension : 1, alpha : 0.5, beta : 0.25, stochasticity : 1, gamma : 0.3, noise : uniform, 
Running with estimator : linear, regularization : True, sample_splits : 1, reg_lambda : 0.001, reg_lambda_tilde : 0.001, kernel : gauss, density : gaussian, bandwidth : 0.3, bandwidth_mode : heuristic, epsilon : 0.3, normalized : True, random_seed : 46, 
bias_direct: 0.3249333549593214
rmse_direct: 0.3714304333823051
bias_indirect: 0.0045126966494982365
rmse_indirect: 0.005128919638922695
bias_total: 0.32098223833731626
rmse_total: 0.36696337055528666
bias_mr: 0.31390531532638827
rmse_mr: 0.3384093413384569
coverage: 0.0
