Experiment: expname : baselines_experiment, data : uniform, n_samples : 5000, mediator_dimension : 1, covariate_dimension : 1, alpha : 0.5, beta : 0.25, stochasticity : 1, gamma : 0.3, noise : uniform, 
Running with estimator : ipw, regularization : True, sample_splits : 1, reg_lambda : 0.001, reg_lambda_tilde : 0.001, kernel : gauss, density : gaussian, bandwidth : 0.3, bandwidth_mode : heuristic, epsilon : 0.3, normalized : True, random_seed : 25, 
bias_direct: 0.0976661319368674
rmse_direct: 0.11456843706448867
bias_indirect: 0.0698275862068966
rmse_indirect: 0.07936276378669078
bias_total: 0.03623330560855042
rmse_total: 0.04636425949717187
bias_mr: 0.13416690704928796
rmse_mr: 0.1883907081412673
coverage: 0.0
