Experiment: expname : nonparametric_experiment, data : uniform, n_samples : 1000, mediator_dimension : 1, covariate_dimension : 1, alpha : 0.0, beta : 0.0, stochasticity : 1, gamma : 0.3, noise : uniform, 
Running with estimator : kme_dml, regularization : True, sample_splits : 1, reg_lambda : 0.001, reg_lambda_tilde : 0.001, kernel : linear, density : gaussian, bandwidth : 0.3, bandwidth_mode : heuristic, epsilon : 0.1, normalized : True, random_seed : 51, 
bias_direct: 0.0496017972184175
rmse_direct: 0.05859726267990936
bias_indirect: 0.010605960481385875
rmse_indirect: 0.013630513908543414
bias_total: 0.053750429506919724
rmse_total: 0.0672970436729033
bias_mr: 0.05004036516266177
rmse_mr: 0.07004197669919247
coverage: 0.9310344827586207
