Experiment: expname : nonparametric_experiment, data : uniform, n_samples : 500, mediator_dimension : 1, covariate_dimension : 1, alpha : 0.0, beta : 0.0, stochasticity : 1, gamma : 0.3, noise : uniform, 
Running with estimator : kme_g_computation, regularization : True, sample_splits : 1, reg_lambda : 0.001, reg_lambda_tilde : 0.001, kernel : gauss, density : conditional_kernel, bandwidth : 0.3, bandwidth_mode : heuristic, epsilon : 0.1, normalized : True, random_seed : 35, 
bias_direct: 0.15935886962919474
rmse_direct: 0.18071852676748743
bias_indirect: 0.11485727016731664
rmse_indirect: 0.1675809132622444
bias_total: 0.07566568435921257
rmse_total: 0.08463865926381242
bias_mr: 0.17702423181079716
rmse_mr: 0.2057511853955741
coverage: 0.0
