Experiment: expname : nonparametric_experiment, data : uniform, n_samples : 5000, mediator_dimension : 1, covariate_dimension : 1, alpha : 0.0, beta : 0.0, stochasticity : 1, gamma : 0.3, noise : uniform, 
Running with estimator : ipw, regularization : True, sample_splits : 1, reg_lambda : 0.001, reg_lambda_tilde : 0.001, kernel : linear, density : conditional_kernel, bandwidth : 0.3, bandwidth_mode : heuristic, epsilon : 0.1, normalized : True, random_seed : 34, 
bias_direct: 0.049261410228742634
rmse_direct: 0.06505629956061923
bias_indirect: 0.032159105971478606
rmse_indirect: 0.0353098116999994
bias_total: 0.05078579815546159
rmse_total: 0.06256254563072419
bias_mr: 0.06409120550993613
rmse_mr: 0.07273094056665552
coverage: 0.0
