Experiment: expname : nonparametric_experiment, data : uniform, n_samples : 5000, mediator_dimension : 1, covariate_dimension : 1, alpha : 0.0, beta : 0.0, stochasticity : 1, gamma : 0.3, noise : uniform, 
Running with estimator : ipw, regularization : True, sample_splits : 1, reg_lambda : 0.001, reg_lambda_tilde : 0.001, kernel : gauss, density : conditional_kernel, bandwidth : 0.3, bandwidth_mode : heuristic, epsilon : 0.1, normalized : True, random_seed : 68, 
bias_direct: 0.10452700537669132
rmse_direct: 0.11371765903817423
bias_indirect: 0.02579133625696238
rmse_indirect: 0.027931079309181886
bias_total: 0.10783185791753172
rmse_total: 0.11683441310024105
bias_mr: 0.0457840287031822
rmse_mr: 0.054567667614790205
coverage: 0.0
