Experiment: expname : baselines_experiment, data : uniform, n_samples : 1000, mediator_dimension : 1, covariate_dimension : 1, alpha : 0.5, beta : 0.25, stochasticity : 1, gamma : 0.3, noise : uniform, 
Running with estimator : ipw, regularization : True, sample_splits : 1, reg_lambda : 0.001, reg_lambda_tilde : 0.001, kernel : gauss, density : gaussian, bandwidth : 0.3, bandwidth_mode : heuristic, epsilon : 0.3, normalized : True, random_seed : 84, 
bias_direct: 0.11193841925466616
rmse_direct: 0.14474129332199084
bias_indirect: 0.0698275862068966
rmse_indirect: 0.07936276378669078
bias_total: 0.06916543839671126
rmse_total: 0.09365793603699187
bias_mr: 0.13456585117768408
rmse_mr: 0.18062939771132153
coverage: 0.0
