Experiment: expname : nonparametric_experiment, data : uniform, n_samples : 500, mediator_dimension : 1, covariate_dimension : 1, alpha : 0.0, beta : 0.0, stochasticity : 1, gamma : 0.3, noise : uniform, 
Running with estimator : kme_g_computation, regularization : True, sample_splits : 1, reg_lambda : 0.001, reg_lambda_tilde : 0.001, kernel : gauss, density : conditional_kernel, bandwidth : 0.3, bandwidth_mode : heuristic, epsilon : 0.1, normalized : True, random_seed : 37, 
bias_direct: 0.13299162220981184
rmse_direct: 0.16983822080940955
bias_indirect: 0.21613181111128735
rmse_indirect: 0.24387348710685156
bias_total: 0.09413613784914628
rmse_total: 0.12023858888533615
bias_mr: 0.11659877113556183
rmse_mr: 0.1375231045802038
coverage: 0.0
