Experiment: expname : nonparametric_experiment, data : uniform, n_samples : 5000, mediator_dimension : 1, covariate_dimension : 1, alpha : 0.0, beta : 0.0, stochasticity : 1, gamma : 0.3, noise : uniform, 
Running with estimator : ipw, regularization : True, sample_splits : 1, reg_lambda : 0.001, reg_lambda_tilde : 0.001, kernel : linear, density : conditional_kernel, bandwidth : 0.3, bandwidth_mode : heuristic, epsilon : 0.1, normalized : True, random_seed : 41, 
bias_direct: 0.08651763449068776
rmse_direct: 0.10990971735895394
bias_indirect: 0.03249134804402096
rmse_indirect: 0.03804149636382287
bias_total: 0.08816643318617395
rmse_total: 0.10762182539278038
bias_mr: 0.046952685592003544
rmse_mr: 0.06369455548729365
coverage: 0.0
