Experiment: expname : nonparametric_experiment, data : uniform, n_samples : 5000, mediator_dimension : 1, covariate_dimension : 1, alpha : 0.0, beta : 0.0, stochasticity : 1, gamma : 0.3, noise : uniform, 
Running with estimator : ipw, regularization : True, sample_splits : 1, reg_lambda : 0.001, reg_lambda_tilde : 0.001, kernel : gauss, density : conditional_kernel, bandwidth : 0.3, bandwidth_mode : heuristic, epsilon : 0.1, normalized : True, random_seed : 67, 
bias_direct: 0.09027084823269804
rmse_direct: 0.10468684730612553
bias_indirect: 0.029794936830489314
rmse_indirect: 0.03257883460693633
bias_total: 0.08309950011310092
rmse_total: 0.09185209295938393
bias_mr: 0.060606302406114386
rmse_mr: 0.0677780638905479
coverage: 0.0
