Experiment: expname : baselines_experiment, data : uniform, n_samples : 1000, mediator_dimension : 1, covariate_dimension : 1, alpha : 0.5, beta : 0.25, stochasticity : 1, gamma : 0.3, noise : uniform, 
Running with estimator : kme_g_computation, regularization : True, sample_splits : 1, reg_lambda : 0.001, reg_lambda_tilde : 0.001, kernel : gauss, density : gaussian, bandwidth : 0.3, bandwidth_mode : heuristic, epsilon : 0.3, normalized : True, random_seed : 39, 
bias_direct: 0.32747017622794533
rmse_direct: 0.4329679319527704
bias_indirect: 0.47405497146967357
rmse_indirect: 0.5907288255701909
bias_total: 0.14658479524172835
rmse_total: 0.1834395411289908
bias_mr: 0.38966963108026936
rmse_mr: 0.5144407860135308
coverage: 0.0
