Experiment: expname : baselines_experiment, data : uniform, n_samples : 500, mediator_dimension : 1, covariate_dimension : 1, alpha : 0.5, beta : 0.25, stochasticity : 1, gamma : 0.3, noise : uniform, 
Running with estimator : linear, regularization : True, sample_splits : 1, reg_lambda : 0.001, reg_lambda_tilde : 0.001, kernel : gauss, density : gaussian, bandwidth : 0.3, bandwidth_mode : heuristic, epsilon : 0.3, normalized : True, random_seed : 45, 
bias_direct: 0.3175351314659602
rmse_direct: 0.363080420279511
bias_indirect: 0.00820337601039165
rmse_indirect: 0.009323572930576502
bias_total: 0.31035262002575065
rmse_total: 0.35503452196746127
bias_mr: 0.30310742772392313
rmse_mr: 0.3227687637730872
coverage: 0.0
