Experiment: expname : nonparametric_experiment, data : uniform, n_samples : 500, mediator_dimension : 1, covariate_dimension : 1, alpha : 0.0, beta : 0.0, stochasticity : 1, gamma : 0.3, noise : uniform, 
Running with estimator : kme_dml, regularization : True, sample_splits : 1, reg_lambda : 0.001, reg_lambda_tilde : 0.001, kernel : linear, density : conditional_kernel, bandwidth : 0.3, bandwidth_mode : heuristic, epsilon : 0.1, normalized : True, random_seed : 49, 
bias_direct: 0.12217833738324449
rmse_direct: 0.13551650489854922
bias_indirect: 0.02365063631164528
rmse_indirect: 0.034361340471207674
bias_total: 0.10385048130666158
rmse_total: 0.12050222598847636
bias_mr: 0.06119197475028569
rmse_mr: 0.0724688179672575
coverage: 1.0
