Experiment: expname : nonparametric_experiment, data : uniform, n_samples : 1000, mediator_dimension : 1, covariate_dimension : 1, alpha : 0.0, beta : 0.0, stochasticity : 1, gamma : 0.3, noise : uniform, 
Running with estimator : kme_dml, regularization : True, sample_splits : 1, reg_lambda : 0.001, reg_lambda_tilde : 0.001, kernel : linear, density : gaussian, bandwidth : 0.3, bandwidth_mode : heuristic, epsilon : 0.1, normalized : True, random_seed : 74, 
bias_direct: 0.03347873816289138
rmse_direct: 0.04216104945651839
bias_indirect: 0.014474791085609952
rmse_indirect: 0.019796617056957483
bias_total: 0.0414337967602416
rmse_total: 0.04763969019018256
bias_mr: 0.02625978086724791
rmse_mr: 0.031167451872433936
coverage: 1.0
