Experiment: expname : baselines_experiment, data : uniform, n_samples : 5000, mediator_dimension : 1, covariate_dimension : 1, alpha : 0.5, beta : 0.25, stochasticity : 1, gamma : 0.3, noise : uniform, 
Running with estimator : ipw, regularization : True, sample_splits : 1, reg_lambda : 0.001, reg_lambda_tilde : 0.001, kernel : gauss, density : gaussian, bandwidth : 0.3, bandwidth_mode : heuristic, epsilon : 0.3, normalized : True, random_seed : 35, 
bias_direct: 0.06052959945143327
rmse_direct: 0.08540249534357294
bias_indirect: 0.06982758620689661
rmse_indirect: 0.07936276378669081
bias_total: 0.048772186609715044
rmse_total: 0.05948248203687569
bias_mr: 0.12354011374838747
rmse_mr: 0.18020275766118285
coverage: 0.0
