Experiment: expname : nonparametric_experiment, data : uniform, n_samples : 1000, mediator_dimension : 1, covariate_dimension : 1, alpha : 0.0, beta : 0.0, stochasticity : 1, gamma : 0.3, noise : uniform, 
Running with estimator : kme_dml, regularization : True, sample_splits : 1, reg_lambda : 0.001, reg_lambda_tilde : 0.001, kernel : linear, density : conditional_kernel, bandwidth : 0.3, bandwidth_mode : heuristic, epsilon : 0.1, normalized : True, random_seed : 39, 
bias_direct: 0.08287971762668597
rmse_direct: 0.09221951954020986
bias_indirect: 0.013735954224440919
rmse_indirect: 0.017787891047897287
bias_total: 0.08497288613702454
rmse_total: 0.09533618680736886
bias_mr: 0.07855165609574911
rmse_mr: 0.08611228975658568
coverage: 1.0
