Experiment: expname : nonparametric_experiment, data : uniform, n_samples : 500, mediator_dimension : 1, covariate_dimension : 1, alpha : 0.0, beta : 0.0, stochasticity : 1, gamma : 0.3, noise : uniform, 
Running with estimator : ipw, regularization : True, sample_splits : 1, reg_lambda : 0.001, reg_lambda_tilde : 0.001, kernel : gauss, density : conditional_kernel, bandwidth : 0.3, bandwidth_mode : heuristic, epsilon : 0.1, normalized : True, random_seed : 78, 
bias_direct: 0.2825158631235066
rmse_direct: 0.3174764346408286
bias_indirect: 0.02613797496508013
rmse_indirect: 0.03771742681594092
bias_total: 0.30528248528608587
rmse_total: 0.34618506556133005
bias_mr: 0.13079166502323233
rmse_mr: 0.1646845163742973
coverage: 0.0
