Experiment: expname : nonparametric_experiment, data : uniform, n_samples : 500, mediator_dimension : 1, covariate_dimension : 1, alpha : 0.0, beta : 0.0, stochasticity : 1, gamma : 0.3, noise : uniform, 
Running with estimator : kme_g_computation, regularization : True, sample_splits : 1, reg_lambda : 0.001, reg_lambda_tilde : 0.001, kernel : linear, density : conditional_kernel, bandwidth : 0.3, bandwidth_mode : heuristic, epsilon : 0.1, normalized : True, random_seed : 62, 
bias_direct: 0.1489942075509905
rmse_direct: 0.16967758218605322
bias_indirect: 0.10209437445067361
rmse_indirect: 0.11603567836570992
bias_total: 0.046899833100316896
rmse_total: 0.05383992806473559
bias_mr: 0.14973835954695183
rmse_mr: 0.17196594253998
coverage: 0.0
