Experiment: expname : nonparametric_experiment, data : uniform, n_samples : 5000, mediator_dimension : 1, covariate_dimension : 1, alpha : 0.0, beta : 0.0, stochasticity : 1, gamma : 0.3, noise : uniform, 
Running with estimator : kme_dml, regularization : True, sample_splits : 1, reg_lambda : 0.001, reg_lambda_tilde : 0.001, kernel : gauss, density : conditional_kernel, bandwidth : 0.3, bandwidth_mode : heuristic, epsilon : 0.1, normalized : True, random_seed : 76, 
bias_direct: 0.02397287860944452
rmse_direct: 0.034554081202841785
bias_indirect: 0.014923275006789626
rmse_indirect: 0.016214774417319333
bias_total: 0.029716280674320115
rmse_total: 0.04324236023538228
bias_mr: 0.03860572970822904
rmse_mr: 0.040601126843442394
coverage: 1.0
