Experiment: expname : nonparametric_experiment, data : uniform, n_samples : 500, mediator_dimension : 1, covariate_dimension : 1, alpha : 0.0, beta : 0.0, stochasticity : 1, gamma : 0.3, noise : uniform, 
Running with estimator : kme_g_computation, regularization : True, sample_splits : 1, reg_lambda : 0.001, reg_lambda_tilde : 0.001, kernel : linear, density : gaussian, bandwidth : 0.3, bandwidth_mode : heuristic, epsilon : 0.1, normalized : True, random_seed : 57, 
bias_direct: 0.18093791880142313
rmse_direct: 0.20545783924793032
bias_indirect: 0.19278985069909582
rmse_indirect: 0.21911590477393283
bias_total: 0.011851931897672694
rmse_total: 0.0171324862850344
bias_mr: 0.18129677870767202
rmse_mr: 0.2073988423310512
coverage: 0.0
