Experiment: expname : baselines_experiment, data : uniform, n_samples : 500, mediator_dimension : 1, covariate_dimension : 1, alpha : 0.5, beta : 0.25, stochasticity : 1, gamma : 0.3, noise : uniform, 
Running with estimator : linear, regularization : True, sample_splits : 1, reg_lambda : 0.001, reg_lambda_tilde : 0.001, kernel : gauss, density : gaussian, bandwidth : 0.3, bandwidth_mode : heuristic, epsilon : 0.3, normalized : True, random_seed : 97, 
bias_direct: 0.3090508460882596
rmse_direct: 0.35358298466227045
bias_indirect: 0.002562610652196042
rmse_indirect: 0.002912543235633218
bias_total: 0.3112945540815158
rmse_total: 0.35608613223632934
bias_mr: 0.2928895326006704
rmse_mr: 0.31320651980421654
coverage: 0.0
