Experiment: expname : nonparametric_experiment, data : uniform, n_samples : 500, mediator_dimension : 1, covariate_dimension : 1, alpha : 0.0, beta : 0.0, stochasticity : 1, gamma : 0.3, noise : uniform, 
Running with estimator : kme_dml, regularization : True, sample_splits : 1, reg_lambda : 0.001, reg_lambda_tilde : 0.001, kernel : linear, density : conditional_kernel, bandwidth : 0.3, bandwidth_mode : heuristic, epsilon : 0.1, normalized : True, random_seed : 43, 
bias_direct: 0.104909432293504
rmse_direct: 0.13789718296415873
bias_indirect: 0.01244316663235106
rmse_indirect: 0.016536175467553357
bias_total: 0.10399449879294984
rmse_total: 0.14026481793761117
bias_mr: 0.13932210282823837
rmse_mr: 0.16286383838159538
coverage: 0.6206896551724138
