Experiment: expname : nonparametric_experiment, data : uniform, n_samples : 5000, mediator_dimension : 1, covariate_dimension : 1, alpha : 0.0, beta : 0.0, stochasticity : 1, gamma : 0.3, noise : uniform, 
Running with estimator : kme_g_computation, regularization : True, sample_splits : 1, reg_lambda : 0.001, reg_lambda_tilde : 0.001, kernel : linear, density : gaussian, bandwidth : 0.3, bandwidth_mode : heuristic, epsilon : 0.1, normalized : True, random_seed : 68, 
bias_direct: 0.1646521657520976
rmse_direct: 0.18704747700792024
bias_indirect: 0.16602699053907793
rmse_indirect: 0.1886985030548373
bias_total: 0.002001735847369157
rmse_total: 0.0029409365949531023
bias_mr: 0.16430121625129163
rmse_mr: 0.18770385205512416
coverage: 0.0
