Experiment: expname : nonparametric_experiment, data : uniform, n_samples : 5000, mediator_dimension : 1, covariate_dimension : 1, alpha : 0.0, beta : 0.0, stochasticity : 1, gamma : 0.3, noise : uniform, 
Running with estimator : kme_dml, regularization : True, sample_splits : 1, reg_lambda : 0.001, reg_lambda_tilde : 0.001, kernel : linear, density : gaussian, bandwidth : 0.3, bandwidth_mode : heuristic, epsilon : 0.1, normalized : True, random_seed : 5, 
bias_direct: 0.0339610404824677
rmse_direct: 0.03805878419094505
bias_indirect: 0.015298133971848359
rmse_indirect: 0.017317210135847534
bias_total: 0.02397823792930412
rmse_total: 0.026862642329936327
bias_mr: 0.02444701774632327
rmse_mr: 0.03059822586062503
coverage: 1.0
