Experiment: expname : baselines_experiment, data : uniform, n_samples : 5000, mediator_dimension : 1, covariate_dimension : 1, alpha : 0.5, beta : 0.25, stochasticity : 1, gamma : 0.3, noise : uniform, 
Running with estimator : ipw, regularization : True, sample_splits : 1, reg_lambda : 0.001, reg_lambda_tilde : 0.001, kernel : gauss, density : gaussian, bandwidth : 0.3, bandwidth_mode : heuristic, epsilon : 0.3, normalized : True, random_seed : 67, 
bias_direct: 0.11160358020491577
rmse_direct: 0.1353798435014891
bias_indirect: 0.06982758620689665
rmse_indirect: 0.07936276378669088
bias_total: 0.07467405791208373
rmse_total: 0.08850324919651814
bias_mr: 0.15083856465274323
rmse_mr: 0.19061401415458912
coverage: 0.0
