Experiment: expname : nonparametric_experiment, data : uniform, n_samples : 500, mediator_dimension : 1, covariate_dimension : 1, alpha : 0.0, beta : 0.0, stochasticity : 1, gamma : 0.3, noise : uniform, 
Running with estimator : kme_dml, regularization : True, sample_splits : 1, reg_lambda : 0.001, reg_lambda_tilde : 0.001, kernel : linear, density : gaussian, bandwidth : 0.3, bandwidth_mode : heuristic, epsilon : 0.1, normalized : True, random_seed : 21, 
bias_direct: 0.07671594651764035
rmse_direct: 0.09157337179771408
bias_indirect: 0.025040440903065907
rmse_indirect: 0.02889931760387464
bias_total: 0.08948400642774565
rmse_total: 0.10853439240557325
bias_mr: 0.07875027250852763
rmse_mr: 0.09160661893269084
coverage: 1.0
