Experiment: expname : baselines_experiment, data : uniform, n_samples : 1000, mediator_dimension : 1, covariate_dimension : 1, alpha : 0.5, beta : 0.25, stochasticity : 1, gamma : 0.3, noise : uniform, 
Running with estimator : linear, regularization : True, sample_splits : 1, reg_lambda : 0.001, reg_lambda_tilde : 0.001, kernel : gauss, density : gaussian, bandwidth : 0.3, bandwidth_mode : heuristic, epsilon : 0.3, normalized : True, random_seed : 71, 
bias_direct: 0.27686784181525187
rmse_direct: 0.3180161166803554
bias_indirect: 0.016819406733077268
rmse_indirect: 0.019116149878565487
bias_total: 0.2911913341392916
rmse_total: 0.33389525218980043
bias_mr: 0.25625530608431346
rmse_mr: 0.2750062565775456
coverage: 0.0
