Experiment: expname : nonparametric_experiment, data : uniform, n_samples : 500, mediator_dimension : 1, covariate_dimension : 1, alpha : 0.0, beta : 0.0, stochasticity : 1, gamma : 0.3, noise : uniform, 
Running with estimator : kme_g_computation, regularization : True, sample_splits : 1, reg_lambda : 0.001, reg_lambda_tilde : 0.001, kernel : linear, density : conditional_kernel, bandwidth : 0.3, bandwidth_mode : heuristic, epsilon : 0.1, normalized : True, random_seed : 9, 
bias_direct: 0.14950952396962217
rmse_direct: 0.1700215680024919
bias_indirect: 0.18888361435956907
rmse_indirect: 0.21467626423393274
bias_total: 0.03937409038994688
rmse_total: 0.04470587268588634
bias_mr: 0.15271514069385608
rmse_mr: 0.17741465877229942
coverage: 0.0
