Experiment: expname : nonparametric_experiment, data : uniform, n_samples : 5000, mediator_dimension : 1, covariate_dimension : 1, alpha : 0.0, beta : 0.0, stochasticity : 1, gamma : 0.3, noise : uniform, 
Running with estimator : kme_g_computation, regularization : True, sample_splits : 1, reg_lambda : 0.001, reg_lambda_tilde : 0.001, kernel : linear, density : gaussian, bandwidth : 0.3, bandwidth_mode : heuristic, epsilon : 0.1, normalized : True, random_seed : 81, 
bias_direct: 0.16222273669421639
rmse_direct: 0.18464111683644027
bias_indirect: 0.164177464187934
rmse_indirect: 0.18659642311740657
bias_total: 0.0036212159991517888
rmse_total: 0.005173765297081568
bias_mr: 0.16132388257237226
rmse_mr: 0.18428956458814574
coverage: 0.0
