Experiment: expname : nonparametric_experiment, data : uniform, n_samples : 500, mediator_dimension : 1, covariate_dimension : 1, alpha : 0.0, beta : 0.0, stochasticity : 1, gamma : 0.3, noise : uniform, 
Running with estimator : kme_dml, regularization : True, sample_splits : 1, reg_lambda : 0.001, reg_lambda_tilde : 0.001, kernel : gauss, density : gaussian, bandwidth : 0.3, bandwidth_mode : heuristic, epsilon : 0.1, normalized : True, random_seed : 47, 
bias_direct: 0.06575576166641192
rmse_direct: 0.07055172430614473
bias_indirect: 0.025987083517918046
rmse_indirect: 0.038694840709251416
bias_total: 0.05187605261676106
rmse_total: 0.059434381478099554
bias_mr: 0.07005154954669573
rmse_mr: 0.08309959834624711
coverage: 1.0
