Experiment: expname : nonparametric_experiment, data : uniform, n_samples : 1000, mediator_dimension : 1, covariate_dimension : 1, alpha : 0.0, beta : 0.0, stochasticity : 1, gamma : 0.3, noise : uniform, 
Running with estimator : kme_g_computation, regularization : True, sample_splits : 1, reg_lambda : 0.001, reg_lambda_tilde : 0.001, kernel : gauss, density : gaussian, bandwidth : 0.3, bandwidth_mode : heuristic, epsilon : 0.1, normalized : True, random_seed : 49, 
bias_direct: 0.15512673473415547
rmse_direct: 0.17555167775231476
bias_indirect: 0.14497268904607055
rmse_indirect: 0.17606805594185282
bias_total: 0.04503499325632351
rmse_total: 0.05443080721991084
bias_mr: 0.16596059221157652
rmse_mr: 0.1919748717981273
coverage: 0.0
