Experiment: expname : nonparametric_experiment, data : uniform, n_samples : 1000, mediator_dimension : 1, covariate_dimension : 1, alpha : 0.0, beta : 0.0, stochasticity : 1, gamma : 0.3, noise : uniform, 
Running with estimator : ipw, regularization : True, sample_splits : 1, reg_lambda : 0.001, reg_lambda_tilde : 0.001, kernel : gauss, density : conditional_kernel, bandwidth : 0.3, bandwidth_mode : heuristic, epsilon : 0.1, normalized : True, random_seed : 5, 
bias_direct: 0.05883303685137357
rmse_direct: 0.07690789070598782
bias_indirect: 0.04112240434843562
rmse_indirect: 0.04563797084424646
bias_total: 0.06743530011728356
rmse_total: 0.09365138369716912
bias_mr: 0.05536888342223513
rmse_mr: 0.07463418286390863
coverage: 0.0
