Experiment: expname : nonparametric_experiment, data : uniform, n_samples : 5000, mediator_dimension : 1, covariate_dimension : 1, alpha : 0.0, beta : 0.0, stochasticity : 1, gamma : 0.3, noise : uniform, 
Running with estimator : kme_g_computation, regularization : True, sample_splits : 1, reg_lambda : 0.001, reg_lambda_tilde : 0.001, kernel : gauss, density : gaussian, bandwidth : 0.3, bandwidth_mode : heuristic, epsilon : 0.1, normalized : True, random_seed : 52, 
bias_direct: 0.17029088651667373
rmse_direct: 0.19181892392149316
bias_indirect: 0.1556440727275327
rmse_indirect: 0.18348810455800155
bias_total: 0.029413277813575125
rmse_total: 0.035085598161766186
bias_mr: 0.17783779946760472
rmse_mr: 0.20273826769063982
coverage: 0.0
