Experiment: expname : nonparametric_experiment, data : uniform, n_samples : 5000, mediator_dimension : 1, covariate_dimension : 1, alpha : 0.0, beta : 0.0, stochasticity : 1, gamma : 0.3, noise : uniform, 
Running with estimator : kme_dml, regularization : True, sample_splits : 1, reg_lambda : 0.001, reg_lambda_tilde : 0.001, kernel : gauss, density : gaussian, bandwidth : 0.3, bandwidth_mode : heuristic, epsilon : 0.1, normalized : True, random_seed : 60, 
bias_direct: 0.02916121961550906
rmse_direct: 0.03671159176439309
bias_indirect: 0.01385308466912878
rmse_indirect: 0.01983848511472456
bias_total: 0.02429311843916239
rmse_total: 0.028530432257065957
bias_mr: 0.03317121970351689
rmse_mr: 0.04335348255256215
coverage: 0.896551724137931
