Experiment: expname : nonparametric_experiment, data : uniform, n_samples : 5000, mediator_dimension : 1, covariate_dimension : 1, alpha : 0.0, beta : 0.0, stochasticity : 1, gamma : 0.3, noise : uniform, 
Running with estimator : kme_g_computation, regularization : True, sample_splits : 1, reg_lambda : 0.001, reg_lambda_tilde : 0.001, kernel : gauss, density : conditional_kernel, bandwidth : 0.3, bandwidth_mode : heuristic, epsilon : 0.1, normalized : True, random_seed : 93, 
bias_direct: 0.17313714448560277
rmse_direct: 0.1956877505402162
bias_indirect: 0.18477308043817148
rmse_indirect: 0.21055572375824191
bias_total: 0.020129833560906172
rmse_total: 0.03001877357058795
bias_mr: 0.17599636081939304
rmse_mr: 0.19883540882860207
coverage: 0.0
