Experiment: expname : nonparametric_experiment, data : uniform, n_samples : 500, mediator_dimension : 1, covariate_dimension : 1, alpha : 0.0, beta : 0.0, stochasticity : 1, gamma : 0.3, noise : uniform, 
Running with estimator : kme_g_computation, regularization : True, sample_splits : 1, reg_lambda : 0.001, reg_lambda_tilde : 0.001, kernel : gauss, density : gaussian, bandwidth : 0.3, bandwidth_mode : heuristic, epsilon : 0.1, normalized : True, random_seed : 33, 
bias_direct: 0.19011457194643727
rmse_direct: 0.21577204012142956
bias_indirect: 0.2632497313911857
rmse_indirect: 0.3656606691677382
bias_total: 0.15121696888440853
rmse_total: 0.20107694702798493
bias_mr: 0.2166501766021856
rmse_mr: 0.2710376495475167
coverage: 0.0
