Experiment: expname : baselines_experiment, data : uniform, n_samples : 500, mediator_dimension : 1, covariate_dimension : 1, alpha : 0.5, beta : 0.25, stochasticity : 1, gamma : 0.3, noise : uniform, 
Running with estimator : kme_dml, regularization : True, sample_splits : 1, reg_lambda : 0.001, reg_lambda_tilde : 0.001, kernel : gauss, density : gaussian, bandwidth : 0.3, bandwidth_mode : heuristic, epsilon : 0.3, normalized : True, random_seed : 90, 
bias_direct: 0.06936871813471775
rmse_direct: 0.08441058418571216
bias_indirect: 0.04413964047197085
rmse_indirect: 0.05641308111780244
bias_total: 0.0819950578831062
rmse_total: 0.10609693925834011
bias_mr: 0.10447115102657432
rmse_mr: 0.1192526368750784
coverage: 1.0
