Experiment: expname : nonparametric_experiment, data : uniform, n_samples : 500, mediator_dimension : 1, covariate_dimension : 1, alpha : 0.0, beta : 0.0, stochasticity : 1, gamma : 0.3, noise : uniform, 
Running with estimator : kme_dml, regularization : True, sample_splits : 1, reg_lambda : 0.001, reg_lambda_tilde : 0.001, kernel : linear, density : conditional_kernel, bandwidth : 0.3, bandwidth_mode : heuristic, epsilon : 0.1, normalized : True, random_seed : 24, 
bias_direct: 0.025141828503484648
rmse_direct: 0.03158834033717111
bias_indirect: 0.041065892892900385
rmse_indirect: 0.04419873691596185
bias_total: 0.039623299664667516
rmse_total: 0.05385365001573532
bias_mr: 0.10862134337195677
rmse_mr: 0.11168544986558503
coverage: 1.0
