Experiment: expname : nonparametric_experiment, data : uniform, n_samples : 5000, mediator_dimension : 1, covariate_dimension : 1, alpha : 0.0, beta : 0.0, stochasticity : 1, gamma : 0.3, noise : uniform, 
Running with estimator : kme_g_computation, regularization : True, sample_splits : 1, reg_lambda : 0.001, reg_lambda_tilde : 0.001, kernel : linear, density : conditional_kernel, bandwidth : 0.3, bandwidth_mode : heuristic, epsilon : 0.1, normalized : True, random_seed : 16, 
bias_direct: 0.1665097365243789
rmse_direct: 0.18918661108423523
bias_indirect: 0.16247639162377842
rmse_indirect: 0.1846630565979647
bias_total: 0.004033344900600479
rmse_total: 0.004777371367492354
bias_mr: 0.16854074538611888
rmse_mr: 0.19408882850984652
coverage: 0.0
