Experiment: expname : nonparametric_experiment, data : uniform, n_samples : 1000, mediator_dimension : 1, covariate_dimension : 1, alpha : 0.0, beta : 0.0, stochasticity : 1, gamma : 0.3, noise : uniform, 
Running with estimator : kme_dml, regularization : True, sample_splits : 1, reg_lambda : 0.001, reg_lambda_tilde : 0.001, kernel : gauss, density : gaussian, bandwidth : 0.3, bandwidth_mode : heuristic, epsilon : 0.1, normalized : True, random_seed : 24, 
bias_direct: 0.0788625175573958
rmse_direct: 0.09713595065728084
bias_indirect: 0.02076743215724168
rmse_indirect: 0.029588738528873715
bias_total: 0.09481995032521394
rmse_total: 0.11143377299031011
bias_mr: 0.053424362286828356
rmse_mr: 0.0668243367462902
coverage: 1.0
