Experiment: expname : baselines_experiment, data : uniform, n_samples : 500, mediator_dimension : 1, covariate_dimension : 1, alpha : 0.5, beta : 0.25, stochasticity : 1, gamma : 0.3, noise : uniform, 
Running with estimator : kme_g_computation, regularization : True, sample_splits : 1, reg_lambda : 0.001, reg_lambda_tilde : 0.001, kernel : gauss, density : gaussian, bandwidth : 0.3, bandwidth_mode : heuristic, epsilon : 0.3, normalized : True, random_seed : 93, 
bias_direct: 0.3738468487338961
rmse_direct: 0.498092195236298
bias_indirect: 0.3299811234143607
rmse_indirect: 0.4485464220839948
bias_total: 0.0483950603031652
rmse_total: 0.08173437589190716
bias_mr: 0.38146264758804704
rmse_mr: 0.5067592278716102
coverage: 0.0
