Experiment: expname : nonparametric_experiment, data : uniform, n_samples : 500, mediator_dimension : 1, covariate_dimension : 1, alpha : 0.0, beta : 0.0, stochasticity : 1, gamma : 0.3, noise : uniform, 
Running with estimator : ipw, regularization : True, sample_splits : 1, reg_lambda : 0.001, reg_lambda_tilde : 0.001, kernel : linear, density : gaussian, bandwidth : 0.3, bandwidth_mode : heuristic, epsilon : 0.1, normalized : True, random_seed : 89, 
bias_direct: 0.24183643781456887
rmse_direct: 0.29070549972483345
bias_indirect: 0.06982758620689662
rmse_indirect: 0.07936276378669078
bias_total: 0.21399081673918338
rmse_total: 0.2575172581910566
bias_mr: 0.2051441697956548
rmse_mr: 0.2324200378032536
coverage: 0.0
