Experiment: expname : baselines_experiment, data : uniform, n_samples : 500, mediator_dimension : 1, covariate_dimension : 1, alpha : 0.5, beta : 0.25, stochasticity : 1, gamma : 0.3, noise : uniform, 
Running with estimator : kme_g_computation, regularization : True, sample_splits : 1, reg_lambda : 0.001, reg_lambda_tilde : 0.001, kernel : gauss, density : gaussian, bandwidth : 0.3, bandwidth_mode : heuristic, epsilon : 0.3, normalized : True, random_seed : 53, 
bias_direct: 0.3465518154811322
rmse_direct: 0.46043198648538713
bias_indirect: 0.404783964343501
rmse_indirect: 0.5212829116975329
bias_total: 0.059857334167566105
rmse_total: 0.0836712602041206
bias_mr: 0.3791542289034338
rmse_mr: 0.5035342329755254
coverage: 0.0
