Experiment: expname : nonparametric_experiment, data : uniform, n_samples : 500, mediator_dimension : 1, covariate_dimension : 1, alpha : 0.0, beta : 0.0, stochasticity : 1, gamma : 0.3, noise : uniform, 
Running with estimator : ipw, regularization : True, sample_splits : 1, reg_lambda : 0.001, reg_lambda_tilde : 0.001, kernel : linear, density : gaussian, bandwidth : 0.3, bandwidth_mode : heuristic, epsilon : 0.1, normalized : True, random_seed : 88, 
bias_direct: 0.1939595460457696
rmse_direct: 0.2159138302760129
bias_indirect: 0.0698275862068966
rmse_indirect: 0.07936276378669078
bias_total: 0.19861471845956263
rmse_total: 0.22825883997161087
bias_mr: 0.09249475272098463
rmse_mr: 0.11393489970489133
coverage: 0.0
