Experiment: expname : nonparametric_experiment, data : uniform, n_samples : 500, mediator_dimension : 1, covariate_dimension : 1, alpha : 0.0, beta : 0.0, stochasticity : 1, gamma : 0.3, noise : uniform, 
Running with estimator : kme_dml, regularization : True, sample_splits : 1, reg_lambda : 0.001, reg_lambda_tilde : 0.001, kernel : linear, density : conditional_kernel, bandwidth : 0.3, bandwidth_mode : heuristic, epsilon : 0.1, normalized : True, random_seed : 34, 
bias_direct: 0.025358658301624884
rmse_direct: 0.04175418857665677
bias_indirect: 0.013555588210548647
rmse_indirect: 0.021329235050628552
bias_total: 0.035740597328428304
rmse_total: 0.06072845282726005
bias_mr: 0.07580588262347276
rmse_mr: 0.0910740520047577
coverage: 0.9310344827586207
