Experiment: expname : nonparametric_experiment, data : uniform, n_samples : 1000, mediator_dimension : 1, covariate_dimension : 1, alpha : 0.0, beta : 0.0, stochasticity : 1, gamma : 0.3, noise : uniform, 
Running with estimator : kme_dml, regularization : True, sample_splits : 1, reg_lambda : 0.001, reg_lambda_tilde : 0.001, kernel : linear, density : gaussian, bandwidth : 0.3, bandwidth_mode : heuristic, epsilon : 0.1, normalized : True, random_seed : 60, 
bias_direct: 0.07407966168761267
rmse_direct: 0.09846262448744536
bias_indirect: 0.009628281188420346
rmse_indirect: 0.013673061655042335
bias_total: 0.07628618621831806
rmse_total: 0.0962006082493504
bias_mr: 0.06722286189544392
rmse_mr: 0.07111772415770354
coverage: 1.0
