Experiment: expname : nonparametric_experiment, data : uniform, n_samples : 1000, mediator_dimension : 1, covariate_dimension : 1, alpha : 0.0, beta : 0.0, stochasticity : 1, gamma : 0.3, noise : uniform, 
Running with estimator : ipw, regularization : True, sample_splits : 1, reg_lambda : 0.001, reg_lambda_tilde : 0.001, kernel : linear, density : conditional_kernel, bandwidth : 0.3, bandwidth_mode : heuristic, epsilon : 0.1, normalized : True, random_seed : 46, 
bias_direct: 0.12486092704036258
rmse_direct: 0.14560151288935588
bias_indirect: 0.02772727415574622
rmse_indirect: 0.035226286504751854
bias_total: 0.12258859987682533
rmse_total: 0.1421658407199248
bias_mr: 0.1265237829446729
rmse_mr: 0.15279969746518882
coverage: 0.0
