Experiment: expname : nonparametric_experiment, data : uniform, n_samples : 5000, mediator_dimension : 1, covariate_dimension : 1, alpha : 0.0, beta : 0.0, stochasticity : 1, gamma : 0.3, noise : uniform, 
Running with estimator : kme_dml, regularization : True, sample_splits : 1, reg_lambda : 0.001, reg_lambda_tilde : 0.001, kernel : gauss, density : conditional_kernel, bandwidth : 0.3, bandwidth_mode : heuristic, epsilon : 0.1, normalized : True, random_seed : 6, 
bias_direct: 0.04367765666485181
rmse_direct: 0.06353390614727962
bias_indirect: 0.011802138690517735
rmse_indirect: 0.014072342572015674
bias_total: 0.05252852442569295
rmse_total: 0.07410774028285658
bias_mr: 0.0537841782525607
rmse_mr: 0.06137941307872269
coverage: 0.6896551724137931
