Experiment: expname : nonparametric_experiment, data : uniform, n_samples : 5000, mediator_dimension : 1, covariate_dimension : 1, alpha : 0.0, beta : 0.0, stochasticity : 1, gamma : 0.3, noise : uniform, 
Running with estimator : kme_dml, regularization : True, sample_splits : 1, reg_lambda : 0.001, reg_lambda_tilde : 0.001, kernel : linear, density : gaussian, bandwidth : 0.3, bandwidth_mode : heuristic, epsilon : 0.1, normalized : True, random_seed : 45, 
bias_direct: 0.02042398155634721
rmse_direct: 0.02707595658247365
bias_indirect: 0.005967146122214515
rmse_indirect: 0.0067612013890971006
bias_total: 0.020844507216053094
rmse_total: 0.026972715812744748
bias_mr: 0.019703924218569167
rmse_mr: 0.026747063715489627
coverage: 1.0
