Experiment: expname : baselines_experiment, data : uniform, n_samples : 1000, mediator_dimension : 1, covariate_dimension : 1, alpha : 0.5, beta : 0.25, stochasticity : 1, gamma : 0.3, noise : uniform, 
Running with estimator : ipw, regularization : True, sample_splits : 1, reg_lambda : 0.001, reg_lambda_tilde : 0.001, kernel : gauss, density : gaussian, bandwidth : 0.3, bandwidth_mode : heuristic, epsilon : 0.3, normalized : True, random_seed : 10, 
bias_direct: 0.13654902041530215
rmse_direct: 0.15926541149049966
bias_indirect: 0.06982758620689661
rmse_indirect: 0.07936276378669078
bias_total: 0.10775057823076263
rmse_total: 0.13746653173118212
bias_mr: 0.16710141448726396
rmse_mr: 0.20778746269477041
coverage: 0.0
