Experiment: expname : nonparametric_experiment, data : uniform, n_samples : 1000, mediator_dimension : 1, covariate_dimension : 1, alpha : 0.0, beta : 0.0, stochasticity : 1, gamma : 0.3, noise : uniform, 
Running with estimator : kme_dml, regularization : True, sample_splits : 1, reg_lambda : 0.001, reg_lambda_tilde : 0.001, kernel : gauss, density : gaussian, bandwidth : 0.3, bandwidth_mode : heuristic, epsilon : 0.1, normalized : True, random_seed : 22, 
bias_direct: 0.06519733941163605
rmse_direct: 0.06954619335487214
bias_indirect: 0.025560131138786538
rmse_indirect: 0.03139160983587887
bias_total: 0.0609281101047967
rmse_total: 0.07331597223588915
bias_mr: 0.07681625863857534
rmse_mr: 0.10141521489887692
coverage: 0.7931034482758621
