Experiment: expname : baselines_experiment, data : uniform, n_samples : 1000, mediator_dimension : 1, covariate_dimension : 1, alpha : 0.5, beta : 0.25, stochasticity : 1, gamma : 0.3, noise : uniform, 
Running with estimator : kme_g_computation, regularization : True, sample_splits : 1, reg_lambda : 0.001, reg_lambda_tilde : 0.001, kernel : gauss, density : gaussian, bandwidth : 0.3, bandwidth_mode : heuristic, epsilon : 0.3, normalized : True, random_seed : 48, 
bias_direct: 0.4007446997825662
rmse_direct: 0.5231625048189733
bias_indirect: 0.4443627885310222
rmse_indirect: 0.5815944487797468
bias_total: 0.06143592208555236
rmse_total: 0.09201198589094993
bias_mr: 0.39822101735879106
rmse_mr: 0.5143582846374276
coverage: 0.0
