Experiment: expname : nonparametric_experiment, data : uniform, n_samples : 5000, mediator_dimension : 1, covariate_dimension : 1, alpha : 0.0, beta : 0.0, stochasticity : 1, gamma : 0.3, noise : uniform, 
Running with estimator : ipw, regularization : True, sample_splits : 1, reg_lambda : 0.001, reg_lambda_tilde : 0.001, kernel : linear, density : gaussian, bandwidth : 0.3, bandwidth_mode : heuristic, epsilon : 0.1, normalized : True, random_seed : 87, 
bias_direct: 0.11042328391683041
rmse_direct: 0.1343829971913923
bias_indirect: 0.06982758620689654
rmse_indirect: 0.07936276378669073
bias_total: 0.10103974151345343
rmse_total: 0.11268213365220602
bias_mr: 0.09727462639931508
rmse_mr: 0.10989054432906921
coverage: 0.0
