Experiment: expname : nonparametric_experiment, data : uniform, n_samples : 5000, mediator_dimension : 1, covariate_dimension : 1, alpha : 0.0, beta : 0.0, stochasticity : 1, gamma : 0.3, noise : uniform, 
Running with estimator : kme_g_computation, regularization : True, sample_splits : 1, reg_lambda : 0.001, reg_lambda_tilde : 0.001, kernel : linear, density : conditional_kernel, bandwidth : 0.3, bandwidth_mode : heuristic, epsilon : 0.1, normalized : True, random_seed : 2, 
bias_direct: 0.1611823269136974
rmse_direct: 0.18305468486877366
bias_indirect: 0.1667078913608755
rmse_indirect: 0.18947238401763797
bias_total: 0.005525564447178073
rmse_total: 0.007859820757434112
bias_mr: 0.1608070479291049
rmse_mr: 0.18353391894183396
coverage: 0.0
