Experiment: expname : baselines_experiment, data : uniform, n_samples : 5000, mediator_dimension : 1, covariate_dimension : 1, alpha : 0.5, beta : 0.25, stochasticity : 1, gamma : 0.3, noise : uniform, 
Running with estimator : kme_g_computation, regularization : True, sample_splits : 1, reg_lambda : 0.001, reg_lambda_tilde : 0.001, kernel : gauss, density : gaussian, bandwidth : 0.3, bandwidth_mode : heuristic, epsilon : 0.3, normalized : True, random_seed : 52, 
bias_direct: 0.3882536442614296
rmse_direct: 0.5036421302954666
bias_indirect: 0.3971922689755101
rmse_indirect: 0.5232353576111832
bias_total: 0.025947867885831335
rmse_total: 0.03470932240165309
bias_mr: 0.4004914341311341
rmse_mr: 0.5223063702793256
coverage: 0.0
