Experiment: expname : nonparametric_experiment, data : uniform, n_samples : 1000, mediator_dimension : 1, covariate_dimension : 1, alpha : 0.0, beta : 0.0, stochasticity : 1, gamma : 0.3, noise : uniform, 
Running with estimator : kme_dml, regularization : True, sample_splits : 1, reg_lambda : 0.001, reg_lambda_tilde : 0.001, kernel : linear, density : conditional_kernel, bandwidth : 0.3, bandwidth_mode : heuristic, epsilon : 0.1, normalized : True, random_seed : 64, 
bias_direct: 0.02704827617505261
rmse_direct: 0.03972378526851005
bias_indirect: 0.014924912355577132
rmse_indirect: 0.021372844126972185
bias_total: 0.02195919552786665
rmse_total: 0.027676263889570837
bias_mr: 0.024743960549017476
rmse_mr: 0.02695903483264985
coverage: 1.0
