Experiment: expname : baselines_experiment, data : uniform, n_samples : 1000, mediator_dimension : 1, covariate_dimension : 1, alpha : 0.5, beta : 0.25, stochasticity : 1, gamma : 0.3, noise : uniform, 
Running with estimator : linear, regularization : True, sample_splits : 1, reg_lambda : 0.001, reg_lambda_tilde : 0.001, kernel : gauss, density : gaussian, bandwidth : 0.3, bandwidth_mode : heuristic, epsilon : 0.3, normalized : True, random_seed : 30, 
bias_direct: 0.2952371423888804
rmse_direct: 0.3383164122068241
bias_indirect: 0.01995148333905486
rmse_indirect: 0.022675921443710462
bias_total: 0.27799930730374284
rmse_total: 0.31940735233075357
bias_mr: 0.27772632148935433
rmse_mr: 0.296601017976299
coverage: 0.0
