Experiment: expname : nonparametric_experiment, data : uniform, n_samples : 1000, mediator_dimension : 1, covariate_dimension : 1, alpha : 0.0, beta : 0.0, stochasticity : 1, gamma : 0.3, noise : uniform, 
Running with estimator : kme_g_computation, regularization : True, sample_splits : 1, reg_lambda : 0.001, reg_lambda_tilde : 0.001, kernel : gauss, density : conditional_kernel, bandwidth : 0.3, bandwidth_mode : heuristic, epsilon : 0.1, normalized : True, random_seed : 60, 
bias_direct: 0.16682467489571412
rmse_direct: 0.18897217849019615
bias_indirect: 0.23716985067964086
rmse_indirect: 0.2665181470238096
bias_total: 0.07851955670219003
rmse_total: 0.09514317285896627
bias_mr: 0.17275395409280456
rmse_mr: 0.1986849198905202
coverage: 0.0
