Experiment: expname : nonparametric_experiment, data : uniform, n_samples : 5000, mediator_dimension : 1, covariate_dimension : 1, alpha : 0.0, beta : 0.0, stochasticity : 1, gamma : 0.3, noise : uniform, 
Running with estimator : ipw, regularization : True, sample_splits : 1, reg_lambda : 0.001, reg_lambda_tilde : 0.001, kernel : linear, density : gaussian, bandwidth : 0.3, bandwidth_mode : heuristic, epsilon : 0.1, normalized : True, random_seed : 71, 
bias_direct: 0.04706715135023377
rmse_direct: 0.06028116688064438
bias_indirect: 0.06982758620689661
rmse_indirect: 0.07936276378669078
bias_total: 0.05618209021127092
rmse_total: 0.06826820526444079
bias_mr: 0.04970337051742967
rmse_mr: 0.061766672471208546
coverage: 0.0
