Experiment: expname : nonparametric_experiment, data : uniform, n_samples : 1000, mediator_dimension : 1, covariate_dimension : 1, alpha : 0.0, beta : 0.0, stochasticity : 1, gamma : 0.3, noise : uniform, 
Running with estimator : kme_dml, regularization : True, sample_splits : 1, reg_lambda : 0.001, reg_lambda_tilde : 0.001, kernel : gauss, density : conditional_kernel, bandwidth : 0.3, bandwidth_mode : heuristic, epsilon : 0.1, normalized : True, random_seed : 85, 
bias_direct: 0.0836124803749164
rmse_direct: 0.10058112081632645
bias_indirect: 0.04896465424473592
rmse_indirect: 0.053837633464588815
bias_total: 0.08387841933568983
rmse_total: 0.09445629583735698
bias_mr: 0.05659094719925836
rmse_mr: 0.07279620341015505
coverage: 1.0
