Experiment: expname : baselines_experiment, data : uniform, n_samples : 5000, mediator_dimension : 1, covariate_dimension : 1, alpha : 0.5, beta : 0.25, stochasticity : 1, gamma : 0.3, noise : uniform, 
Running with estimator : kme_dml, regularization : True, sample_splits : 1, reg_lambda : 0.001, reg_lambda_tilde : 0.001, kernel : gauss, density : gaussian, bandwidth : 0.3, bandwidth_mode : heuristic, epsilon : 0.3, normalized : True, random_seed : 18, 
bias_direct: 0.029780371736198255
rmse_direct: 0.03946334486975736
bias_indirect: 0.004793315354766447
rmse_indirect: 0.006783423772546866
bias_total: 0.030413689762677033
rmse_total: 0.04127181673982462
bias_mr: 0.02511482251382265
rmse_mr: 0.029974549844926597
coverage: 1.0
