Experiment: expname : baselines_experiment, data : uniform, n_samples : 1000, mediator_dimension : 1, covariate_dimension : 1, alpha : 0.5, beta : 0.25, stochasticity : 1, gamma : 0.3, noise : uniform, 
Running with estimator : kme_dml, regularization : True, sample_splits : 1, reg_lambda : 0.001, reg_lambda_tilde : 0.001, kernel : gauss, density : gaussian, bandwidth : 0.3, bandwidth_mode : heuristic, epsilon : 0.3, normalized : True, random_seed : 90, 
bias_direct: 0.02452159432810716
rmse_direct: 0.0299626147160596
bias_indirect: 0.031508924335592096
rmse_indirect: 0.03892043338500533
bias_total: 0.024961727650996156
rmse_total: 0.03347159329848505
bias_mr: 0.06725338645409358
rmse_mr: 0.08714615105903194
coverage: 1.0
