Experiment: expname : nonparametric_experiment, data : uniform, n_samples : 5000, mediator_dimension : 1, covariate_dimension : 1, alpha : 0.0, beta : 0.0, stochasticity : 1, gamma : 0.3, noise : uniform, 
Running with estimator : ipw, regularization : True, sample_splits : 1, reg_lambda : 0.001, reg_lambda_tilde : 0.001, kernel : linear, density : conditional_kernel, bandwidth : 0.3, bandwidth_mode : heuristic, epsilon : 0.1, normalized : True, random_seed : 9, 
bias_direct: 0.04777611050436846
rmse_direct: 0.05836664898991036
bias_indirect: 0.021558424499782826
rmse_indirect: 0.02519343985495152
bias_total: 0.059080106305800496
rmse_total: 0.07131020666126474
bias_mr: 0.0358408605674231
rmse_mr: 0.04563170198661415
coverage: 0.0
