Experiment: expname : nonparametric_experiment, data : uniform, n_samples : 1000, mediator_dimension : 1, covariate_dimension : 1, alpha : 0.0, beta : 0.0, stochasticity : 1, gamma : 0.3, noise : uniform, 
Running with estimator : ipw, regularization : True, sample_splits : 1, reg_lambda : 0.001, reg_lambda_tilde : 0.001, kernel : linear, density : conditional_kernel, bandwidth : 0.3, bandwidth_mode : heuristic, epsilon : 0.1, normalized : True, random_seed : 52, 
bias_direct: 0.12361570326115444
rmse_direct: 0.1459388565645903
bias_indirect: 0.05504182538816563
rmse_indirect: 0.06393622186398373
bias_total: 0.10230474109179957
rmse_total: 0.12667096731098446
bias_mr: 0.0826394310635412
rmse_mr: 0.09397444652309078
coverage: 0.0
