Experiment: expname : baselines_experiment, data : uniform, n_samples : 1000, mediator_dimension : 1, covariate_dimension : 1, alpha : 0.5, beta : 0.25, stochasticity : 1, gamma : 0.3, noise : uniform, 
Running with estimator : kme_g_computation, regularization : True, sample_splits : 1, reg_lambda : 0.001, reg_lambda_tilde : 0.001, kernel : gauss, density : gaussian, bandwidth : 0.3, bandwidth_mode : heuristic, epsilon : 0.3, normalized : True, random_seed : 86, 
bias_direct: 0.36361396950839453
rmse_direct: 0.46988836110291243
bias_indirect: 0.41666173606171814
rmse_indirect: 0.5406020508070053
bias_total: 0.05668098600911113
rmse_total: 0.0828806697236575
bias_mr: 0.39219468903544746
rmse_mr: 0.505938644938389
coverage: 0.0
