Experiment: expname : nonparametric_experiment, data : uniform, n_samples : 5000, mediator_dimension : 1, covariate_dimension : 1, alpha : 0.0, beta : 0.0, stochasticity : 1, gamma : 0.3, noise : uniform, 
Running with estimator : kme_dml, regularization : True, sample_splits : 1, reg_lambda : 0.001, reg_lambda_tilde : 0.001, kernel : gauss, density : gaussian, bandwidth : 0.3, bandwidth_mode : heuristic, epsilon : 0.1, normalized : True, random_seed : 3, 
bias_direct: 0.023694492584331275
rmse_direct: 0.027936898329932132
bias_indirect: 0.010192683803406873
rmse_indirect: 0.01235383717635083
bias_total: 0.01601241784932016
rmse_total: 0.020042594871268922
bias_mr: 0.03286271129504846
rmse_mr: 0.04133032178089726
coverage: 0.896551724137931
