Experiment: expname : nonparametric_experiment, data : uniform, n_samples : 500, mediator_dimension : 1, covariate_dimension : 1, alpha : 0.0, beta : 0.0, stochasticity : 1, gamma : 0.3, noise : uniform, 
Running with estimator : ipw, regularization : True, sample_splits : 1, reg_lambda : 0.001, reg_lambda_tilde : 0.001, kernel : gauss, density : conditional_kernel, bandwidth : 0.3, bandwidth_mode : heuristic, epsilon : 0.1, normalized : True, random_seed : 76, 
bias_direct: 0.2096999055947509
rmse_direct: 0.23854572554868028
bias_indirect: 0.04045071358081452
rmse_indirect: 0.05124274045199336
bias_total: 0.2276936722004988
rmse_total: 0.2545792748485478
bias_mr: 0.2057352687573829
rmse_mr: 0.23530224746104375
coverage: 0.0
