Experiment: expname : nonparametric_experiment, data : uniform, n_samples : 1000, mediator_dimension : 1, covariate_dimension : 1, alpha : 0.0, beta : 0.0, stochasticity : 1, gamma : 0.3, noise : uniform, 
Running with estimator : ipw, regularization : True, sample_splits : 1, reg_lambda : 0.001, reg_lambda_tilde : 0.001, kernel : linear, density : gaussian, bandwidth : 0.3, bandwidth_mode : heuristic, epsilon : 0.1, normalized : True, random_seed : 28, 
bias_direct: 0.1395731353836111
rmse_direct: 0.17561950955467806
bias_indirect: 0.06982758620689661
rmse_indirect: 0.07936276378669077
bias_total: 0.10456802219640231
rmse_total: 0.1227845348321156
bias_mr: 0.14773351461153433
rmse_mr: 0.17751534902572455
coverage: 0.0
