Experiment: expname : nonparametric_experiment, data : uniform, n_samples : 1000, mediator_dimension : 1, covariate_dimension : 1, alpha : 0.0, beta : 0.0, stochasticity : 1, gamma : 0.3, noise : uniform, 
Running with estimator : ipw, regularization : True, sample_splits : 1, reg_lambda : 0.001, reg_lambda_tilde : 0.001, kernel : linear, density : gaussian, bandwidth : 0.3, bandwidth_mode : heuristic, epsilon : 0.1, normalized : True, random_seed : 33, 
bias_direct: 0.1851940011405959
rmse_direct: 0.21800133414564163
bias_indirect: 0.0698275862068966
rmse_indirect: 0.07936276378669078
bias_total: 0.1330241111059293
rmse_total: 0.17445603896581013
bias_mr: 0.16708308275482767
rmse_mr: 0.2011858051021032
coverage: 0.0
