Experiment: expname : nonparametric_experiment, data : uniform, n_samples : 1000, mediator_dimension : 1, covariate_dimension : 1, alpha : 0.0, beta : 0.0, stochasticity : 1, gamma : 0.3, noise : uniform, 
Running with estimator : kme_dml, regularization : True, sample_splits : 1, reg_lambda : 0.001, reg_lambda_tilde : 0.001, kernel : linear, density : gaussian, bandwidth : 0.3, bandwidth_mode : heuristic, epsilon : 0.1, normalized : True, random_seed : 50, 
bias_direct: 0.1004183482916074
rmse_direct: 0.12779555926695957
bias_indirect: 0.015108848172735221
rmse_indirect: 0.018698106425242344
bias_total: 0.0867767240754896
rmse_total: 0.11648726631022621
bias_mr: 0.07717939686259406
rmse_mr: 0.10005521464431444
coverage: 0.8620689655172413
