Experiment: expname : nonparametric_experiment, data : uniform, n_samples : 1000, mediator_dimension : 1, covariate_dimension : 1, alpha : 0.0, beta : 0.0, stochasticity : 1, gamma : 0.3, noise : uniform, 
Running with estimator : ipw, regularization : True, sample_splits : 1, reg_lambda : 0.001, reg_lambda_tilde : 0.001, kernel : linear, density : gaussian, bandwidth : 0.3, bandwidth_mode : heuristic, epsilon : 0.1, normalized : True, random_seed : 92, 
bias_direct: 0.14032288673266533
rmse_direct: 0.1619165477009132
bias_indirect: 0.06982758620689661
rmse_indirect: 0.07936276378669078
bias_total: 0.13673367622079724
rmse_total: 0.15745578221565595
bias_mr: 0.09797887775701938
rmse_mr: 0.11713374117112815
coverage: 0.0
