Experiment: expname : baselines_experiment, data : uniform, n_samples : 1000, mediator_dimension : 1, covariate_dimension : 1, alpha : 0.5, beta : 0.25, stochasticity : 1, gamma : 0.3, noise : uniform, 
Running with estimator : ipw, regularization : True, sample_splits : 1, reg_lambda : 0.001, reg_lambda_tilde : 0.001, kernel : gauss, density : gaussian, bandwidth : 0.3, bandwidth_mode : heuristic, epsilon : 0.3, normalized : True, random_seed : 22, 
bias_direct: 0.13491515046877667
rmse_direct: 0.17438551817799144
bias_indirect: 0.06982758620689661
rmse_indirect: 0.07936276378669078
bias_total: 0.12517897194506272
rmse_total: 0.1581214126069694
bias_mr: 0.14817179025455846
rmse_mr: 0.1808810170033726
coverage: 0.0
