Experiment: expname : nonparametric_experiment, data : uniform, n_samples : 1000, mediator_dimension : 1, covariate_dimension : 1, alpha : 0.0, beta : 0.0, stochasticity : 1, gamma : 0.3, noise : uniform, 
Running with estimator : kme_dml, regularization : True, sample_splits : 1, reg_lambda : 0.001, reg_lambda_tilde : 0.001, kernel : gauss, density : conditional_kernel, bandwidth : 0.3, bandwidth_mode : heuristic, epsilon : 0.1, normalized : True, random_seed : 10, 
bias_direct: 0.05149357417753945
rmse_direct: 0.06835479342349221
bias_indirect: 0.03742687694679264
rmse_indirect: 0.04543320055982208
bias_total: 0.03890239183858714
rmse_total: 0.04606040674348318
bias_mr: 0.03768909668632908
rmse_mr: 0.047256067240368134
coverage: 1.0
