Experiment: expname : nonparametric_experiment, data : uniform, n_samples : 500, mediator_dimension : 1, covariate_dimension : 1, alpha : 0.0, beta : 0.0, stochasticity : 1, gamma : 0.3, noise : uniform, 
Running with estimator : kme_g_computation, regularization : True, sample_splits : 1, reg_lambda : 0.001, reg_lambda_tilde : 0.001, kernel : linear, density : conditional_kernel, bandwidth : 0.3, bandwidth_mode : heuristic, epsilon : 0.1, normalized : True, random_seed : 70, 
bias_direct: 0.1504572575719756
rmse_direct: 0.1708535067023806
bias_indirect: 0.15647254193201154
rmse_indirect: 0.17783934048501338
bias_total: 0.007944841985353423
rmse_total: 0.011861868472727797
bias_mr: 0.16244521451565833
rmse_mr: 0.19356389427389228
coverage: 0.0
