Experiment: expname : nonparametric_experiment, data : uniform, n_samples : 500, mediator_dimension : 1, covariate_dimension : 1, alpha : 0.0, beta : 0.0, stochasticity : 1, gamma : 0.3, noise : uniform, 
Running with estimator : kme_g_computation, regularization : True, sample_splits : 1, reg_lambda : 0.001, reg_lambda_tilde : 0.001, kernel : linear, density : gaussian, bandwidth : 0.3, bandwidth_mode : heuristic, epsilon : 0.1, normalized : True, random_seed : 3, 
bias_direct: 0.15599303417983654
rmse_direct: 0.17728048511946
bias_indirect: 0.23692548074207817
rmse_indirect: 0.26927844353034036
bias_total: 0.08093244656224163
rmse_total: 0.09199845023294342
bias_mr: 0.16033088502038706
rmse_mr: 0.18676932653966263
coverage: 0.0
