Experiment: expname : baselines_experiment, data : uniform, n_samples : 5000, mediator_dimension : 1, covariate_dimension : 1, alpha : 0.5, beta : 0.25, stochasticity : 1, gamma : 0.3, noise : uniform, 
Running with estimator : ipw, regularization : True, sample_splits : 1, reg_lambda : 0.001, reg_lambda_tilde : 0.001, kernel : gauss, density : gaussian, bandwidth : 0.3, bandwidth_mode : heuristic, epsilon : 0.3, normalized : True, random_seed : 80, 
bias_direct: 0.08299634720112302
rmse_direct: 0.09939682576523103
bias_indirect: 0.06982758620689658
rmse_indirect: 0.07936276378669076
bias_total: 0.04799329313582644
rmse_total: 0.06360985751397308
bias_mr: 0.1258993657611373
rmse_mr: 0.1728027666036609
coverage: 0.0
