Experiment: expname : nonparametric_experiment, data : uniform, n_samples : 500, mediator_dimension : 1, covariate_dimension : 1, alpha : 0.0, beta : 0.0, stochasticity : 1, gamma : 0.3, noise : uniform, 
Running with estimator : ipw, regularization : True, sample_splits : 1, reg_lambda : 0.001, reg_lambda_tilde : 0.001, kernel : linear, density : gaussian, bandwidth : 0.3, bandwidth_mode : heuristic, epsilon : 0.1, normalized : True, random_seed : 77, 
bias_direct: 0.17918905205056307
rmse_direct: 0.21461824307382454
bias_indirect: 0.0698275862068966
rmse_indirect: 0.07936276378669077
bias_total: 0.16490332284917097
rmse_total: 0.19512235468339112
bias_mr: 0.10464340565055623
rmse_mr: 0.13534355404952095
coverage: 0.0
