Experiment: expname : nonparametric_experiment, data : uniform, n_samples : 5000, mediator_dimension : 1, covariate_dimension : 1, alpha : 0.0, beta : 0.0, stochasticity : 1, gamma : 0.3, noise : uniform, 
Running with estimator : ipw, regularization : True, sample_splits : 1, reg_lambda : 0.001, reg_lambda_tilde : 0.001, kernel : gauss, density : gaussian, bandwidth : 0.3, bandwidth_mode : heuristic, epsilon : 0.1, normalized : True, random_seed : 5, 
bias_direct: 0.08276782332189736
rmse_direct: 0.10676342687564011
bias_indirect: 0.06982758620689652
rmse_indirect: 0.07936276378669073
bias_total: 0.0647134704851097
rmse_total: 0.07857913590276298
bias_mr: 0.07961683044464743
rmse_mr: 0.08901826635613448
coverage: 0.0
