Experiment: expname : baselines_experiment, data : uniform, n_samples : 500, mediator_dimension : 1, covariate_dimension : 1, alpha : 0.5, beta : 0.25, stochasticity : 1, gamma : 0.3, noise : uniform, 
Running with estimator : kme_g_computation, regularization : True, sample_splits : 1, reg_lambda : 0.001, reg_lambda_tilde : 0.001, kernel : gauss, density : gaussian, bandwidth : 0.3, bandwidth_mode : heuristic, epsilon : 0.3, normalized : True, random_seed : 73, 
bias_direct: 0.3860398416314272
rmse_direct: 0.5047982227292175
bias_indirect: 0.3846241753650489
rmse_indirect: 0.5331065470193406
bias_total: 0.08891526071776865
rmse_total: 0.10738996588788059
bias_mr: 0.4006238939499833
rmse_mr: 0.5218563432824028
coverage: 0.0
