Experiment: expname : nonparametric_experiment, data : uniform, n_samples : 5000, mediator_dimension : 1, covariate_dimension : 1, alpha : 0.0, beta : 0.0, stochasticity : 1, gamma : 0.3, noise : uniform, 
Running with estimator : kme_dml, regularization : True, sample_splits : 1, reg_lambda : 0.001, reg_lambda_tilde : 0.001, kernel : linear, density : gaussian, bandwidth : 0.3, bandwidth_mode : heuristic, epsilon : 0.1, normalized : True, random_seed : 62, 
bias_direct: 0.015439845069555745
rmse_direct: 0.019841545671368466
bias_indirect: 0.0063514664407743225
rmse_indirect: 0.0074624564379169095
bias_total: 0.017267368138806537
rmse_total: 0.024008159119166123
bias_mr: 0.014931155709202393
rmse_mr: 0.017416118207052966
coverage: 1.0
