Experiment: expname : nonparametric_experiment, data : uniform, n_samples : 500, mediator_dimension : 1, covariate_dimension : 1, alpha : 0.0, beta : 0.0, stochasticity : 1, gamma : 0.3, noise : uniform, 
Running with estimator : ipw, regularization : True, sample_splits : 1, reg_lambda : 0.001, reg_lambda_tilde : 0.001, kernel : gauss, density : conditional_kernel, bandwidth : 0.3, bandwidth_mode : heuristic, epsilon : 0.1, normalized : True, random_seed : 45, 
bias_direct: 0.13701049145891273
rmse_direct: 0.17090402643742703
bias_indirect: 0.031704633499380026
rmse_indirect: 0.045924539831331164
bias_total: 0.10831913225005099
rmse_total: 0.1346812762566311
bias_mr: 0.14609302618816156
rmse_mr: 0.17792907826679707
coverage: 0.0
