Experiment: expname : baselines_experiment, data : uniform, n_samples : 500, mediator_dimension : 1, covariate_dimension : 1, alpha : 0.5, beta : 0.25, stochasticity : 1, gamma : 0.3, noise : uniform, 
Running with estimator : linear, regularization : True, sample_splits : 1, reg_lambda : 0.001, reg_lambda_tilde : 0.001, kernel : gauss, density : gaussian, bandwidth : 0.3, bandwidth_mode : heuristic, epsilon : 0.3, normalized : True, random_seed : 25, 
bias_direct: 0.39956508750593417
rmse_direct: 0.448940851999594
bias_indirect: 0.016383041004514525
rmse_indirect: 0.018620197030676387
bias_total: 0.38318204650141974
rmse_total: 0.4319739845803024
bias_mr: 0.3880437012879733
rmse_mr: 0.41257007619908903
coverage: 0.0
