Experiment: expname : nonparametric_experiment, data : uniform, n_samples : 5000, mediator_dimension : 1, covariate_dimension : 1, alpha : 0.0, beta : 0.0, stochasticity : 1, gamma : 0.3, noise : uniform, 
Running with estimator : kme_g_computation, regularization : True, sample_splits : 1, reg_lambda : 0.001, reg_lambda_tilde : 0.001, kernel : linear, density : gaussian, bandwidth : 0.3, bandwidth_mode : heuristic, epsilon : 0.1, normalized : True, random_seed : 62, 
bias_direct: 0.16106773207441216
rmse_direct: 0.18334307148459197
bias_indirect: 0.15387153126324368
rmse_indirect: 0.17488318081815768
bias_total: 0.007196200811168461
rmse_total: 0.009752614112457625
bias_mr: 0.16065163992288745
rmse_mr: 0.1825713902864012
coverage: 0.0
