Experiment: expname : nonparametric_experiment, data : uniform, n_samples : 5000, mediator_dimension : 1, covariate_dimension : 1, alpha : 0.0, beta : 0.0, stochasticity : 1, gamma : 0.3, noise : uniform, 
Running with estimator : kme_dml, regularization : True, sample_splits : 1, reg_lambda : 0.001, reg_lambda_tilde : 0.001, kernel : gauss, density : conditional_kernel, bandwidth : 0.3, bandwidth_mode : heuristic, epsilon : 0.1, normalized : True, random_seed : 95, 
bias_direct: 0.046111690566828886
rmse_direct: 0.051983639034464284
bias_indirect: 0.021425579345626854
rmse_indirect: 0.025610362998114283
bias_total: 0.04544235751656761
rmse_total: 0.04867851014990879
bias_mr: 0.05135293995390745
rmse_mr: 0.06264587633354875
coverage: 0.7931034482758621
