Experiment: expname : nonparametric_experiment, data : uniform, n_samples : 1000, mediator_dimension : 1, covariate_dimension : 1, alpha : 0.0, beta : 0.0, stochasticity : 1, gamma : 0.3, noise : uniform, 
Running with estimator : kme_g_computation, regularization : True, sample_splits : 1, reg_lambda : 0.001, reg_lambda_tilde : 0.001, kernel : linear, density : conditional_kernel, bandwidth : 0.3, bandwidth_mode : heuristic, epsilon : 0.1, normalized : True, random_seed : 53, 
bias_direct: 0.17856504973064788
rmse_direct: 0.20305213826040483
bias_indirect: 0.11955799069702938
rmse_indirect: 0.13588403135622198
bias_total: 0.05900705903361848
rmse_total: 0.06719099123484079
bias_mr: 0.17843828880365395
rmse_mr: 0.20283025069369148
coverage: 0.0
