Experiment: expname : nonparametric_experiment, data : uniform, n_samples : 1000, mediator_dimension : 1, covariate_dimension : 1, alpha : 0.0, beta : 0.0, stochasticity : 1, gamma : 0.3, noise : uniform, 
Running with estimator : kme_dml, regularization : True, sample_splits : 1, reg_lambda : 0.001, reg_lambda_tilde : 0.001, kernel : linear, density : conditional_kernel, bandwidth : 0.3, bandwidth_mode : heuristic, epsilon : 0.1, normalized : True, random_seed : 57, 
bias_direct: 0.05677416901694726
rmse_direct: 0.0684791932115381
bias_indirect: 0.014676385787877383
rmse_indirect: 0.01790234671195256
bias_total: 0.07008411949659685
rmse_total: 0.08083322627105205
bias_mr: 0.05638718706809506
rmse_mr: 0.06646496747055881
coverage: 1.0
