Experiment: expname : nonparametric_experiment, data : uniform, n_samples : 5000, mediator_dimension : 1, covariate_dimension : 1, alpha : 0.0, beta : 0.0, stochasticity : 1, gamma : 0.3, noise : uniform, 
Running with estimator : kme_dml, regularization : True, sample_splits : 1, reg_lambda : 0.001, reg_lambda_tilde : 0.001, kernel : linear, density : gaussian, bandwidth : 0.3, bandwidth_mode : heuristic, epsilon : 0.1, normalized : True, random_seed : 71, 
bias_direct: 0.03336169653248591
rmse_direct: 0.050480642380263376
bias_indirect: 0.007839682497422956
rmse_indirect: 0.009130631726564677
bias_total: 0.037825747881602076
rmse_total: 0.05126242843890758
bias_mr: 0.03277140300331794
rmse_mr: 0.05099044757477691
coverage: 0.8275862068965517
