Experiment: expname : nonparametric_experiment, data : uniform, n_samples : 1000, mediator_dimension : 1, covariate_dimension : 1, alpha : 0.0, beta : 0.0, stochasticity : 1, gamma : 0.3, noise : uniform, 
Running with estimator : ipw, regularization : True, sample_splits : 1, reg_lambda : 0.001, reg_lambda_tilde : 0.001, kernel : gauss, density : conditional_kernel, bandwidth : 0.3, bandwidth_mode : heuristic, epsilon : 0.1, normalized : True, random_seed : 8, 
bias_direct: 0.08443286812969163
rmse_direct: 0.106124568041855
bias_indirect: 0.007290680756163848
rmse_indirect: 0.009852016251871643
bias_total: 0.08503637030502657
rmse_total: 0.10718548870333246
bias_mr: 0.07357098377450921
rmse_mr: 0.09914386111274291
coverage: 0.0
