Experiment: expname : nonparametric_experiment, data : uniform, n_samples : 1000, mediator_dimension : 1, covariate_dimension : 1, alpha : 0.0, beta : 0.0, stochasticity : 1, gamma : 0.3, noise : uniform, 
Running with estimator : ipw, regularization : True, sample_splits : 1, reg_lambda : 0.001, reg_lambda_tilde : 0.001, kernel : gauss, density : conditional_kernel, bandwidth : 0.3, bandwidth_mode : heuristic, epsilon : 0.1, normalized : True, random_seed : 43, 
bias_direct: 0.15805775413644274
rmse_direct: 0.17674195472679347
bias_indirect: 0.01704140456608131
rmse_indirect: 0.020842235170877
bias_total: 0.15506122018059187
rmse_total: 0.17423505006765372
bias_mr: 0.13583800863731219
rmse_mr: 0.1494845533534763
coverage: 0.0
