Experiment: expname : nonparametric_experiment, data : uniform, n_samples : 500, mediator_dimension : 1, covariate_dimension : 1, alpha : 0.0, beta : 0.0, stochasticity : 1, gamma : 0.3, noise : uniform, 
Running with estimator : kme_dml, regularization : True, sample_splits : 1, reg_lambda : 0.001, reg_lambda_tilde : 0.001, kernel : linear, density : gaussian, bandwidth : 0.3, bandwidth_mode : heuristic, epsilon : 0.1, normalized : True, random_seed : 74, 
bias_direct: 0.037765519338062395
rmse_direct: 0.05729637608952232
bias_indirect: 0.019590523320754075
rmse_indirect: 0.03109118855154847
bias_total: 0.02584037176563123
rmse_total: 0.034091886096643
bias_mr: 0.033273731954550884
rmse_mr: 0.04961667072709457
coverage: 1.0
