Experiment: expname : nonparametric_experiment, data : uniform, n_samples : 1000, mediator_dimension : 1, covariate_dimension : 1, alpha : 0.0, beta : 0.0, stochasticity : 1, gamma : 0.3, noise : uniform, 
Running with estimator : kme_dml, regularization : True, sample_splits : 1, reg_lambda : 0.001, reg_lambda_tilde : 0.001, kernel : gauss, density : conditional_kernel, bandwidth : 0.3, bandwidth_mode : heuristic, epsilon : 0.1, normalized : True, random_seed : 2, 
bias_direct: 0.16870082266367487
rmse_direct: 0.20027255025670107
bias_indirect: 0.028994542459027196
rmse_indirect: 0.03421676081863613
bias_total: 0.18478547588206737
rmse_total: 0.22262933613880653
bias_mr: 0.13337598136878476
rmse_mr: 0.15448690880967156
coverage: 0.6206896551724138
