Experiment: expname : nonparametric_experiment, data : uniform, n_samples : 1000, mediator_dimension : 1, covariate_dimension : 1, alpha : 0.0, beta : 0.0, stochasticity : 1, gamma : 0.3, noise : uniform, 
Running with estimator : kme_g_computation, regularization : True, sample_splits : 1, reg_lambda : 0.001, reg_lambda_tilde : 0.001, kernel : gauss, density : conditional_kernel, bandwidth : 0.3, bandwidth_mode : heuristic, epsilon : 0.1, normalized : True, random_seed : 36, 
bias_direct: 0.1409081566703658
rmse_direct: 0.1635524593122161
bias_indirect: 0.18482342426677884
rmse_indirect: 0.2122209889526492
bias_total: 0.04391526759641305
rmse_total: 0.0495768037972336
bias_mr: 0.13850799564773325
rmse_mr: 0.1581239772396913
coverage: 0.0
