Experiment: expname : nonparametric_experiment, data : uniform, n_samples : 1000, mediator_dimension : 1, covariate_dimension : 1, alpha : 0.0, beta : 0.0, stochasticity : 1, gamma : 0.3, noise : uniform, 
Running with estimator : ipw, regularization : True, sample_splits : 1, reg_lambda : 0.001, reg_lambda_tilde : 0.001, kernel : gauss, density : gaussian, bandwidth : 0.3, bandwidth_mode : heuristic, epsilon : 0.1, normalized : True, random_seed : 12, 
bias_direct: 0.11761304832011546
rmse_direct: 0.15555052369084976
bias_indirect: 0.0698275862068966
rmse_indirect: 0.07936276378669077
bias_total: 0.10492590128875745
rmse_total: 0.12528361848997757
bias_mr: 0.11638638787920073
rmse_mr: 0.13376276237012402
coverage: 0.0
