Experiment: expname : nonparametric_experiment, data : uniform, n_samples : 5000, mediator_dimension : 1, covariate_dimension : 1, alpha : 0.0, beta : 0.0, stochasticity : 1, gamma : 0.3, noise : uniform, 
Running with estimator : ipw, regularization : True, sample_splits : 1, reg_lambda : 0.001, reg_lambda_tilde : 0.001, kernel : linear, density : conditional_kernel, bandwidth : 0.3, bandwidth_mode : heuristic, epsilon : 0.1, normalized : True, random_seed : 7, 
bias_direct: 0.06383063433040216
rmse_direct: 0.08260498881998506
bias_indirect: 0.038706127875704203
rmse_indirect: 0.04544868072804906
bias_total: 0.06558553860997293
rmse_total: 0.0851762699668118
bias_mr: 0.062935323300061
rmse_mr: 0.07873202243556955
coverage: 0.0
