Experiment: expname : nonparametric_experiment, data : uniform, n_samples : 500, mediator_dimension : 1, covariate_dimension : 1, alpha : 0.0, beta : 0.0, stochasticity : 1, gamma : 0.3, noise : uniform, 
Running with estimator : kme_dml, regularization : True, sample_splits : 1, reg_lambda : 0.001, reg_lambda_tilde : 0.001, kernel : gauss, density : conditional_kernel, bandwidth : 0.3, bandwidth_mode : heuristic, epsilon : 0.1, normalized : True, random_seed : 99, 
bias_direct: 0.06081057675140442
rmse_direct: 0.07618665719472947
bias_indirect: 0.10050076559272486
rmse_indirect: 0.11378788699829284
bias_total: 0.052143778563561914
rmse_total: 0.06282837672332227
bias_mr: 0.12430143543863297
rmse_mr: 0.12980635119571482
coverage: 0.896551724137931
