Experiment: expname : baselines_experiment, data : uniform, n_samples : 5000, mediator_dimension : 1, covariate_dimension : 1, alpha : 0.5, beta : 0.25, stochasticity : 1, gamma : 0.3, noise : uniform, 
Running with estimator : ipw, regularization : True, sample_splits : 1, reg_lambda : 0.001, reg_lambda_tilde : 0.001, kernel : gauss, density : gaussian, bandwidth : 0.3, bandwidth_mode : heuristic, epsilon : 0.3, normalized : True, random_seed : 14, 
bias_direct: 0.07295905279493395
rmse_direct: 0.10233550022157348
bias_indirect: 0.06982758620689661
rmse_indirect: 0.0793627637866908
bias_total: 0.06548233840519206
rmse_total: 0.08079679971632892
bias_mr: 0.14072074593858075
rmse_mr: 0.18016256697653774
coverage: 0.0
