Experiment: expname : nonparametric_experiment, data : uniform, n_samples : 5000, mediator_dimension : 1, covariate_dimension : 1, alpha : 0.0, beta : 0.0, stochasticity : 1, gamma : 0.3, noise : uniform, 
Running with estimator : kme_dml, regularization : True, sample_splits : 1, reg_lambda : 0.001, reg_lambda_tilde : 0.001, kernel : gauss, density : conditional_kernel, bandwidth : 0.3, bandwidth_mode : heuristic, epsilon : 0.1, normalized : True, random_seed : 36, 
bias_direct: 0.025668791743576395
rmse_direct: 0.034447244155601686
bias_indirect: 0.016023579276838017
rmse_indirect: 0.018410313792820297
bias_total: 0.02590098065723159
rmse_total: 0.03720871901422047
bias_mr: 0.025497066755650243
rmse_mr: 0.032444729429769795
coverage: 0.9655172413793104
