Experiment: expname : nonparametric_experiment, data : uniform, n_samples : 500, mediator_dimension : 1, covariate_dimension : 1, alpha : 0.0, beta : 0.0, stochasticity : 1, gamma : 0.3, noise : uniform, 
Running with estimator : kme_dml, regularization : True, sample_splits : 1, reg_lambda : 0.001, reg_lambda_tilde : 0.001, kernel : linear, density : conditional_kernel, bandwidth : 0.3, bandwidth_mode : heuristic, epsilon : 0.1, normalized : True, random_seed : 65, 
bias_direct: 0.08180052468204196
rmse_direct: 0.1079299806724159
bias_indirect: 0.015926356179857874
rmse_indirect: 0.023248992303591533
bias_total: 0.09518969227182604
rmse_total: 0.11908048201039832
bias_mr: 0.1155865242694608
rmse_mr: 0.1414268897546638
coverage: 0.7586206896551724
