Experiment: expname : nonparametric_experiment, data : uniform, n_samples : 5000, mediator_dimension : 1, covariate_dimension : 1, alpha : 0.0, beta : 0.0, stochasticity : 1, gamma : 0.3, noise : uniform, 
Running with estimator : kme_dml, regularization : True, sample_splits : 1, reg_lambda : 0.001, reg_lambda_tilde : 0.001, kernel : gauss, density : conditional_kernel, bandwidth : 0.3, bandwidth_mode : heuristic, epsilon : 0.1, normalized : True, random_seed : 41, 
bias_direct: 0.0550326002218597
rmse_direct: 0.06477041867432289
bias_indirect: 0.006849010892794883
rmse_indirect: 0.007701019558999885
bias_total: 0.05745626264842246
rmse_total: 0.06796342890253597
bias_mr: 0.03212654512910844
rmse_mr: 0.037712840924513207
coverage: 0.9655172413793104
