Experiment: expname : nonparametric_experiment, data : uniform, n_samples : 500, mediator_dimension : 1, covariate_dimension : 1, alpha : 0.0, beta : 0.0, stochasticity : 1, gamma : 0.3, noise : uniform, 
Running with estimator : ipw, regularization : True, sample_splits : 1, reg_lambda : 0.001, reg_lambda_tilde : 0.001, kernel : linear, density : conditional_kernel, bandwidth : 0.3, bandwidth_mode : heuristic, epsilon : 0.1, normalized : True, random_seed : 87, 
bias_direct: 0.17427365154954003
rmse_direct: 0.21141891379875488
bias_indirect: 0.04020736861084216
rmse_indirect: 0.049288520917596196
bias_total: 0.18188480964858514
rmse_total: 0.21810381407821824
bias_mr: 0.11847206198578587
rmse_mr: 0.13825690991142034
coverage: 0.0
