Experiment: expname : nonparametric_experiment, data : uniform, n_samples : 5000, mediator_dimension : 1, covariate_dimension : 1, alpha : 0.0, beta : 0.0, stochasticity : 1, gamma : 0.3, noise : uniform, 
Running with estimator : kme_dml, regularization : True, sample_splits : 1, reg_lambda : 0.001, reg_lambda_tilde : 0.001, kernel : linear, density : gaussian, bandwidth : 0.3, bandwidth_mode : heuristic, epsilon : 0.1, normalized : True, random_seed : 27, 
bias_direct: 0.017715643494559848
rmse_direct: 0.01982230284155765
bias_indirect: 0.007822546833227277
rmse_indirect: 0.009297944200675258
bias_total: 0.0189602310511996
rmse_total: 0.02238906574837306
bias_mr: 0.020314651786546366
rmse_mr: 0.023089570452325996
coverage: 1.0
