Experiment: expname : baselines_experiment, data : uniform, n_samples : 5000, mediator_dimension : 1, covariate_dimension : 1, alpha : 0.5, beta : 0.25, stochasticity : 1, gamma : 0.3, noise : uniform, 
Running with estimator : kme_g_computation, regularization : True, sample_splits : 1, reg_lambda : 0.001, reg_lambda_tilde : 0.001, kernel : gauss, density : gaussian, bandwidth : 0.3, bandwidth_mode : heuristic, epsilon : 0.3, normalized : True, random_seed : 61, 
bias_direct: 0.36252210367238824
rmse_direct: 0.47290275946493465
bias_indirect: 0.4301127096246945
rmse_indirect: 0.5476945058078108
bias_total: 0.06759060595230618
rmse_total: 0.08323796278799996
bias_mr: 0.38965500161966465
rmse_mr: 0.5100316472604982
coverage: 0.0
