Experiment: expname : baselines_experiment, data : uniform, n_samples : 500, mediator_dimension : 1, covariate_dimension : 1, alpha : 0.5, beta : 0.25, stochasticity : 1, gamma : 0.3, noise : uniform, 
Running with estimator : kme_g_computation, regularization : True, sample_splits : 1, reg_lambda : 0.001, reg_lambda_tilde : 0.001, kernel : gauss, density : gaussian, bandwidth : 0.3, bandwidth_mode : heuristic, epsilon : 0.3, normalized : True, random_seed : 59, 
bias_direct: 0.41441234654097475
rmse_direct: 0.5469235854707948
bias_indirect: 0.4389101631914946
rmse_indirect: 0.5735080413182599
bias_total: 0.09259360174212518
rmse_total: 0.11247383151360413
bias_mr: 0.3888971562234862
rmse_mr: 0.5122821640039324
coverage: 0.0
