Experiment: expname : nonparametric_experiment, data : uniform, n_samples : 1000, mediator_dimension : 1, covariate_dimension : 1, alpha : 0.0, beta : 0.0, stochasticity : 1, gamma : 0.3, noise : uniform, 
Running with estimator : kme_g_computation, regularization : True, sample_splits : 1, reg_lambda : 0.001, reg_lambda_tilde : 0.001, kernel : linear, density : conditional_kernel, bandwidth : 0.3, bandwidth_mode : heuristic, epsilon : 0.1, normalized : True, random_seed : 29, 
bias_direct: 0.15798845439278056
rmse_direct: 0.17939696571099026
bias_indirect: 0.15424636327936023
rmse_indirect: 0.17530924370340625
bias_total: 0.005607655952534879
rmse_total: 0.008223737491333928
bias_mr: 0.15861928271221035
rmse_mr: 0.18034165826730517
coverage: 0.0
