Experiment: expname : nonparametric_experiment, data : uniform, n_samples : 1000, mediator_dimension : 1, covariate_dimension : 1, alpha : 0.0, beta : 0.0, stochasticity : 1, gamma : 0.3, noise : uniform, 
Running with estimator : ipw, regularization : True, sample_splits : 1, reg_lambda : 0.001, reg_lambda_tilde : 0.001, kernel : gauss, density : gaussian, bandwidth : 0.3, bandwidth_mode : heuristic, epsilon : 0.1, normalized : True, random_seed : 93, 
bias_direct: 0.17698171827073794
rmse_direct: 0.2075001278486065
bias_indirect: 0.0698275862068966
rmse_indirect: 0.0793627637866908
bias_total: 0.18225758033970335
rmse_total: 0.1983978801742097
bias_mr: 0.1334055511601039
rmse_mr: 0.14825455730994877
coverage: 0.0
