Experiment: expname : baselines_experiment, data : uniform, n_samples : 1000, mediator_dimension : 1, covariate_dimension : 1, alpha : 0.5, beta : 0.25, stochasticity : 1, gamma : 0.3, noise : uniform, 
Running with estimator : ipw, regularization : True, sample_splits : 1, reg_lambda : 0.001, reg_lambda_tilde : 0.001, kernel : gauss, density : gaussian, bandwidth : 0.3, bandwidth_mode : heuristic, epsilon : 0.3, normalized : True, random_seed : 25, 
bias_direct: 0.16023975727690476
rmse_direct: 0.22603864048958272
bias_indirect: 0.0698275862068966
rmse_indirect: 0.07936276378669078
bias_total: 0.16036208081315123
rmse_total: 0.19200824923963883
bias_mr: 0.17665214595587
rmse_mr: 0.20769731064307115
coverage: 0.0
