Experiment: expname : nonparametric_experiment, data : uniform, n_samples : 1000, mediator_dimension : 1, covariate_dimension : 1, alpha : 0.0, beta : 0.0, stochasticity : 1, gamma : 0.3, noise : uniform, 
Running with estimator : kme_dml, regularization : True, sample_splits : 1, reg_lambda : 0.001, reg_lambda_tilde : 0.001, kernel : linear, density : conditional_kernel, bandwidth : 0.3, bandwidth_mode : heuristic, epsilon : 0.1, normalized : True, random_seed : 95, 
bias_direct: 0.042448502399091384
rmse_direct: 0.051410950274141234
bias_indirect: 0.020136910562728826
rmse_indirect: 0.026584490781634797
bias_total: 0.04148186231460042
rmse_total: 0.0535471549673331
bias_mr: 0.05256628586985054
rmse_mr: 0.0647482334794073
coverage: 1.0
