Experiment: expname : nonparametric_experiment, data : uniform, n_samples : 5000, mediator_dimension : 1, covariate_dimension : 1, alpha : 0.0, beta : 0.0, stochasticity : 1, gamma : 0.3, noise : uniform, 
Running with estimator : kme_dml, regularization : True, sample_splits : 1, reg_lambda : 0.001, reg_lambda_tilde : 0.001, kernel : linear, density : conditional_kernel, bandwidth : 0.3, bandwidth_mode : heuristic, epsilon : 0.1, normalized : True, random_seed : 92, 
bias_direct: 0.023874195519464163
rmse_direct: 0.029839651398108232
bias_indirect: 0.009760569604445709
rmse_indirect: 0.013099092428679572
bias_total: 0.019110516018369564
rmse_total: 0.025199058667601977
bias_mr: 0.02033771753500291
rmse_mr: 0.025635481933118084
coverage: 1.0
