Experiment: expname : nonparametric_experiment, data : uniform, n_samples : 5000, mediator_dimension : 1, covariate_dimension : 1, alpha : 0.0, beta : 0.0, stochasticity : 1, gamma : 0.3, noise : uniform, 
Running with estimator : kme_dml, regularization : True, sample_splits : 1, reg_lambda : 0.001, reg_lambda_tilde : 0.001, kernel : linear, density : gaussian, bandwidth : 0.3, bandwidth_mode : heuristic, epsilon : 0.1, normalized : True, random_seed : 20, 
bias_direct: 0.02103234152686854
rmse_direct: 0.02601373002628754
bias_indirect: 0.010460170489326811
rmse_indirect: 0.01270098468043828
bias_total: 0.02370362323957006
rmse_total: 0.03040809540438074
bias_mr: 0.031171753377049107
rmse_mr: 0.03613485539640029
coverage: 1.0
