Experiment: expname : nonparametric_experiment, data : uniform, n_samples : 1000, mediator_dimension : 1, covariate_dimension : 1, alpha : 0.0, beta : 0.0, stochasticity : 1, gamma : 0.3, noise : uniform, 
Running with estimator : kme_dml, regularization : True, sample_splits : 1, reg_lambda : 0.001, reg_lambda_tilde : 0.001, kernel : linear, density : conditional_kernel, bandwidth : 0.3, bandwidth_mode : heuristic, epsilon : 0.1, normalized : True, random_seed : 49, 
bias_direct: 0.0578149145086438
rmse_direct: 0.06971497169775422
bias_indirect: 0.014662280592162638
rmse_indirect: 0.02300181022159737
bias_total: 0.04400154389744168
rmse_total: 0.052211038058461307
bias_mr: 0.034270357232240756
rmse_mr: 0.04186021590553094
coverage: 1.0
