Experiment: expname : nonparametric_experiment, data : uniform, n_samples : 500, mediator_dimension : 1, covariate_dimension : 1, alpha : 0.0, beta : 0.0, stochasticity : 1, gamma : 0.3, noise : uniform, 
Running with estimator : ipw, regularization : True, sample_splits : 1, reg_lambda : 0.001, reg_lambda_tilde : 0.001, kernel : linear, density : gaussian, bandwidth : 0.3, bandwidth_mode : heuristic, epsilon : 0.1, normalized : True, random_seed : 63, 
bias_direct: 0.07708893717286264
rmse_direct: 0.09760728884278111
bias_indirect: 0.0698275862068966
rmse_indirect: 0.07936276378669078
bias_total: 0.07916567754986402
rmse_total: 0.10051283929470857
bias_mr: 0.07579102012223646
rmse_mr: 0.09671932226079898
coverage: 0.0
