Experiment: expname : nonparametric_experiment, data : uniform, n_samples : 500, mediator_dimension : 1, covariate_dimension : 1, alpha : 0.0, beta : 0.0, stochasticity : 1, gamma : 0.3, noise : uniform, 
Running with estimator : kme_dml, regularization : True, sample_splits : 1, reg_lambda : 0.001, reg_lambda_tilde : 0.001, kernel : gauss, density : gaussian, bandwidth : 0.3, bandwidth_mode : heuristic, epsilon : 0.1, normalized : True, random_seed : 2, 
bias_direct: 0.042656986848943014
rmse_direct: 0.04801381678199956
bias_indirect: 0.019042994444270517
rmse_indirect: 0.021745185668870883
bias_total: 0.044560957848765806
rmse_total: 0.04920160260362261
bias_mr: 0.08627150179051539
rmse_mr: 0.09326987083029943
coverage: 1.0
