Experiment: expname : nonparametric_experiment, data : uniform, n_samples : 5000, mediator_dimension : 1, covariate_dimension : 1, alpha : 0.0, beta : 0.0, stochasticity : 1, gamma : 0.3, noise : uniform, 
Running with estimator : kme_dml, regularization : True, sample_splits : 1, reg_lambda : 0.001, reg_lambda_tilde : 0.001, kernel : linear, density : conditional_kernel, bandwidth : 0.3, bandwidth_mode : heuristic, epsilon : 0.1, normalized : True, random_seed : 30, 
bias_direct: 0.04055820937388151
rmse_direct: 0.053446332257514675
bias_indirect: 0.007611811347468101
rmse_indirect: 0.009571134986878796
bias_total: 0.03822665316046871
rmse_total: 0.04854185980422853
bias_mr: 0.03257493918583774
rmse_mr: 0.040578442851960626
coverage: 0.9655172413793104
