Experiment: expname : nonparametric_experiment, data : uniform, n_samples : 1000, mediator_dimension : 1, covariate_dimension : 1, alpha : 0.0, beta : 0.0, stochasticity : 1, gamma : 0.3, noise : uniform, 
Running with estimator : ipw, regularization : True, sample_splits : 1, reg_lambda : 0.001, reg_lambda_tilde : 0.001, kernel : linear, density : gaussian, bandwidth : 0.3, bandwidth_mode : heuristic, epsilon : 0.1, normalized : True, random_seed : 98, 
bias_direct: 0.12418053595467142
rmse_direct: 0.15843188065160166
bias_indirect: 0.06982758620689662
rmse_indirect: 0.07936276378669081
bias_total: 0.10333586084621042
rmse_total: 0.12629166499551972
bias_mr: 0.1196895077584701
rmse_mr: 0.1376558391218426
coverage: 0.0
