Experiment: expname : baselines_experiment, data : uniform, n_samples : 5000, mediator_dimension : 1, covariate_dimension : 1, alpha : 0.5, beta : 0.25, stochasticity : 1, gamma : 0.3, noise : uniform, 
Running with estimator : linear, regularization : True, sample_splits : 1, reg_lambda : 0.001, reg_lambda_tilde : 0.001, kernel : gauss, density : gaussian, bandwidth : 0.3, bandwidth_mode : heuristic, epsilon : 0.3, normalized : True, random_seed : 95, 
bias_direct: 0.31199441174325315
rmse_direct: 0.3568681855137272
bias_indirect: 0.008706450028511382
rmse_indirect: 0.009895343295786613
bias_total: 0.3043714310516232
rmse_total: 0.3483829674742241
bias_mr: 0.2974251684443044
rmse_mr: 0.3167020280226917
coverage: 0.0
