Experiment: expname : nonparametric_experiment, data : uniform, n_samples : 5000, mediator_dimension : 1, covariate_dimension : 1, alpha : 0.0, beta : 0.0, stochasticity : 1, gamma : 0.3, noise : uniform, 
Running with estimator : kme_dml, regularization : True, sample_splits : 1, reg_lambda : 0.001, reg_lambda_tilde : 0.001, kernel : gauss, density : gaussian, bandwidth : 0.3, bandwidth_mode : heuristic, epsilon : 0.1, normalized : True, random_seed : 34, 
bias_direct: 0.02256307798852367
rmse_direct: 0.02955027177176692
bias_indirect: 0.017618918746288514
rmse_indirect: 0.021363257573944413
bias_total: 0.034683223738464455
rmse_total: 0.038508309027082605
bias_mr: 0.04494452929318764
rmse_mr: 0.050920089930218265
coverage: 0.896551724137931
