Experiment: expname : nonparametric_experiment, data : uniform, n_samples : 1000, mediator_dimension : 1, covariate_dimension : 1, alpha : 0.0, beta : 0.0, stochasticity : 1, gamma : 0.3, noise : uniform, 
Running with estimator : kme_dml, regularization : True, sample_splits : 1, reg_lambda : 0.001, reg_lambda_tilde : 0.001, kernel : linear, density : conditional_kernel, bandwidth : 0.3, bandwidth_mode : heuristic, epsilon : 0.1, normalized : True, random_seed : 69, 
bias_direct: 0.032546987998379
rmse_direct: 0.05131457973501284
bias_indirect: 0.01738081104512744
rmse_indirect: 0.023693323847132356
bias_total: 0.03556882052951866
rmse_total: 0.053909301298478346
bias_mr: 0.033702845740463325
rmse_mr: 0.0452145619014526
coverage: 1.0
