Experiment: expname : nonparametric_experiment, data : uniform, n_samples : 1000, mediator_dimension : 1, covariate_dimension : 1, alpha : 0.0, beta : 0.0, stochasticity : 1, gamma : 0.3, noise : uniform, 
Running with estimator : kme_dml, regularization : True, sample_splits : 1, reg_lambda : 0.001, reg_lambda_tilde : 0.001, kernel : linear, density : conditional_kernel, bandwidth : 0.3, bandwidth_mode : heuristic, epsilon : 0.1, normalized : True, random_seed : 44, 
bias_direct: 0.05364250860035757
rmse_direct: 0.06703881928329283
bias_indirect: 0.02001068815718167
rmse_indirect: 0.02586077380683219
bias_total: 0.04672977238163824
rmse_total: 0.06018375560673041
bias_mr: 0.05328573681664222
rmse_mr: 0.06449705026769872
coverage: 1.0
