Experiment: expname : nonparametric_experiment, data : uniform, n_samples : 500, mediator_dimension : 1, covariate_dimension : 1, alpha : 0.0, beta : 0.0, stochasticity : 1, gamma : 0.3, noise : uniform, 
Running with estimator : kme_dml, regularization : True, sample_splits : 1, reg_lambda : 0.001, reg_lambda_tilde : 0.001, kernel : gauss, density : gaussian, bandwidth : 0.3, bandwidth_mode : heuristic, epsilon : 0.1, normalized : True, random_seed : 10, 
bias_direct: 0.09535235074816337
rmse_direct: 0.11710458232842484
bias_indirect: 0.022064695255849004
rmse_indirect: 0.0265908090047889
bias_total: 0.09367603455239212
rmse_total: 0.11229517972575175
bias_mr: 0.06679679227631075
rmse_mr: 0.0787223286486708
coverage: 1.0
