Experiment: expname : nonparametric_experiment, data : uniform, n_samples : 5000, mediator_dimension : 1, covariate_dimension : 1, alpha : 0.0, beta : 0.0, stochasticity : 1, gamma : 0.3, noise : uniform, 
Running with estimator : kme_g_computation, regularization : True, sample_splits : 1, reg_lambda : 0.001, reg_lambda_tilde : 0.001, kernel : gauss, density : conditional_kernel, bandwidth : 0.3, bandwidth_mode : heuristic, epsilon : 0.1, normalized : True, random_seed : 94, 
bias_direct: 0.16570563725159823
rmse_direct: 0.18890532835017732
bias_indirect: 0.16270579633759752
rmse_indirect: 0.18528892867234764
bias_total: 0.016763204819236405
rmse_total: 0.021036678588252655
bias_mr: 0.16841530543499184
rmse_mr: 0.19427102729836862
coverage: 0.0
