Experiment: expname : nonparametric_experiment, data : uniform, n_samples : 1000, mediator_dimension : 1, covariate_dimension : 1, alpha : 0.0, beta : 0.0, stochasticity : 1, gamma : 0.3, noise : uniform, 
Running with estimator : kme_g_computation, regularization : True, sample_splits : 1, reg_lambda : 0.001, reg_lambda_tilde : 0.001, kernel : linear, density : gaussian, bandwidth : 0.3, bandwidth_mode : heuristic, epsilon : 0.1, normalized : True, random_seed : 68, 
bias_direct: 0.16322724190946059
rmse_direct: 0.18606081094339838
bias_indirect: 0.2072967269334004
rmse_indirect: 0.23560381126966992
bias_total: 0.04406948502393982
rmse_total: 0.05042509926298177
bias_mr: 0.1620212230989966
rmse_mr: 0.18504370598156175
coverage: 0.0
