Experiment: expname : nonparametric_experiment, data : uniform, n_samples : 500, mediator_dimension : 1, covariate_dimension : 1, alpha : 0.0, beta : 0.0, stochasticity : 1, gamma : 0.3, noise : uniform, 
Running with estimator : kme_dml, regularization : True, sample_splits : 1, reg_lambda : 0.001, reg_lambda_tilde : 0.001, kernel : linear, density : gaussian, bandwidth : 0.3, bandwidth_mode : heuristic, epsilon : 0.1, normalized : True, random_seed : 7, 
bias_direct: 0.10432590894534884
rmse_direct: 0.12927281423232237
bias_indirect: 0.008951397506403934
rmse_indirect: 0.01218120250351825
bias_total: 0.0993854737797874
rmse_total: 0.12349240765997749
bias_mr: 0.05819423146727136
rmse_mr: 0.06618441337081882
coverage: 1.0
