Experiment: expname : baselines_experiment, data : uniform, n_samples : 5000, mediator_dimension : 1, covariate_dimension : 1, alpha : 0.5, beta : 0.25, stochasticity : 1, gamma : 0.3, noise : uniform, 
Running with estimator : kme_dml, regularization : True, sample_splits : 1, reg_lambda : 0.001, reg_lambda_tilde : 0.001, kernel : gauss, density : gaussian, bandwidth : 0.3, bandwidth_mode : heuristic, epsilon : 0.3, normalized : True, random_seed : 3, 
bias_direct: 0.04525408097419613
rmse_direct: 0.052045417018934545
bias_indirect: 0.011975433848675315
rmse_indirect: 0.015536397186500987
bias_total: 0.03737849839634791
rmse_total: 0.04513463295559425
bias_mr: 0.056415429501578414
rmse_mr: 0.06434826015818514
coverage: 0.8275862068965517
