Experiment: expname : baselines_experiment, data : uniform, n_samples : 500, mediator_dimension : 1, covariate_dimension : 1, alpha : 0.5, beta : 0.25, stochasticity : 1, gamma : 0.3, noise : uniform, 
Running with estimator : kme_dml, regularization : True, sample_splits : 1, reg_lambda : 0.001, reg_lambda_tilde : 0.001, kernel : gauss, density : gaussian, bandwidth : 0.3, bandwidth_mode : heuristic, epsilon : 0.3, normalized : True, random_seed : 34, 
bias_direct: 0.057851063831055025
rmse_direct: 0.06917698560823067
bias_indirect: 0.02916599645407082
rmse_indirect: 0.039998831364745115
bias_total: 0.0515753921844264
rmse_total: 0.072360423471139
bias_mr: 0.06192173785125479
rmse_mr: 0.07713290679043584
coverage: 1.0
