Experiment: expname : nonparametric_experiment, data : uniform, n_samples : 5000, mediator_dimension : 1, covariate_dimension : 1, alpha : 0.0, beta : 0.0, stochasticity : 1, gamma : 0.3, noise : uniform, 
Running with estimator : ipw, regularization : True, sample_splits : 1, reg_lambda : 0.001, reg_lambda_tilde : 0.001, kernel : gauss, density : gaussian, bandwidth : 0.3, bandwidth_mode : heuristic, epsilon : 0.1, normalized : True, random_seed : 94, 
bias_direct: 0.07330268773702331
rmse_direct: 0.08713191740216022
bias_indirect: 0.06982758620689657
rmse_indirect: 0.07936276378669074
bias_total: 0.035896454269709506
rmse_total: 0.04310690600856458
bias_mr: 0.08249307433157221
rmse_mr: 0.09657610743298524
coverage: 0.0
