Experiment: expname : nonparametric_experiment, data : uniform, n_samples : 500, mediator_dimension : 1, covariate_dimension : 1, alpha : 0.0, beta : 0.0, stochasticity : 1, gamma : 0.3, noise : uniform, 
Running with estimator : kme_g_computation, regularization : True, sample_splits : 1, reg_lambda : 0.001, reg_lambda_tilde : 0.001, kernel : gauss, density : conditional_kernel, bandwidth : 0.3, bandwidth_mode : heuristic, epsilon : 0.1, normalized : True, random_seed : 73, 
bias_direct: 0.14753386271068142
rmse_direct: 0.16809352002560668
bias_indirect: 0.16424879890187855
rmse_indirect: 0.23768019198709825
bias_total: 0.10381743702984847
rmse_total: 0.12953148122050812
bias_mr: 0.18018223169767358
rmse_mr: 0.21182832265964244
coverage: 0.0
