Experiment: expname : nonparametric_experiment, data : uniform, n_samples : 1000, mediator_dimension : 1, covariate_dimension : 1, alpha : 0.0, beta : 0.0, stochasticity : 1, gamma : 0.3, noise : uniform, 
Running with estimator : kme_dml, regularization : True, sample_splits : 1, reg_lambda : 0.001, reg_lambda_tilde : 0.001, kernel : linear, density : gaussian, bandwidth : 0.3, bandwidth_mode : heuristic, epsilon : 0.1, normalized : True, random_seed : 15, 
bias_direct: 0.14779758737179352
rmse_direct: 0.16975353428530485
bias_indirect: 0.03445281251651028
rmse_indirect: 0.04287071609723092
bias_total: 0.1159178530718861
rmse_total: 0.1318962194727453
bias_mr: 0.07661362240257849
rmse_mr: 0.09187115198328066
coverage: 0.8275862068965517
