Experiment: expname : nonparametric_experiment, data : uniform, n_samples : 500, mediator_dimension : 1, covariate_dimension : 1, alpha : 0.0, beta : 0.0, stochasticity : 1, gamma : 0.3, noise : uniform, 
Running with estimator : kme_dml, regularization : True, sample_splits : 1, reg_lambda : 0.001, reg_lambda_tilde : 0.001, kernel : gauss, density : conditional_kernel, bandwidth : 0.3, bandwidth_mode : heuristic, epsilon : 0.1, normalized : True, random_seed : 65, 
bias_direct: 0.09318233913147628
rmse_direct: 0.12359224899283017
bias_indirect: 0.017077052083866808
rmse_indirect: 0.023279551900956413
bias_total: 0.10461878988168585
rmse_total: 0.1298678328764702
bias_mr: 0.09319426905711614
rmse_mr: 0.12379139875174666
coverage: 0.7931034482758621
