Experiment: expname : nonparametric_experiment, data : uniform, n_samples : 5000, mediator_dimension : 1, covariate_dimension : 1, alpha : 0.0, beta : 0.0, stochasticity : 1, gamma : 0.3, noise : uniform, 
Running with estimator : kme_dml, regularization : True, sample_splits : 1, reg_lambda : 0.001, reg_lambda_tilde : 0.001, kernel : linear, density : conditional_kernel, bandwidth : 0.3, bandwidth_mode : heuristic, epsilon : 0.1, normalized : True, random_seed : 2, 
bias_direct: 0.033744905666947884
rmse_direct: 0.04242610065113453
bias_indirect: 0.006886554373963552
rmse_indirect: 0.007864382519332459
bias_total: 0.03215369253677642
rmse_total: 0.040838249480611565
bias_mr: 0.029730166514705194
rmse_mr: 0.03524066682411141
coverage: 1.0
