Experiment: expname : baselines_experiment, data : uniform, n_samples : 1000, mediator_dimension : 1, covariate_dimension : 1, alpha : 0.5, beta : 0.25, stochasticity : 1, gamma : 0.3, noise : uniform, 
Running with estimator : kme_g_computation, regularization : True, sample_splits : 1, reg_lambda : 0.001, reg_lambda_tilde : 0.001, kernel : gauss, density : gaussian, bandwidth : 0.3, bandwidth_mode : heuristic, epsilon : 0.3, normalized : True, random_seed : 54, 
bias_direct: 0.366537847437177
rmse_direct: 0.4825749034297659
bias_indirect: 0.35507536556907165
rmse_indirect: 0.47965907890921966
bias_total: 0.038913608767123416
rmse_total: 0.045245985302628314
bias_mr: 0.3798004116883965
rmse_mr: 0.4944583381311889
coverage: 0.0
