Experiment: expname : nonparametric_experiment, data : uniform, n_samples : 5000, mediator_dimension : 1, covariate_dimension : 1, alpha : 0.0, beta : 0.0, stochasticity : 1, gamma : 0.3, noise : uniform, 
Running with estimator : kme_dml, regularization : True, sample_splits : 1, reg_lambda : 0.001, reg_lambda_tilde : 0.001, kernel : linear, density : conditional_kernel, bandwidth : 0.3, bandwidth_mode : heuristic, epsilon : 0.1, normalized : True, random_seed : 51, 
bias_direct: 0.02815103676573561
rmse_direct: 0.03571280270971643
bias_indirect: 0.021755334551027117
rmse_indirect: 0.028818672840960426
bias_total: 0.016171878501765963
rmse_total: 0.018987436155660998
bias_mr: 0.024560975220123904
rmse_mr: 0.03231219807502928
coverage: 1.0
