Experiment: expname : baselines_experiment, data : uniform, n_samples : 1000, mediator_dimension : 1, covariate_dimension : 1, alpha : 0.5, beta : 0.25, stochasticity : 1, gamma : 0.3, noise : uniform, 
Running with estimator : kme_g_computation, regularization : True, sample_splits : 1, reg_lambda : 0.001, reg_lambda_tilde : 0.001, kernel : gauss, density : gaussian, bandwidth : 0.3, bandwidth_mode : heuristic, epsilon : 0.3, normalized : True, random_seed : 44, 
bias_direct: 0.37741078099216163
rmse_direct: 0.4878144299994717
bias_indirect: 0.46519064836412627
rmse_indirect: 0.5977016686731215
bias_total: 0.08777986737196472
rmse_total: 0.11423483126440458
bias_mr: 0.4006564912061484
rmse_mr: 0.5193853213807634
coverage: 0.0
