Experiment: expname : nonparametric_experiment, data : uniform, n_samples : 5000, mediator_dimension : 1, covariate_dimension : 1, alpha : 0.0, beta : 0.0, stochasticity : 1, gamma : 0.3, noise : uniform, 
Running with estimator : kme_g_computation, regularization : True, sample_splits : 1, reg_lambda : 0.001, reg_lambda_tilde : 0.001, kernel : gauss, density : conditional_kernel, bandwidth : 0.3, bandwidth_mode : heuristic, epsilon : 0.1, normalized : True, random_seed : 83, 
bias_direct: 0.17024405726430347
rmse_direct: 0.19179564156312057
bias_indirect: 0.1514480264965794
rmse_indirect: 0.1745799214532799
bias_total: 0.023541189441708164
rmse_total: 0.029157264552765936
bias_mr: 0.17605604878289768
rmse_mr: 0.19943486636206165
coverage: 0.0
