Experiment: expname : nonparametric_experiment, data : uniform, n_samples : 1000, mediator_dimension : 1, covariate_dimension : 1, alpha : 0.0, beta : 0.0, stochasticity : 1, gamma : 0.3, noise : uniform, 
Running with estimator : kme_dml, regularization : True, sample_splits : 1, reg_lambda : 0.001, reg_lambda_tilde : 0.001, kernel : linear, density : conditional_kernel, bandwidth : 0.3, bandwidth_mode : heuristic, epsilon : 0.1, normalized : True, random_seed : 38, 
bias_direct: 0.07651816078875641
rmse_direct: 0.08908819011530655
bias_indirect: 0.017145670885373665
rmse_indirect: 0.021022580751621146
bias_total: 0.07093682681706726
rmse_total: 0.07690732991153439
bias_mr: 0.08632470380202624
rmse_mr: 0.11300866343019728
coverage: 0.7241379310344828
