Experiment: expname : nonparametric_experiment, data : uniform, n_samples : 5000, mediator_dimension : 1, covariate_dimension : 1, alpha : 0.0, beta : 0.0, stochasticity : 1, gamma : 0.3, noise : uniform, 
Running with estimator : ipw, regularization : True, sample_splits : 1, reg_lambda : 0.001, reg_lambda_tilde : 0.001, kernel : linear, density : conditional_kernel, bandwidth : 0.3, bandwidth_mode : heuristic, epsilon : 0.1, normalized : True, random_seed : 93, 
bias_direct: 0.043491527255799564
rmse_direct: 0.05701987123924477
bias_indirect: 0.0239624096974974
rmse_indirect: 0.030632060750876548
bias_total: 0.04147623994723356
rmse_total: 0.05612990245303578
bias_mr: 0.054006839324601326
rmse_mr: 0.0660277721116226
coverage: 0.0
