Experiment: expname : baselines_experiment, data : uniform, n_samples : 500, mediator_dimension : 1, covariate_dimension : 1, alpha : 0.5, beta : 0.25, stochasticity : 1, gamma : 0.3, noise : uniform, 
Running with estimator : kme_g_computation, regularization : True, sample_splits : 1, reg_lambda : 0.001, reg_lambda_tilde : 0.001, kernel : gauss, density : gaussian, bandwidth : 0.3, bandwidth_mode : heuristic, epsilon : 0.3, normalized : True, random_seed : 27, 
bias_direct: 0.3713076555325033
rmse_direct: 0.48674599974815036
bias_indirect: 0.3712134101333746
rmse_indirect: 0.49170458146063556
bias_total: 0.06150279445182683
rmse_total: 0.08207643640542343
bias_mr: 0.40346428882094904
rmse_mr: 0.5163293745585372
coverage: 0.0
