Experiment: expname : nonparametric_experiment, data : uniform, n_samples : 500, mediator_dimension : 1, covariate_dimension : 1, alpha : 0.0, beta : 0.0, stochasticity : 1, gamma : 0.3, noise : uniform, 
Running with estimator : kme_dml, regularization : True, sample_splits : 1, reg_lambda : 0.001, reg_lambda_tilde : 0.001, kernel : gauss, density : conditional_kernel, bandwidth : 0.3, bandwidth_mode : heuristic, epsilon : 0.1, normalized : True, random_seed : 43, 
bias_direct: 0.1202979083684885
rmse_direct: 0.1580755137642557
bias_indirect: 0.016686359258170726
rmse_indirect: 0.019854127997245414
bias_total: 0.10522251508705888
rmse_total: 0.14344998176349663
bias_mr: 0.13751925548586588
rmse_mr: 0.16114055793175888
coverage: 0.6896551724137931
