Experiment: expname : nonparametric_experiment, data : uniform, n_samples : 500, mediator_dimension : 1, covariate_dimension : 1, alpha : 0.0, beta : 0.0, stochasticity : 1, gamma : 0.3, noise : uniform, 
Running with estimator : kme_dml, regularization : True, sample_splits : 1, reg_lambda : 0.001, reg_lambda_tilde : 0.001, kernel : gauss, density : gaussian, bandwidth : 0.3, bandwidth_mode : heuristic, epsilon : 0.1, normalized : True, random_seed : 63, 
bias_direct: 0.020732609283068262
rmse_direct: 0.026233070268424787
bias_indirect: 0.03368842289178601
rmse_indirect: 0.03503521519238259
bias_total: 0.046926762787183295
rmse_total: 0.05200345924382325
bias_mr: 0.023270969328880696
rmse_mr: 0.02827773099466147
coverage: 1.0
