Experiment: expname : nonparametric_experiment, data : uniform, n_samples : 500, mediator_dimension : 1, covariate_dimension : 1, alpha : 0.0, beta : 0.0, stochasticity : 1, gamma : 0.3, noise : uniform, 
Running with estimator : ipw, regularization : True, sample_splits : 1, reg_lambda : 0.001, reg_lambda_tilde : 0.001, kernel : gauss, density : conditional_kernel, bandwidth : 0.3, bandwidth_mode : heuristic, epsilon : 0.1, normalized : True, random_seed : 56, 
bias_direct: 0.1910444762127261
rmse_direct: 0.22160681371875518
bias_indirect: 0.04566432118531251
rmse_indirect: 0.05910724281733415
bias_total: 0.22499294509694742
rmse_total: 0.2641545112575052
bias_mr: 0.17383075619290897
rmse_mr: 0.18691624645059057
coverage: 0.0
