Experiment: expname : baselines_experiment, data : uniform, n_samples : 500, mediator_dimension : 1, covariate_dimension : 1, alpha : 0.5, beta : 0.25, stochasticity : 1, gamma : 0.3, noise : uniform, 
Running with estimator : linear, regularization : True, sample_splits : 1, reg_lambda : 0.001, reg_lambda_tilde : 0.001, kernel : gauss, density : gaussian, bandwidth : 0.3, bandwidth_mode : heuristic, epsilon : 0.3, normalized : True, random_seed : 91, 
bias_direct: 0.3295552556824758
rmse_direct: 0.3766772712803417
bias_indirect: 0.015757467850797287
rmse_indirect: 0.01790919988575642
bias_total: 0.34445920832483085
rmse_total: 0.39246759972709844
bias_mr: 0.31685310885140133
rmse_mr: 0.33705854887164316
coverage: 0.0
