Experiment: expname : nonparametric_experiment, data : uniform, n_samples : 1000, mediator_dimension : 1, covariate_dimension : 1, alpha : 0.0, beta : 0.0, stochasticity : 1, gamma : 0.3, noise : uniform, 
Running with estimator : kme_g_computation, regularization : True, sample_splits : 1, reg_lambda : 0.001, reg_lambda_tilde : 0.001, kernel : gauss, density : gaussian, bandwidth : 0.3, bandwidth_mode : heuristic, epsilon : 0.1, normalized : True, random_seed : 47, 
bias_direct: 0.19444879104053056
rmse_direct: 0.21799635928423172
bias_indirect: 0.19007431781528245
rmse_indirect: 0.2240706175257246
bias_total: 0.053460590304676966
rmse_total: 0.07044588094280238
bias_mr: 0.21859170115991372
rmse_mr: 0.2659011493553957
coverage: 0.0
