Experiment: expname : baselines_experiment, data : uniform, n_samples : 1000, mediator_dimension : 1, covariate_dimension : 1, alpha : 0.5, beta : 0.25, stochasticity : 1, gamma : 0.3, noise : uniform, 
Running with estimator : linear, regularization : True, sample_splits : 1, reg_lambda : 0.001, reg_lambda_tilde : 0.001, kernel : gauss, density : gaussian, bandwidth : 0.3, bandwidth_mode : heuristic, epsilon : 0.3, normalized : True, random_seed : 72, 
bias_direct: 0.35621624163637833
rmse_direct: 0.40436419780617017
bias_indirect: 0.012257714783671096
rmse_indirect: 0.013931544476687588
bias_total: 0.36847395642004943
rmse_total: 0.4168620096138027
bias_mr: 0.344428149664009
rmse_mr: 0.36603820743268134
coverage: 0.0
