Experiment: expname : nonparametric_experiment, data : uniform, n_samples : 500, mediator_dimension : 1, covariate_dimension : 1, alpha : 0.0, beta : 0.0, stochasticity : 1, gamma : 0.3, noise : uniform, 
Running with estimator : kme_g_computation, regularization : True, sample_splits : 1, reg_lambda : 0.001, reg_lambda_tilde : 0.001, kernel : linear, density : gaussian, bandwidth : 0.3, bandwidth_mode : heuristic, epsilon : 0.1, normalized : True, random_seed : 83, 
bias_direct: 0.17619098291458898
rmse_direct: 0.20019350461862118
bias_indirect: 0.11330308226550513
rmse_indirect: 0.12877503175131863
bias_total: 0.06288790064908385
rmse_total: 0.07142830129005098
bias_mr: 0.17724693791715332
rmse_mr: 0.20325406205977065
coverage: 0.0
