Experiment: expname : nonparametric_experiment, data : uniform, n_samples : 500, mediator_dimension : 1, covariate_dimension : 1, alpha : 0.0, beta : 0.0, stochasticity : 1, gamma : 0.3, noise : uniform, 
Running with estimator : kme_dml, regularization : True, sample_splits : 1, reg_lambda : 0.001, reg_lambda_tilde : 0.001, kernel : gauss, density : conditional_kernel, bandwidth : 0.3, bandwidth_mode : heuristic, epsilon : 0.1, normalized : True, random_seed : 56, 
bias_direct: 0.1282310689540792
rmse_direct: 0.1582476444921079
bias_indirect: 0.06733953613863414
rmse_indirect: 0.07671224056506955
bias_total: 0.1933673800588399
rmse_total: 0.23179430389197467
bias_mr: 0.09794856807127608
rmse_mr: 0.1114330374898364
coverage: 1.0
