Experiment: expname : nonparametric_experiment, data : uniform, n_samples : 500, mediator_dimension : 1, covariate_dimension : 1, alpha : 0.0, beta : 0.0, stochasticity : 1, gamma : 0.3, noise : uniform, 
Running with estimator : ipw, regularization : True, sample_splits : 1, reg_lambda : 0.001, reg_lambda_tilde : 0.001, kernel : linear, density : conditional_kernel, bandwidth : 0.3, bandwidth_mode : heuristic, epsilon : 0.1, normalized : True, random_seed : 3, 
bias_direct: 0.18117002718123212
rmse_direct: 0.20174961627163412
bias_indirect: 0.054841632497023826
rmse_indirect: 0.062401437354169975
bias_total: 0.1280564201832748
rmse_total: 0.151178922439581
bias_mr: 0.1386273338910893
rmse_mr: 0.16557232133365246
coverage: 0.0
