Experiment: expname : nonparametric_experiment, data : uniform, n_samples : 1000, mediator_dimension : 1, covariate_dimension : 1, alpha : 0.0, beta : 0.0, stochasticity : 1, gamma : 0.3, noise : uniform, 
Running with estimator : kme_g_computation, regularization : True, sample_splits : 1, reg_lambda : 0.001, reg_lambda_tilde : 0.001, kernel : gauss, density : conditional_kernel, bandwidth : 0.3, bandwidth_mode : heuristic, epsilon : 0.1, normalized : True, random_seed : 58, 
bias_direct: 0.16337790440030325
rmse_direct: 0.18834587728345933
bias_indirect: 0.18501214911023947
rmse_indirect: 0.21110124174597858
bias_total: 0.03422674576989999
rmse_total: 0.04458818761464529
bias_mr: 0.16133987920323065
rmse_mr: 0.18984479195974763
coverage: 0.0
