Experiment: expname : nonparametric_experiment, data : uniform, n_samples : 1000, mediator_dimension : 1, covariate_dimension : 1, alpha : 0.0, beta : 0.0, stochasticity : 1, gamma : 0.3, noise : uniform, 
Running with estimator : kme_dml, regularization : True, sample_splits : 1, reg_lambda : 0.001, reg_lambda_tilde : 0.001, kernel : linear, density : conditional_kernel, bandwidth : 0.3, bandwidth_mode : heuristic, epsilon : 0.1, normalized : True, random_seed : 66, 
bias_direct: 0.04019306103723655
rmse_direct: 0.05552249461853091
bias_indirect: 0.02399740612489887
rmse_indirect: 0.02907078085295993
bias_total: 0.06347739460853333
rmse_total: 0.07331444205702892
bias_mr: 0.031312145042578364
rmse_mr: 0.037422116999514525
coverage: 1.0
