Experiment: expname : nonparametric_experiment, data : uniform, n_samples : 5000, mediator_dimension : 1, covariate_dimension : 1, alpha : 0.0, beta : 0.0, stochasticity : 1, gamma : 0.3, noise : uniform, 
Running with estimator : ipw, regularization : True, sample_splits : 1, reg_lambda : 0.001, reg_lambda_tilde : 0.001, kernel : gauss, density : conditional_kernel, bandwidth : 0.3, bandwidth_mode : heuristic, epsilon : 0.1, normalized : True, random_seed : 79, 
bias_direct: 0.046791428298829235
rmse_direct: 0.054322543410325004
bias_indirect: 0.022464031963345333
rmse_indirect: 0.025923413029311743
bias_total: 0.043165995161701984
rmse_total: 0.05498795923560283
bias_mr: 0.05335228801560366
rmse_mr: 0.06417466028703721
coverage: 0.0
