Experiment: expname : nonparametric_experiment, data : uniform, n_samples : 5000, mediator_dimension : 1, covariate_dimension : 1, alpha : 0.0, beta : 0.0, stochasticity : 1, gamma : 0.3, noise : uniform, 
Running with estimator : kme_dml, regularization : True, sample_splits : 1, reg_lambda : 0.001, reg_lambda_tilde : 0.001, kernel : gauss, density : conditional_kernel, bandwidth : 0.3, bandwidth_mode : heuristic, epsilon : 0.1, normalized : True, random_seed : 47, 
bias_direct: 0.07449067423148534
rmse_direct: 0.0893509180956943
bias_indirect: 0.007610138874487303
rmse_indirect: 0.00952196334158844
bias_total: 0.08042451469974335
rmse_total: 0.09407540741075084
bias_mr: 0.04370368318385829
rmse_mr: 0.056428177035949434
coverage: 0.7931034482758621
