Experiment: expname : nonparametric_experiment, data : uniform, n_samples : 5000, mediator_dimension : 1, covariate_dimension : 1, alpha : 0.0, beta : 0.0, stochasticity : 1, gamma : 0.3, noise : uniform, 
Running with estimator : kme_dml, regularization : True, sample_splits : 1, reg_lambda : 0.001, reg_lambda_tilde : 0.001, kernel : linear, density : gaussian, bandwidth : 0.3, bandwidth_mode : heuristic, epsilon : 0.1, normalized : True, random_seed : 6, 
bias_direct: 0.04698754755768557
rmse_direct: 0.06672500696328518
bias_indirect: 0.005795393820158785
rmse_indirect: 0.008070356694954737
bias_total: 0.05185044222580183
rmse_total: 0.07333450210751236
bias_mr: 0.0556967060719295
rmse_mr: 0.062497548170957797
coverage: 0.7241379310344828
