Experiment: expname : nonparametric_experiment, data : uniform, n_samples : 1000, mediator_dimension : 1, covariate_dimension : 1, alpha : 0.0, beta : 0.0, stochasticity : 1, gamma : 0.3, noise : uniform, 
Running with estimator : kme_dml, regularization : True, sample_splits : 1, reg_lambda : 0.001, reg_lambda_tilde : 0.001, kernel : gauss, density : conditional_kernel, bandwidth : 0.3, bandwidth_mode : heuristic, epsilon : 0.1, normalized : True, random_seed : 36, 
bias_direct: 0.03016288514129563
rmse_direct: 0.038511172017606676
bias_indirect: 0.056717702079217155
rmse_indirect: 0.07340246046546559
bias_total: 0.06162932628376449
rmse_total: 0.06981745435639249
bias_mr: 0.09906879336672093
rmse_mr: 0.1061765566020539
coverage: 0.8275862068965517
