Experiment: expname : baselines_experiment, data : uniform, n_samples : 500, mediator_dimension : 1, covariate_dimension : 1, alpha : 0.5, beta : 0.25, stochasticity : 1, gamma : 0.3, noise : uniform, 
Running with estimator : linear, regularization : True, sample_splits : 1, reg_lambda : 0.001, reg_lambda_tilde : 0.001, kernel : gauss, density : gaussian, bandwidth : 0.3, bandwidth_mode : heuristic, epsilon : 0.3, normalized : True, random_seed : 99, 
bias_direct: 0.33007505009233684
rmse_direct: 0.377268752083282
bias_indirect: 0.003318392162739858
rmse_indirect: 0.0037715291000151837
bias_total: 0.327169613398738
rmse_total: 0.37396623411352076
bias_mr: 0.31691534758924944
rmse_mr: 0.33800403160788006
coverage: 0.0
