Experiment: expname : nonparametric_experiment, data : uniform, n_samples : 500, mediator_dimension : 1, covariate_dimension : 1, alpha : 0.0, beta : 0.0, stochasticity : 1, gamma : 0.3, noise : uniform, 
Running with estimator : ipw, regularization : True, sample_splits : 1, reg_lambda : 0.001, reg_lambda_tilde : 0.001, kernel : linear, density : conditional_kernel, bandwidth : 0.3, bandwidth_mode : heuristic, epsilon : 0.1, normalized : True, random_seed : 47, 
bias_direct: 0.12624024261066258
rmse_direct: 0.14954096601842165
bias_indirect: 0.043292229481092334
rmse_indirect: 0.04771230322850977
bias_total: 0.13259231669868943
rmse_total: 0.15018295405684687
bias_mr: 0.0856102930689286
rmse_mr: 0.11523693337641275
coverage: 0.0
