Experiment: expname : baselines_experiment, data : uniform, n_samples : 1000, mediator_dimension : 1, covariate_dimension : 1, alpha : 0.5, beta : 0.25, stochasticity : 1, gamma : 0.3, noise : uniform, 
Running with estimator : kme_g_computation, regularization : True, sample_splits : 1, reg_lambda : 0.001, reg_lambda_tilde : 0.001, kernel : gauss, density : gaussian, bandwidth : 0.3, bandwidth_mode : heuristic, epsilon : 0.3, normalized : True, random_seed : 50, 
bias_direct: 0.3737231534080281
rmse_direct: 0.48206926974269615
bias_indirect: 0.47951913275988095
rmse_indirect: 0.6210927129004814
bias_total: 0.11043670201250116
rmse_total: 0.18170479061090014
bias_mr: 0.4013052060981873
rmse_mr: 0.5154636819949042
coverage: 0.0
