Experiment: expname : baselines_experiment, data : uniform, n_samples : 500, mediator_dimension : 1, covariate_dimension : 1, alpha : 0.5, beta : 0.25, stochasticity : 1, gamma : 0.3, noise : uniform, 
Running with estimator : linear, regularization : True, sample_splits : 1, reg_lambda : 0.001, reg_lambda_tilde : 0.001, kernel : gauss, density : gaussian, bandwidth : 0.3, bandwidth_mode : heuristic, epsilon : 0.3, normalized : True, random_seed : 34, 
bias_direct: 0.22951336382403226
rmse_direct: 0.26221179070927764
bias_indirect: 0.004930927831889899
rmse_indirect: 0.005604261611048598
bias_total: 0.23273490334086688
rmse_total: 0.26628666098460324
bias_mr: 0.19640581682734778
rmse_mr: 0.21470061363254908
coverage: 0.0
