Experiment: expname : baselines_experiment, data : uniform, n_samples : 1000, mediator_dimension : 1, covariate_dimension : 1, alpha : 0.5, beta : 0.25, stochasticity : 1, gamma : 0.3, noise : uniform, 
Running with estimator : linear, regularization : True, sample_splits : 1, reg_lambda : 0.001, reg_lambda_tilde : 0.001, kernel : gauss, density : gaussian, bandwidth : 0.3, bandwidth_mode : heuristic, epsilon : 0.3, normalized : True, random_seed : 80, 
bias_direct: 0.26847975909850147
rmse_direct: 0.3077962320326138
bias_indirect: 0.006102364033074555
rmse_indirect: 0.006935661127714324
bias_total: 0.26384196243336483
rmse_total: 0.3022207911484314
bias_mr: 0.24462257526585793
rmse_mr: 0.2648456133545369
coverage: 0.0
