Experiment: expname : nonparametric_experiment, data : uniform, n_samples : 500, mediator_dimension : 1, covariate_dimension : 1, alpha : 0.0, beta : 0.0, stochasticity : 1, gamma : 0.3, noise : uniform, 
Running with estimator : kme_g_computation, regularization : True, sample_splits : 1, reg_lambda : 0.001, reg_lambda_tilde : 0.001, kernel : gauss, density : conditional_kernel, bandwidth : 0.3, bandwidth_mode : heuristic, epsilon : 0.1, normalized : True, random_seed : 14, 
bias_direct: 0.16092549127924954
rmse_direct: 0.19540959228627341
bias_indirect: 0.101295823370463
rmse_indirect: 0.14417054902437068
bias_total: 0.06338205835459064
rmse_total: 0.08439768001965398
bias_mr: 0.1545854971423346
rmse_mr: 0.18374249886593677
coverage: 0.0
