Experiment: expname : nonparametric_experiment, data : uniform, n_samples : 500, mediator_dimension : 1, covariate_dimension : 1, alpha : 0.0, beta : 0.0, stochasticity : 1, gamma : 0.3, noise : uniform, 
Running with estimator : kme_g_computation, regularization : True, sample_splits : 1, reg_lambda : 0.001, reg_lambda_tilde : 0.001, kernel : gauss, density : conditional_kernel, bandwidth : 0.3, bandwidth_mode : heuristic, epsilon : 0.1, normalized : True, random_seed : 82, 
bias_direct: 0.15871753026469618
rmse_direct: 0.18574521888661435
bias_indirect: 0.2139968321617911
rmse_indirect: 0.24237796019712865
bias_total: 0.055279301897094915
rmse_total: 0.0639272792187926
bias_mr: 0.15938638382633089
rmse_mr: 0.18471206556494368
coverage: 0.0
