Experiment: expname : baselines_experiment, data : uniform, n_samples : 500, mediator_dimension : 1, covariate_dimension : 1, alpha : 0.5, beta : 0.25, stochasticity : 1, gamma : 0.3, noise : uniform, 
Running with estimator : kme_dml, regularization : True, sample_splits : 1, reg_lambda : 0.001, reg_lambda_tilde : 0.001, kernel : gauss, density : gaussian, bandwidth : 0.3, bandwidth_mode : heuristic, epsilon : 0.3, normalized : True, random_seed : 21, 
bias_direct: 0.10594933599867998
rmse_direct: 0.13497871488375016
bias_indirect: 0.01745311214963885
rmse_indirect: 0.022794808555672834
bias_total: 0.11537223247772839
rmse_total: 0.14397391723316458
bias_mr: 0.11706567539995362
rmse_mr: 0.15296138889481442
coverage: 0.8620689655172413
