Experiment: expname : nonparametric_experiment, data : uniform, n_samples : 500, mediator_dimension : 1, covariate_dimension : 1, alpha : 0.0, beta : 0.0, stochasticity : 1, gamma : 0.3, noise : uniform, 
Running with estimator : kme_g_computation, regularization : True, sample_splits : 1, reg_lambda : 0.001, reg_lambda_tilde : 0.001, kernel : linear, density : gaussian, bandwidth : 0.3, bandwidth_mode : heuristic, epsilon : 0.1, normalized : True, random_seed : 6, 
bias_direct: 0.1778829924619661
rmse_direct: 0.20204474632934089
bias_indirect: 0.2148162049801859
rmse_indirect: 0.2441499954264401
bias_total: 0.03693321251821971
rmse_total: 0.04233428698830675
bias_mr: 0.1785647865094617
rmse_mr: 0.20349404505709826
coverage: 0.0
