Experiment: expname : baselines_experiment, data : uniform, n_samples : 1000, mediator_dimension : 1, covariate_dimension : 1, alpha : 0.5, beta : 0.25, stochasticity : 1, gamma : 0.3, noise : uniform, 
Running with estimator : ipw, regularization : True, sample_splits : 1, reg_lambda : 0.001, reg_lambda_tilde : 0.001, kernel : gauss, density : gaussian, bandwidth : 0.3, bandwidth_mode : heuristic, epsilon : 0.3, normalized : True, random_seed : 23, 
bias_direct: 0.12198369622150652
rmse_direct: 0.16296875781911882
bias_indirect: 0.0698275862068966
rmse_indirect: 0.07936276378669078
bias_total: 0.06525569942381837
rmse_total: 0.10122364212504763
bias_mr: 0.1379159526357349
rmse_mr: 0.22751447349393736
coverage: 0.0
