Experiment: expname : nonparametric_experiment, data : uniform, n_samples : 1000, mediator_dimension : 1, covariate_dimension : 1, alpha : 0.0, beta : 0.0, stochasticity : 1, gamma : 0.3, noise : uniform, 
Running with estimator : kme_g_computation, regularization : True, sample_splits : 1, reg_lambda : 0.001, reg_lambda_tilde : 0.001, kernel : gauss, density : conditional_kernel, bandwidth : 0.3, bandwidth_mode : heuristic, epsilon : 0.1, normalized : True, random_seed : 1, 
bias_direct: 0.17274214511407887
rmse_direct: 0.19447082770242388
bias_indirect: 0.21767313444815886
rmse_indirect: 0.24140468268803822
bias_total: 0.04637112437475326
rmse_total: 0.05590066514489914
bias_mr: 0.17652828788017827
rmse_mr: 0.20017666858773195
coverage: 0.0
