Experiment: expname : nonparametric_experiment, data : uniform, n_samples : 1000, mediator_dimension : 1, covariate_dimension : 1, alpha : 0.0, beta : 0.0, stochasticity : 1, gamma : 0.3, noise : uniform, 
Running with estimator : kme_dml, regularization : True, sample_splits : 1, reg_lambda : 0.001, reg_lambda_tilde : 0.001, kernel : gauss, density : gaussian, bandwidth : 0.3, bandwidth_mode : heuristic, epsilon : 0.1, normalized : True, random_seed : 9, 
bias_direct: 0.09960769492279609
rmse_direct: 0.11352922050890853
bias_indirect: 0.038616423667325074
rmse_indirect: 0.04699549115787792
bias_total: 0.13822411859012115
rmse_total: 0.15242120552145158
bias_mr: 0.10624615141226577
rmse_mr: 0.12325484033179875
coverage: 0.6896551724137931
