Experiment: expname : baselines_experiment, data : uniform, n_samples : 1000, mediator_dimension : 1, covariate_dimension : 1, alpha : 0.5, beta : 0.25, stochasticity : 1, gamma : 0.3, noise : uniform, 
Running with estimator : linear, regularization : True, sample_splits : 1, reg_lambda : 0.001, reg_lambda_tilde : 0.001, kernel : gauss, density : gaussian, bandwidth : 0.3, bandwidth_mode : heuristic, epsilon : 0.3, normalized : True, random_seed : 29, 
bias_direct: 0.2987208794290438
rmse_direct: 0.3421421725643016
bias_indirect: 0.0036390575960278428
rmse_indirect: 0.004135982411650314
bias_total: 0.30190707652423265
rmse_total: 0.3456559083537315
bias_mr: 0.2820047891091619
rmse_mr: 0.3007875217807956
coverage: 0.0
