Experiment: expname : nonparametric_experiment, data : uniform, n_samples : 500, mediator_dimension : 1, covariate_dimension : 1, alpha : 0.0, beta : 0.0, stochasticity : 1, gamma : 0.3, noise : uniform, 
Running with estimator : ipw, regularization : True, sample_splits : 1, reg_lambda : 0.001, reg_lambda_tilde : 0.001, kernel : linear, density : gaussian, bandwidth : 0.3, bandwidth_mode : heuristic, epsilon : 0.1, normalized : True, random_seed : 48, 
bias_direct: 0.2026826243523596
rmse_direct: 0.24409222506560746
bias_indirect: 0.0698275862068966
rmse_indirect: 0.07936276378669077
bias_total: 0.19771330284263222
rmse_total: 0.21189145965384967
bias_mr: 0.11947792120253188
rmse_mr: 0.13648584923794113
coverage: 0.0
