Experiment: expname : baselines_experiment, data : uniform, n_samples : 1000, mediator_dimension : 1, covariate_dimension : 1, alpha : 0.5, beta : 0.25, stochasticity : 1, gamma : 0.3, noise : uniform, 
Running with estimator : kme_g_computation, regularization : True, sample_splits : 1, reg_lambda : 0.001, reg_lambda_tilde : 0.001, kernel : gauss, density : gaussian, bandwidth : 0.3, bandwidth_mode : heuristic, epsilon : 0.3, normalized : True, random_seed : 87, 
bias_direct: 0.351737343914479
rmse_direct: 0.4662470751676332
bias_indirect: 0.4392818648496897
rmse_indirect: 0.5547483775376231
bias_total: 0.08754452093521072
rmse_total: 0.10194626044630341
bias_mr: 0.38378821691086307
rmse_mr: 0.5134796848990739
coverage: 0.0
