Experiment: expname : nonparametric_experiment, data : uniform, n_samples : 5000, mediator_dimension : 1, covariate_dimension : 1, alpha : 0.0, beta : 0.0, stochasticity : 1, gamma : 0.3, noise : uniform, 
Running with estimator : kme_dml, regularization : True, sample_splits : 1, reg_lambda : 0.001, reg_lambda_tilde : 0.001, kernel : linear, density : conditional_kernel, bandwidth : 0.3, bandwidth_mode : heuristic, epsilon : 0.1, normalized : True, random_seed : 26, 
bias_direct: 0.018212939055462816
rmse_direct: 0.02175929489104279
bias_indirect: 0.016055315169268062
rmse_indirect: 0.019395451609838178
bias_total: 0.0224041923520225
rmse_total: 0.02682476667833467
bias_mr: 0.016249852079333046
rmse_mr: 0.01938052784953609
coverage: 1.0
