Experiment: expname : nonparametric_experiment, data : uniform, n_samples : 500, mediator_dimension : 1, covariate_dimension : 1, alpha : 0.0, beta : 0.0, stochasticity : 1, gamma : 0.3, noise : uniform, 
Running with estimator : kme_dml, regularization : True, sample_splits : 1, reg_lambda : 0.001, reg_lambda_tilde : 0.001, kernel : linear, density : gaussian, bandwidth : 0.3, bandwidth_mode : heuristic, epsilon : 0.1, normalized : True, random_seed : 1, 
bias_direct: 0.06810840974544882
rmse_direct: 0.09005480609824575
bias_indirect: 0.02867943153422982
rmse_indirect: 0.03805599378024917
bias_total: 0.09337476634280598
rmse_total: 0.12558169934120195
bias_mr: 0.06273758099665938
rmse_mr: 0.08454350284698471
coverage: 1.0
