Experiment: expname : nonparametric_experiment, data : uniform, n_samples : 500, mediator_dimension : 1, covariate_dimension : 1, alpha : 0.0, beta : 0.0, stochasticity : 1, gamma : 0.3, noise : uniform, 
Running with estimator : kme_dml, regularization : True, sample_splits : 1, reg_lambda : 0.001, reg_lambda_tilde : 0.001, kernel : linear, density : conditional_kernel, bandwidth : 0.3, bandwidth_mode : heuristic, epsilon : 0.1, normalized : True, random_seed : 60, 
bias_direct: 0.1198801049668436
rmse_direct: 0.15576549722971297
bias_indirect: 0.0466478719990756
rmse_indirect: 0.058390340704199274
bias_total: 0.0902706062356872
rmse_total: 0.10692443869782159
bias_mr: 0.09499420830789389
rmse_mr: 0.11681820578034911
coverage: 1.0
