Experiment: expname : nonparametric_experiment, data : uniform, n_samples : 1000, mediator_dimension : 1, covariate_dimension : 1, alpha : 0.0, beta : 0.0, stochasticity : 1, gamma : 0.3, noise : uniform, 
Running with estimator : kme_dml, regularization : True, sample_splits : 1, reg_lambda : 0.001, reg_lambda_tilde : 0.001, kernel : gauss, density : conditional_kernel, bandwidth : 0.3, bandwidth_mode : heuristic, epsilon : 0.1, normalized : True, random_seed : 30, 
bias_direct: 0.11040188611986575
rmse_direct: 0.1304606041419628
bias_indirect: 0.03961341544008432
rmse_indirect: 0.04406801684128564
bias_total: 0.1480230166500901
rmse_total: 0.16877937608842217
bias_mr: 0.1212181880050397
rmse_mr: 0.15418362976433622
coverage: 0.6206896551724138
