Experiment: expname : nonparametric_experiment, data : uniform, n_samples : 1000, mediator_dimension : 1, covariate_dimension : 1, alpha : 0.0, beta : 0.0, stochasticity : 1, gamma : 0.3, noise : uniform, 
Running with estimator : kme_dml, regularization : True, sample_splits : 1, reg_lambda : 0.001, reg_lambda_tilde : 0.001, kernel : linear, density : gaussian, bandwidth : 0.3, bandwidth_mode : heuristic, epsilon : 0.1, normalized : True, random_seed : 59, 
bias_direct: 0.032246603855376414
rmse_direct: 0.04239179754579271
bias_indirect: 0.008499935976692078
rmse_indirect: 0.011461611589260316
bias_total: 0.026016379719147432
rmse_total: 0.03832246839291078
bias_mr: 0.039110338385156256
rmse_mr: 0.045204790660657794
coverage: 1.0
