Experiment: expname : nonparametric_experiment, data : uniform, n_samples : 1000, mediator_dimension : 1, covariate_dimension : 1, alpha : 0.0, beta : 0.0, stochasticity : 1, gamma : 0.3, noise : uniform, 
Running with estimator : kme_dml, regularization : True, sample_splits : 1, reg_lambda : 0.001, reg_lambda_tilde : 0.001, kernel : linear, density : conditional_kernel, bandwidth : 0.3, bandwidth_mode : heuristic, epsilon : 0.1, normalized : True, random_seed : 65, 
bias_direct: 0.0391492903971989
rmse_direct: 0.05313600138119582
bias_indirect: 0.024968222819773667
rmse_indirect: 0.030197650750204714
bias_total: 0.048595717330557904
rmse_total: 0.06284708628941552
bias_mr: 0.0403534133347347
rmse_mr: 0.0487383830843386
coverage: 1.0
