Experiment: expname : baselines_experiment, data : uniform, n_samples : 5000, mediator_dimension : 1, covariate_dimension : 1, alpha : 0.5, beta : 0.25, stochasticity : 1, gamma : 0.3, noise : uniform, 
Running with estimator : kme_g_computation, regularization : True, sample_splits : 1, reg_lambda : 0.001, reg_lambda_tilde : 0.001, kernel : gauss, density : gaussian, bandwidth : 0.3, bandwidth_mode : heuristic, epsilon : 0.3, normalized : True, random_seed : 81, 
bias_direct: 0.39444685473859536
rmse_direct: 0.5124206413991831
bias_indirect: 0.3988137434828849
rmse_indirect: 0.529348686381676
bias_total: 0.02468933897467228
rmse_total: 0.029359643164416808
bias_mr: 0.39177386903094213
rmse_mr: 0.5100958761339296
coverage: 0.0
