Experiment: expname : baselines_experiment, data : uniform, n_samples : 5000, mediator_dimension : 1, covariate_dimension : 1, alpha : 0.5, beta : 0.25, stochasticity : 1, gamma : 0.3, noise : uniform, 
Running with estimator : linear, regularization : True, sample_splits : 1, reg_lambda : 0.001, reg_lambda_tilde : 0.001, kernel : gauss, density : gaussian, bandwidth : 0.3, bandwidth_mode : heuristic, epsilon : 0.3, normalized : True, random_seed : 49, 
bias_direct: 0.2875218196053534
rmse_direct: 0.32990636063732104
bias_indirect: 0.0011512382858220468
rmse_indirect: 0.0013084435121268167
bias_total: 0.28852979268227313
rmse_total: 0.3310000228421257
bias_mr: 0.26919431534651744
rmse_mr: 0.28776554814692235
coverage: 0.0
