Experiment: expname : baselines_experiment, data : uniform, n_samples : 5000, mediator_dimension : 1, covariate_dimension : 1, alpha : 0.5, beta : 0.25, stochasticity : 1, gamma : 0.3, noise : uniform, 
Running with estimator : kme_g_computation, regularization : True, sample_splits : 1, reg_lambda : 0.001, reg_lambda_tilde : 0.001, kernel : gauss, density : gaussian, bandwidth : 0.3, bandwidth_mode : heuristic, epsilon : 0.3, normalized : True, random_seed : 15, 
bias_direct: 0.39470091278355807
rmse_direct: 0.5097765858932858
bias_indirect: 0.4269284172099454
rmse_indirect: 0.5587820534254135
bias_total: 0.05307430988635213
rmse_total: 0.07832333617097403
bias_mr: 0.4107451560468348
rmse_mr: 0.5322075319932473
coverage: 0.0
