Experiment: expname : nonparametric_experiment, data : uniform, n_samples : 5000, mediator_dimension : 1, covariate_dimension : 1, alpha : 0.0, beta : 0.0, stochasticity : 1, gamma : 0.3, noise : uniform, 
Running with estimator : kme_dml, regularization : True, sample_splits : 1, reg_lambda : 0.001, reg_lambda_tilde : 0.001, kernel : gauss, density : conditional_kernel, bandwidth : 0.3, bandwidth_mode : heuristic, epsilon : 0.1, normalized : True, random_seed : 5, 
bias_direct: 0.03857942626146445
rmse_direct: 0.04134289465512397
bias_indirect: 0.01968656286769425
rmse_indirect: 0.02454160881635549
bias_total: 0.022935244477506108
rmse_total: 0.02609266655054307
bias_mr: 0.026350693564817333
rmse_mr: 0.03128507992366241
coverage: 1.0
