Experiment: expname : baselines_experiment, data : uniform, n_samples : 500, mediator_dimension : 1, covariate_dimension : 1, alpha : 0.5, beta : 0.25, stochasticity : 1, gamma : 0.3, noise : uniform, 
Running with estimator : ipw, regularization : True, sample_splits : 1, reg_lambda : 0.001, reg_lambda_tilde : 0.001, kernel : gauss, density : gaussian, bandwidth : 0.3, bandwidth_mode : heuristic, epsilon : 0.3, normalized : True, random_seed : 71, 
bias_direct: 0.20047062969821458
rmse_direct: 0.2539522373661253
bias_indirect: 0.06982758620689661
rmse_indirect: 0.07936276378669077
bias_total: 0.20512580211200754
rmse_total: 0.23356864882832418
bias_mr: 0.17229210498481706
rmse_mr: 0.2353061351623882
coverage: 0.0
