Experiment: expname : baselines_experiment, data : uniform, n_samples : 1000, mediator_dimension : 1, covariate_dimension : 1, alpha : 0.5, beta : 0.25, stochasticity : 1, gamma : 0.3, noise : uniform, 
Running with estimator : ipw, regularization : True, sample_splits : 1, reg_lambda : 0.001, reg_lambda_tilde : 0.001, kernel : gauss, density : gaussian, bandwidth : 0.3, bandwidth_mode : heuristic, epsilon : 0.3, normalized : True, random_seed : 62, 
bias_direct: 0.19476109624452628
rmse_direct: 0.24254203102495997
bias_indirect: 0.0698275862068966
rmse_indirect: 0.07936276378669077
bias_total: 0.19569213072728486
rmse_total: 0.23497265044910637
bias_mr: 0.1988762887604715
rmse_mr: 0.23896698864035495
coverage: 0.0
