Experiment: expname : nonparametric_experiment, data : uniform, n_samples : 500, mediator_dimension : 1, covariate_dimension : 1, alpha : 0.0, beta : 0.0, stochasticity : 1, gamma : 0.3, noise : uniform, 
Running with estimator : kme_dml, regularization : True, sample_splits : 1, reg_lambda : 0.001, reg_lambda_tilde : 0.001, kernel : linear, density : conditional_kernel, bandwidth : 0.3, bandwidth_mode : heuristic, epsilon : 0.1, normalized : True, random_seed : 20, 
bias_direct: 0.014675097008260963
rmse_direct: 0.01961927963665281
bias_indirect: 0.02709609154810845
rmse_indirect: 0.03568753032441361
bias_total: 0.03189549571891305
rmse_total: 0.041826332726944644
bias_mr: 0.08785819446615928
rmse_mr: 0.08971088668309879
coverage: 1.0
