Experiment: expname : nonparametric_experiment, data : uniform, n_samples : 500, mediator_dimension : 1, covariate_dimension : 1, alpha : 0.0, beta : 0.0, stochasticity : 1, gamma : 0.3, noise : uniform, 
Running with estimator : kme_dml, regularization : True, sample_splits : 1, reg_lambda : 0.001, reg_lambda_tilde : 0.001, kernel : gauss, density : gaussian, bandwidth : 0.3, bandwidth_mode : heuristic, epsilon : 0.1, normalized : True, random_seed : 94, 
bias_direct: 0.013393807266748896
rmse_direct: 0.019577733913644896
bias_indirect: 0.047440333532163086
rmse_indirect: 0.05754633216256348
bias_total: 0.03506603200618979
rmse_total: 0.046077332669172216
bias_mr: 0.023297414669907233
rmse_mr: 0.025861633734008353
coverage: 1.0
