Experiment: expname : baselines_experiment, data : uniform, n_samples : 500, mediator_dimension : 1, covariate_dimension : 1, alpha : 0.5, beta : 0.25, stochasticity : 1, gamma : 0.3, noise : uniform, 
Running with estimator : linear, regularization : True, sample_splits : 1, reg_lambda : 0.001, reg_lambda_tilde : 0.001, kernel : gauss, density : gaussian, bandwidth : 0.3, bandwidth_mode : heuristic, epsilon : 0.3, normalized : True, random_seed : 29, 
bias_direct: 0.337438798646367
rmse_direct: 0.3854096664455423
bias_indirect: 0.015656750061744835
rmse_indirect: 0.017794728764300157
bias_total: 0.32349668100596896
rmse_total: 0.3698041680683429
bias_mr: 0.3260268853488933
rmse_mr: 0.3464851626176071
coverage: 0.0
