Experiment: expname : nonparametric_experiment, data : uniform, n_samples : 500, mediator_dimension : 1, covariate_dimension : 1, alpha : 0.0, beta : 0.0, stochasticity : 1, gamma : 0.3, noise : uniform, 
Running with estimator : kme_dml, regularization : True, sample_splits : 1, reg_lambda : 0.001, reg_lambda_tilde : 0.001, kernel : gauss, density : conditional_kernel, bandwidth : 0.3, bandwidth_mode : heuristic, epsilon : 0.1, normalized : True, random_seed : 11, 
bias_direct: 0.031846897176082134
rmse_direct: 0.03878269905753407
bias_indirect: 0.03318412938069549
rmse_indirect: 0.04175834103700751
bias_total: 0.053176809923219735
rmse_total: 0.06134538678039095
bias_mr: 0.07374098732643537
rmse_mr: 0.09231441131885773
coverage: 1.0
