Experiment: expname : baselines_experiment, data : uniform, n_samples : 500, mediator_dimension : 1, covariate_dimension : 1, alpha : 0.5, beta : 0.25, stochasticity : 1, gamma : 0.3, noise : uniform, 
Running with estimator : linear, regularization : True, sample_splits : 1, reg_lambda : 0.001, reg_lambda_tilde : 0.001, kernel : gauss, density : gaussian, bandwidth : 0.3, bandwidth_mode : heuristic, epsilon : 0.3, normalized : True, random_seed : 0, 
bias_direct: 0.3347752604060791
rmse_direct: 0.3826296929018252
bias_indirect: 0.025898719706009578
rmse_indirect: 0.0294352717322305
bias_total: 0.3605623945090316
rmse_total: 0.4087848740958216
bias_mr: 0.32320924397548806
rmse_mr: 0.3435218476442072
coverage: 0.0
