Experiment: expname : nonparametric_experiment, data : uniform, n_samples : 1000, mediator_dimension : 1, covariate_dimension : 1, alpha : 0.0, beta : 0.0, stochasticity : 1, gamma : 0.3, noise : uniform, 
Running with estimator : kme_g_computation, regularization : True, sample_splits : 1, reg_lambda : 0.001, reg_lambda_tilde : 0.001, kernel : gauss, density : gaussian, bandwidth : 0.3, bandwidth_mode : heuristic, epsilon : 0.1, normalized : True, random_seed : 69, 
bias_direct: 0.153820498853354
rmse_direct: 0.17512889525487196
bias_indirect: 0.21594804742314197
rmse_indirect: 0.24838425987231746
bias_total: 0.06212754856978799
rmse_total: 0.07357359944118709
bias_mr: 0.15654570099672996
rmse_mr: 0.18034202826000348
coverage: 0.0
