Experiment: expname : nonparametric_experiment, data : uniform, n_samples : 500, mediator_dimension : 1, covariate_dimension : 1, alpha : 0.0, beta : 0.0, stochasticity : 1, gamma : 0.3, noise : uniform, 
Running with estimator : kme_dml, regularization : True, sample_splits : 1, reg_lambda : 0.001, reg_lambda_tilde : 0.001, kernel : gauss, density : gaussian, bandwidth : 0.3, bandwidth_mode : heuristic, epsilon : 0.1, normalized : True, random_seed : 29, 
bias_direct: 0.119721543101467
rmse_direct: 0.13817383711081044
bias_indirect: 0.02062121531161375
rmse_indirect: 0.025312731740534753
bias_total: 0.13941530992337411
rmse_total: 0.1615882172122179
bias_mr: 0.08249017382075743
rmse_mr: 0.10785186201999994
coverage: 0.8620689655172413
