Experiment: expname : nonparametric_experiment, data : uniform, n_samples : 5000, mediator_dimension : 1, covariate_dimension : 1, alpha : 0.0, beta : 0.0, stochasticity : 1, gamma : 0.3, noise : uniform, 
Running with estimator : ipw, regularization : True, sample_splits : 1, reg_lambda : 0.001, reg_lambda_tilde : 0.001, kernel : gauss, density : gaussian, bandwidth : 0.3, bandwidth_mode : heuristic, epsilon : 0.1, normalized : True, random_seed : 19, 
bias_direct: 0.08252709107057475
rmse_direct: 0.10928153267899343
bias_indirect: 0.06982758620689661
rmse_indirect: 0.07936276378669078
bias_total: 0.06199055579610096
rmse_total: 0.07675724341265991
bias_mr: 0.08244943262904982
rmse_mr: 0.1094028522544807
coverage: 0.0
