Experiment: expname : baselines_experiment, data : uniform, n_samples : 1000, mediator_dimension : 1, covariate_dimension : 1, alpha : 0.5, beta : 0.25, stochasticity : 1, gamma : 0.3, noise : uniform, 
Running with estimator : ipw, regularization : True, sample_splits : 1, reg_lambda : 0.001, reg_lambda_tilde : 0.001, kernel : gauss, density : gaussian, bandwidth : 0.3, bandwidth_mode : heuristic, epsilon : 0.3, normalized : True, random_seed : 36, 
bias_direct: 0.17580086641885762
rmse_direct: 0.1887589694446338
bias_indirect: 0.06982758620689661
rmse_indirect: 0.0793627637866908
bias_total: 0.1279259820473713
rmse_total: 0.15257199186182757
bias_mr: 0.20840658391697345
rmse_mr: 0.28519090780872103
coverage: 0.0
