Experiment: expname : nonparametric_experiment, data : uniform, n_samples : 1000, mediator_dimension : 1, covariate_dimension : 1, alpha : 0.0, beta : 0.0, stochasticity : 1, gamma : 0.3, noise : uniform, 
Running with estimator : ipw, regularization : True, sample_splits : 1, reg_lambda : 0.001, reg_lambda_tilde : 0.001, kernel : linear, density : conditional_kernel, bandwidth : 0.3, bandwidth_mode : heuristic, epsilon : 0.1, normalized : True, random_seed : 3, 
bias_direct: 0.10122351482121855
rmse_direct: 0.13583050935330432
bias_indirect: 0.019293560487685688
rmse_indirect: 0.02907102860161058
bias_total: 0.1081250467175215
rmse_total: 0.13779578684930244
bias_mr: 0.09757524487366244
rmse_mr: 0.1113476172365898
coverage: 0.0
