Experiment: expname : nonparametric_experiment, data : uniform, n_samples : 500, mediator_dimension : 1, covariate_dimension : 1, alpha : 0.0, beta : 0.0, stochasticity : 1, gamma : 0.3, noise : uniform, 
Running with estimator : ipw, regularization : True, sample_splits : 1, reg_lambda : 0.001, reg_lambda_tilde : 0.001, kernel : linear, density : conditional_kernel, bandwidth : 0.3, bandwidth_mode : heuristic, epsilon : 0.1, normalized : True, random_seed : 18, 
bias_direct: 0.2993574710003166
rmse_direct: 0.3299009589735579
bias_indirect: 0.026289487627093364
rmse_indirect: 0.03499266484331531
bias_total: 0.28175718975183933
rmse_total: 0.3108265948777757
bias_mr: 0.10265542004414975
rmse_mr: 0.12910289941906858
coverage: 0.0
