Experiment: expname : nonparametric_experiment, data : uniform, n_samples : 5000, mediator_dimension : 1, covariate_dimension : 1, alpha : 0.0, beta : 0.0, stochasticity : 1, gamma : 0.3, noise : uniform, 
Running with estimator : ipw, regularization : True, sample_splits : 1, reg_lambda : 0.001, reg_lambda_tilde : 0.001, kernel : linear, density : gaussian, bandwidth : 0.3, bandwidth_mode : heuristic, epsilon : 0.1, normalized : True, random_seed : 68, 
bias_direct: 0.11916912150503016
rmse_direct: 0.1455917792672056
bias_indirect: 0.06982758620689662
rmse_indirect: 0.07936276378669077
bias_total: 0.11265807722158512
rmse_total: 0.12219325068455796
bias_mr: 0.07568767416604319
rmse_mr: 0.09209570879149043
coverage: 0.0
