Experiment: expname : nonparametric_experiment, data : uniform, n_samples : 500, mediator_dimension : 1, covariate_dimension : 1, alpha : 0.0, beta : 0.0, stochasticity : 1, gamma : 0.3, noise : uniform, 
Running with estimator : kme_dml, regularization : True, sample_splits : 1, reg_lambda : 0.001, reg_lambda_tilde : 0.001, kernel : gauss, density : gaussian, bandwidth : 0.3, bandwidth_mode : heuristic, epsilon : 0.1, normalized : True, random_seed : 37, 
bias_direct: 0.0553280868271009
rmse_direct: 0.07385597795073695
bias_indirect: 0.06789559074864875
rmse_indirect: 0.08375997289693549
bias_total: 0.11007119415826727
rmse_total: 0.1177369362972106
bias_mr: 0.05529581766633576
rmse_mr: 0.07100697508145365
coverage: 1.0
