Experiment: expname : nonparametric_experiment, data : uniform, n_samples : 5000, mediator_dimension : 1, covariate_dimension : 1, alpha : 0.0, beta : 0.0, stochasticity : 1, gamma : 0.3, noise : uniform, 
Running with estimator : kme_g_computation, regularization : True, sample_splits : 1, reg_lambda : 0.001, reg_lambda_tilde : 0.001, kernel : linear, density : conditional_kernel, bandwidth : 0.3, bandwidth_mode : heuristic, epsilon : 0.1, normalized : True, random_seed : 32, 
bias_direct: 0.15983401634631625
rmse_direct: 0.18160101535459222
bias_indirect: 0.15114856912116692
rmse_indirect: 0.17178835357951616
bias_total: 0.008685447225149263
rmse_total: 0.009924328181555002
bias_mr: 0.161709599801238
rmse_mr: 0.1861453837147977
coverage: 0.0
