Experiment: expname : nonparametric_experiment, data : uniform, n_samples : 1000, mediator_dimension : 1, covariate_dimension : 1, alpha : 0.0, beta : 0.0, stochasticity : 1, gamma : 0.3, noise : uniform, 
Running with estimator : kme_g_computation, regularization : True, sample_splits : 1, reg_lambda : 0.001, reg_lambda_tilde : 0.001, kernel : linear, density : conditional_kernel, bandwidth : 0.3, bandwidth_mode : heuristic, epsilon : 0.1, normalized : True, random_seed : 59, 
bias_direct: 0.16008960219083782
rmse_direct: 0.18190395591654587
bias_indirect: 0.17877462121571747
rmse_indirect: 0.20318686183068904
bias_total: 0.018685019024879637
rmse_total: 0.02131845717918751
bias_mr: 0.1621760594009285
rmse_mr: 0.1869321763360163
coverage: 0.0
