Experiment: expname : nonparametric_experiment, data : uniform, n_samples : 5000, mediator_dimension : 1, covariate_dimension : 1, alpha : 0.0, beta : 0.0, stochasticity : 1, gamma : 0.3, noise : uniform, 
Running with estimator : kme_dml, regularization : True, sample_splits : 1, reg_lambda : 0.001, reg_lambda_tilde : 0.001, kernel : linear, density : conditional_kernel, bandwidth : 0.3, bandwidth_mode : heuristic, epsilon : 0.1, normalized : True, random_seed : 70, 
bias_direct: 0.02287741570448364
rmse_direct: 0.026607908866764358
bias_indirect: 0.006208340969330953
rmse_indirect: 0.00801947536633371
bias_total: 0.025728777850586745
rmse_total: 0.031467082598133474
bias_mr: 0.024295336343574992
rmse_mr: 0.027320264386703562
coverage: 1.0
