Experiment: expname : nonparametric_experiment, data : uniform, n_samples : 500, mediator_dimension : 1, covariate_dimension : 1, alpha : 0.0, beta : 0.0, stochasticity : 1, gamma : 0.3, noise : uniform, 
Running with estimator : kme_g_computation, regularization : True, sample_splits : 1, reg_lambda : 0.001, reg_lambda_tilde : 0.001, kernel : linear, density : conditional_kernel, bandwidth : 0.3, bandwidth_mode : heuristic, epsilon : 0.1, normalized : True, random_seed : 20, 
bias_direct: 0.166475597949437
rmse_direct: 0.1899283824548858
bias_indirect: 0.1631506661450838
rmse_indirect: 0.18542942093717155
bias_total: 0.019971772473177968
rmse_total: 0.026692663374864076
bias_mr: 0.16846372114414085
rmse_mr: 0.19367513886743554
coverage: 0.0
