Experiment: expname : nonparametric_experiment, data : uniform, n_samples : 5000, mediator_dimension : 1, covariate_dimension : 1, alpha : 0.0, beta : 0.0, stochasticity : 1, gamma : 0.3, noise : uniform, 
Running with estimator : kme_g_computation, regularization : True, sample_splits : 1, reg_lambda : 0.001, reg_lambda_tilde : 0.001, kernel : gauss, density : gaussian, bandwidth : 0.3, bandwidth_mode : heuristic, epsilon : 0.1, normalized : True, random_seed : 75, 
bias_direct: 0.1611809095486158
rmse_direct: 0.18327818238938462
bias_indirect: 0.1584917613396231
rmse_indirect: 0.1838796716035778
bias_total: 0.015316620863893928
rmse_total: 0.01823378217393822
bias_mr: 0.16000275423262816
rmse_mr: 0.18132425656284798
coverage: 0.0
