Experiment: expname : nonparametric_experiment, data : uniform, n_samples : 1000, mediator_dimension : 1, covariate_dimension : 1, alpha : 0.0, beta : 0.0, stochasticity : 1, gamma : 0.3, noise : uniform, 
Running with estimator : kme_dml, regularization : True, sample_splits : 1, reg_lambda : 0.001, reg_lambda_tilde : 0.001, kernel : gauss, density : conditional_kernel, bandwidth : 0.3, bandwidth_mode : heuristic, epsilon : 0.1, normalized : True, random_seed : 89, 
bias_direct: 0.029975196950621934
rmse_direct: 0.036414712398717346
bias_indirect: 0.014263414531018035
rmse_indirect: 0.02133590796051556
bias_total: 0.02066801193718617
rmse_total: 0.027565142416221915
bias_mr: 0.02798266696411277
rmse_mr: 0.036799141333605116
coverage: 1.0
