Experiment: expname : baselines_experiment, data : uniform, n_samples : 5000, mediator_dimension : 1, covariate_dimension : 1, alpha : 0.5, beta : 0.25, stochasticity : 1, gamma : 0.3, noise : uniform, 
Running with estimator : linear, regularization : True, sample_splits : 1, reg_lambda : 0.001, reg_lambda_tilde : 0.001, kernel : gauss, density : gaussian, bandwidth : 0.3, bandwidth_mode : heuristic, epsilon : 0.3, normalized : True, random_seed : 16, 
bias_direct: 0.30672363385684764
rmse_direct: 0.35099335116292024
bias_indirect: 8.717353790621169e-05
rmse_indirect: 9.90773600107279e-05
bias_total: 0.3066473085814364
rmse_total: 0.3509085360843233
bias_mr: 0.2909329628596495
rmse_mr: 0.310037908729501
coverage: 0.0
