Experiment: expname : nonparametric_experiment, data : uniform, n_samples : 500, mediator_dimension : 1, covariate_dimension : 1, alpha : 0.0, beta : 0.0, stochasticity : 1, gamma : 0.3, noise : uniform, 
Running with estimator : kme_g_computation, regularization : True, sample_splits : 1, reg_lambda : 0.001, reg_lambda_tilde : 0.001, kernel : gauss, density : gaussian, bandwidth : 0.3, bandwidth_mode : heuristic, epsilon : 0.1, normalized : True, random_seed : 59, 
bias_direct: 0.14872176505933687
rmse_direct: 0.16957649515782927
bias_indirect: 0.12708235459165382
rmse_indirect: 0.15973076003118458
bias_total: 0.03944866437349748
rmse_total: 0.046162369118468924
bias_mr: 0.16343220647019246
rmse_mr: 0.18857502656609154
coverage: 0.0
