Experiment: expname : nonparametric_experiment, data : uniform, n_samples : 1000, mediator_dimension : 1, covariate_dimension : 1, alpha : 0.0, beta : 0.0, stochasticity : 1, gamma : 0.3, noise : uniform, 
Running with estimator : kme_dml, regularization : True, sample_splits : 1, reg_lambda : 0.001, reg_lambda_tilde : 0.001, kernel : linear, density : gaussian, bandwidth : 0.3, bandwidth_mode : heuristic, epsilon : 0.1, normalized : True, random_seed : 78, 
bias_direct: 0.03151266248869706
rmse_direct: 0.037381827662
bias_indirect: 0.017953918724564265
rmse_indirect: 0.023577626516012213
bias_total: 0.045061610793294654
rmse_total: 0.057272476664997164
bias_mr: 0.026914095277611867
rmse_mr: 0.030364882522568446
coverage: 1.0
