Experiment: expname : baselines_experiment, data : uniform, n_samples : 5000, mediator_dimension : 1, covariate_dimension : 1, alpha : 0.5, beta : 0.25, stochasticity : 1, gamma : 0.3, noise : uniform, 
Running with estimator : linear, regularization : True, sample_splits : 1, reg_lambda : 0.001, reg_lambda_tilde : 0.001, kernel : gauss, density : gaussian, bandwidth : 0.3, bandwidth_mode : heuristic, epsilon : 0.3, normalized : True, random_seed : 57, 
bias_direct: 0.33132785505196105
rmse_direct: 0.37869547919942803
bias_indirect: 0.0051483906272741485
rmse_indirect: 0.005851419638412419
bias_total: 0.3358746735283847
rmse_total: 0.38384209669421177
bias_mr: 0.319145493876254
rmse_mr: 0.3392802669110375
coverage: 0.0
