Experiment: expname : nonparametric_experiment, data : uniform, n_samples : 1000, mediator_dimension : 1, covariate_dimension : 1, alpha : 0.0, beta : 0.0, stochasticity : 1, gamma : 0.3, noise : uniform, 
Running with estimator : kme_g_computation, regularization : True, sample_splits : 1, reg_lambda : 0.001, reg_lambda_tilde : 0.001, kernel : gauss, density : conditional_kernel, bandwidth : 0.3, bandwidth_mode : heuristic, epsilon : 0.1, normalized : True, random_seed : 92, 
bias_direct: 0.16619357253649852
rmse_direct: 0.1887004501515094
bias_indirect: 0.15222133708437405
rmse_indirect: 0.17150717670124885
bias_total: 0.013972235452124417
rmse_total: 0.017782196451796083
bias_mr: 0.16738825227783422
rmse_mr: 0.19033380908843445
coverage: 0.0
