Experiment: expname : nonparametric_experiment, data : uniform, n_samples : 5000, mediator_dimension : 1, covariate_dimension : 1, alpha : 0.0, beta : 0.0, stochasticity : 1, gamma : 0.3, noise : uniform, 
Running with estimator : ipw, regularization : True, sample_splits : 1, reg_lambda : 0.001, reg_lambda_tilde : 0.001, kernel : linear, density : conditional_kernel, bandwidth : 0.3, bandwidth_mode : heuristic, epsilon : 0.1, normalized : True, random_seed : 48, 
bias_direct: 0.09166359403019694
rmse_direct: 0.11114679522452975
bias_indirect: 0.009374373718783862
rmse_indirect: 0.014492317880078761
bias_total: 0.09546581924331551
rmse_total: 0.11512505173696422
bias_mr: 0.06445976116799529
rmse_mr: 0.07969334813552727
coverage: 0.0
