Experiment: expname : nonparametric_experiment, data : uniform, n_samples : 1000, mediator_dimension : 1, covariate_dimension : 1, alpha : 0.0, beta : 0.0, stochasticity : 1, gamma : 0.3, noise : uniform, 
Running with estimator : kme_dml, regularization : True, sample_splits : 1, reg_lambda : 0.001, reg_lambda_tilde : 0.001, kernel : linear, density : conditional_kernel, bandwidth : 0.3, bandwidth_mode : heuristic, epsilon : 0.1, normalized : True, random_seed : 3, 
bias_direct: 0.035091448891167124
rmse_direct: 0.04435866296900333
bias_indirect: 0.010724342053296806
rmse_indirect: 0.01431392963412445
bias_total: 0.03873116139137118
rmse_total: 0.05254770448971743
bias_mr: 0.04757019820213237
rmse_mr: 0.052473499779896
coverage: 1.0
