Experiment: expname : nonparametric_experiment, data : uniform, n_samples : 1000, mediator_dimension : 1, covariate_dimension : 1, alpha : 0.0, beta : 0.0, stochasticity : 1, gamma : 0.3, noise : uniform, 
Running with estimator : kme_dml, regularization : True, sample_splits : 1, reg_lambda : 0.001, reg_lambda_tilde : 0.001, kernel : linear, density : conditional_kernel, bandwidth : 0.3, bandwidth_mode : heuristic, epsilon : 0.1, normalized : True, random_seed : 45, 
bias_direct: 0.03963803848915484
rmse_direct: 0.05840859143769691
bias_indirect: 0.01949993267675593
rmse_indirect: 0.022672219614692693
bias_total: 0.054831054500182067
rmse_total: 0.07729648011686281
bias_mr: 0.05687808737655876
rmse_mr: 0.0712583128891249
coverage: 0.9655172413793104
