Experiment: expname : baselines_experiment, data : uniform, n_samples : 500, mediator_dimension : 1, covariate_dimension : 1, alpha : 0.5, beta : 0.25, stochasticity : 1, gamma : 0.3, noise : uniform, 
Running with estimator : kme_dml, regularization : True, sample_splits : 1, reg_lambda : 0.001, reg_lambda_tilde : 0.001, kernel : gauss, density : gaussian, bandwidth : 0.3, bandwidth_mode : heuristic, epsilon : 0.3, normalized : True, random_seed : 67, 
bias_direct: 0.08284869798361529
rmse_direct: 0.1058893776544567
bias_indirect: 0.03779106786788643
rmse_indirect: 0.04932847649041968
bias_total: 0.0937105680545083
rmse_total: 0.12790924460444572
bias_mr: 0.09808402699234066
rmse_mr: 0.10814022619361399
coverage: 1.0
