Experiment: expname : nonparametric_experiment, data : uniform, n_samples : 500, mediator_dimension : 1, covariate_dimension : 1, alpha : 0.0, beta : 0.0, stochasticity : 1, gamma : 0.3, noise : uniform, 
Running with estimator : ipw, regularization : True, sample_splits : 1, reg_lambda : 0.001, reg_lambda_tilde : 0.001, kernel : linear, density : gaussian, bandwidth : 0.3, bandwidth_mode : heuristic, epsilon : 0.1, normalized : True, random_seed : 44, 
bias_direct: 0.1648171366145872
rmse_direct: 0.23807798216039744
bias_indirect: 0.0698275862068966
rmse_indirect: 0.07936276378669078
bias_total: 0.15735198465689315
rmse_total: 0.1970780375361839
bias_mr: 0.15723324666078217
rmse_mr: 0.21273214535336377
coverage: 0.0
