Experiment: expname : baselines_experiment, data : uniform, n_samples : 5000, mediator_dimension : 1, covariate_dimension : 1, alpha : 0.5, beta : 0.25, stochasticity : 1, gamma : 0.3, noise : uniform, 
Running with estimator : kme_g_computation, regularization : True, sample_splits : 1, reg_lambda : 0.001, reg_lambda_tilde : 0.001, kernel : gauss, density : gaussian, bandwidth : 0.3, bandwidth_mode : heuristic, epsilon : 0.3, normalized : True, random_seed : 98, 
bias_direct: 0.38534774482151934
rmse_direct: 0.5022969091737493
bias_indirect: 0.4251398330843152
rmse_indirect: 0.5537118720258838
bias_total: 0.04138726341536841
rmse_total: 0.05438349913503829
bias_mr: 0.3874576476610293
rmse_mr: 0.5077351741158552
coverage: 0.0
