Experiment: expname : nonparametric_experiment, data : uniform, n_samples : 1000, mediator_dimension : 1, covariate_dimension : 1, alpha : 0.0, beta : 0.0, stochasticity : 1, gamma : 0.3, noise : uniform, 
Running with estimator : kme_dml, regularization : True, sample_splits : 1, reg_lambda : 0.001, reg_lambda_tilde : 0.001, kernel : gauss, density : conditional_kernel, bandwidth : 0.3, bandwidth_mode : heuristic, epsilon : 0.1, normalized : True, random_seed : 56, 
bias_direct: 0.11664931675723031
rmse_direct: 0.1392931984092582
bias_indirect: 0.04158185902778802
rmse_indirect: 0.050911625631037204
bias_total: 0.09005763462423065
rmse_total: 0.10195892152632428
bias_mr: 0.10121000599930449
rmse_mr: 0.11894767136546706
coverage: 0.7241379310344828
