Experiment: expname : nonparametric_experiment, data : uniform, n_samples : 500, mediator_dimension : 1, covariate_dimension : 1, alpha : 0.0, beta : 0.0, stochasticity : 1, gamma : 0.3, noise : uniform, 
Running with estimator : kme_g_computation, regularization : True, sample_splits : 1, reg_lambda : 0.001, reg_lambda_tilde : 0.001, kernel : linear, density : gaussian, bandwidth : 0.3, bandwidth_mode : heuristic, epsilon : 0.1, normalized : True, random_seed : 1, 
bias_direct: 0.17272379833856627
rmse_direct: 0.19719514540075384
bias_indirect: 0.13527375575784065
rmse_indirect: 0.15374587751269858
bias_total: 0.03745004258072558
rmse_total: 0.04473155955051019
bias_mr: 0.17110093753070454
rmse_mr: 0.19532480151359785
coverage: 0.0
