Experiment: expname : nonparametric_experiment, data : uniform, n_samples : 1000, mediator_dimension : 1, covariate_dimension : 1, alpha : 0.0, beta : 0.0, stochasticity : 1, gamma : 0.3, noise : uniform, 
Running with estimator : ipw, regularization : True, sample_splits : 1, reg_lambda : 0.001, reg_lambda_tilde : 0.001, kernel : gauss, density : conditional_kernel, bandwidth : 0.3, bandwidth_mode : heuristic, epsilon : 0.1, normalized : True, random_seed : 87, 
bias_direct: 0.05646387695738698
rmse_direct: 0.07577888499395768
bias_indirect: 0.016799000587973425
rmse_indirect: 0.028222354697692843
bias_total: 0.05177952127474346
rmse_total: 0.0726900459675361
bias_mr: 0.06854861394612134
rmse_mr: 0.08888848624263428
coverage: 0.0
