Experiment: expname : nonparametric_experiment, data : uniform, n_samples : 5000, mediator_dimension : 1, covariate_dimension : 1, alpha : 0.0, beta : 0.0, stochasticity : 1, gamma : 0.3, noise : uniform, 
Running with estimator : kme_g_computation, regularization : True, sample_splits : 1, reg_lambda : 0.001, reg_lambda_tilde : 0.001, kernel : linear, density : conditional_kernel, bandwidth : 0.3, bandwidth_mode : heuristic, epsilon : 0.1, normalized : True, random_seed : 70, 
bias_direct: 0.16641546107258634
rmse_direct: 0.18945459673826753
bias_indirect: 0.16551704372862253
rmse_indirect: 0.1881188882991152
bias_total: 0.004212385981789617
rmse_total: 0.005618214377759467
bias_mr: 0.16562432203203906
rmse_mr: 0.18834138146973137
coverage: 0.0
