Experiment: expname : nonparametric_experiment, data : uniform, n_samples : 5000, mediator_dimension : 1, covariate_dimension : 1, alpha : 0.0, beta : 0.0, stochasticity : 1, gamma : 0.3, noise : uniform, 
Running with estimator : kme_g_computation, regularization : True, sample_splits : 1, reg_lambda : 0.001, reg_lambda_tilde : 0.001, kernel : gauss, density : conditional_kernel, bandwidth : 0.3, bandwidth_mode : heuristic, epsilon : 0.1, normalized : True, random_seed : 49, 
bias_direct: 0.1511488824856419
rmse_direct: 0.17366913809388207
bias_indirect: 0.14878474681586015
rmse_indirect: 0.17164949789927905
bias_total: 0.030847236308341217
rmse_total: 0.0372097976985708
bias_mr: 0.15501176790822732
rmse_mr: 0.17882509450287745
coverage: 0.0
