Experiment: expname : baselines_experiment, data : uniform, n_samples : 5000, mediator_dimension : 1, covariate_dimension : 1, alpha : 0.5, beta : 0.25, stochasticity : 1, gamma : 0.3, noise : uniform, 
Running with estimator : kme_g_computation, regularization : True, sample_splits : 1, reg_lambda : 0.001, reg_lambda_tilde : 0.001, kernel : gauss, density : gaussian, bandwidth : 0.3, bandwidth_mode : heuristic, epsilon : 0.3, normalized : True, random_seed : 85, 
bias_direct: 0.39200893059351116
rmse_direct: 0.5095730096508552
bias_indirect: 0.4279482415895439
rmse_indirect: 0.547682157432217
bias_total: 0.03732827979233219
rmse_total: 0.04854042107079664
bias_mr: 0.3922240499616465
rmse_mr: 0.5108434711857248
coverage: 0.0
