Experiment: expname : baselines_experiment, data : uniform, n_samples : 5000, mediator_dimension : 1, covariate_dimension : 1, alpha : 0.5, beta : 0.25, stochasticity : 1, gamma : 0.3, noise : uniform, 
Running with estimator : ipw, regularization : True, sample_splits : 1, reg_lambda : 0.001, reg_lambda_tilde : 0.001, kernel : gauss, density : gaussian, bandwidth : 0.3, bandwidth_mode : heuristic, epsilon : 0.3, normalized : True, random_seed : 81, 
bias_direct: 0.06031950029329235
rmse_direct: 0.07411639327544568
bias_indirect: 0.0698275862068966
rmse_indirect: 0.07936276378669077
bias_total: 0.05151020428411193
rmse_total: 0.06788400717498312
bias_mr: 0.09114154782636277
rmse_mr: 0.12855522751825424
coverage: 0.0
