Experiment: expname : baselines_experiment, data : uniform, n_samples : 5000, mediator_dimension : 1, covariate_dimension : 1, alpha : 0.5, beta : 0.25, stochasticity : 1, gamma : 0.3, noise : uniform, 
Running with estimator : kme_dml, regularization : True, sample_splits : 1, reg_lambda : 0.001, reg_lambda_tilde : 0.001, kernel : gauss, density : gaussian, bandwidth : 0.3, bandwidth_mode : heuristic, epsilon : 0.3, normalized : True, random_seed : 9, 
bias_direct: 0.01836389668596381
rmse_direct: 0.022672006337682966
bias_indirect: 0.008421496783275886
rmse_indirect: 0.010065653972869536
bias_total: 0.019281272962024136
rmse_total: 0.023279389149092916
bias_mr: 0.03479758364861603
rmse_mr: 0.042020830232385495
coverage: 1.0
