Experiment: expname : nonparametric_experiment, data : uniform, n_samples : 1000, mediator_dimension : 1, covariate_dimension : 1, alpha : 0.0, beta : 0.0, stochasticity : 1, gamma : 0.3, noise : uniform, 
Running with estimator : kme_dml, regularization : True, sample_splits : 1, reg_lambda : 0.001, reg_lambda_tilde : 0.001, kernel : gauss, density : gaussian, bandwidth : 0.3, bandwidth_mode : heuristic, epsilon : 0.1, normalized : True, random_seed : 42, 
bias_direct: 0.0911292607742027
rmse_direct: 0.10451402272372518
bias_indirect: 0.019278064478772113
rmse_indirect: 0.02459555682798034
bias_total: 0.09655851487004
rmse_total: 0.1079448970796591
bias_mr: 0.037408996639105484
rmse_mr: 0.050483686134288254
coverage: 1.0
