Experiment: expname : nonparametric_experiment, data : uniform, n_samples : 1000, mediator_dimension : 1, covariate_dimension : 1, alpha : 0.0, beta : 0.0, stochasticity : 1, gamma : 0.3, noise : uniform, 
Running with estimator : kme_dml, regularization : True, sample_splits : 1, reg_lambda : 0.001, reg_lambda_tilde : 0.001, kernel : linear, density : conditional_kernel, bandwidth : 0.3, bandwidth_mode : heuristic, epsilon : 0.1, normalized : True, random_seed : 6, 
bias_direct: 0.09069337576593223
rmse_direct: 0.10961064231792393
bias_indirect: 0.008368724540150184
rmse_indirect: 0.01242755907360069
bias_total: 0.09352538917608808
rmse_total: 0.11393243564521616
bias_mr: 0.08354706161510522
rmse_mr: 0.10253671549521713
coverage: 0.8620689655172413
