Experiment: expname : nonparametric_experiment, data : uniform, n_samples : 500, mediator_dimension : 1, covariate_dimension : 1, alpha : 0.0, beta : 0.0, stochasticity : 1, gamma : 0.3, noise : uniform, 
Running with estimator : ipw, regularization : True, sample_splits : 1, reg_lambda : 0.001, reg_lambda_tilde : 0.001, kernel : linear, density : conditional_kernel, bandwidth : 0.3, bandwidth_mode : heuristic, epsilon : 0.1, normalized : True, random_seed : 44, 
bias_direct: 0.11902739921395415
rmse_direct: 0.16541978419577757
bias_indirect: 0.046632879094893206
rmse_indirect: 0.0606370221116112
bias_total: 0.15634535530997914
rmse_total: 0.19599039223532091
bias_mr: 0.12587208362490812
rmse_mr: 0.17650205496551336
coverage: 0.0
