Experiment: expname : nonparametric_experiment, data : uniform, n_samples : 5000, mediator_dimension : 1, covariate_dimension : 1, alpha : 0.0, beta : 0.0, stochasticity : 1, gamma : 0.3, noise : uniform, 
Running with estimator : kme_g_computation, regularization : True, sample_splits : 1, reg_lambda : 0.001, reg_lambda_tilde : 0.001, kernel : gauss, density : gaussian, bandwidth : 0.3, bandwidth_mode : heuristic, epsilon : 0.1, normalized : True, random_seed : 28, 
bias_direct: 0.16602823371727535
rmse_direct: 0.18724902150724532
bias_indirect: 0.16052933910544967
rmse_indirect: 0.18096926415438822
bias_total: 0.007469868316522332
rmse_total: 0.010241009467918298
bias_mr: 0.17347813566828849
rmse_mr: 0.19701230153523916
coverage: 0.0
