Experiment: expname : nonparametric_experiment, data : uniform, n_samples : 500, mediator_dimension : 1, covariate_dimension : 1, alpha : 0.0, beta : 0.0, stochasticity : 1, gamma : 0.3, noise : uniform, 
Running with estimator : kme_g_computation, regularization : True, sample_splits : 1, reg_lambda : 0.001, reg_lambda_tilde : 0.001, kernel : gauss, density : conditional_kernel, bandwidth : 0.3, bandwidth_mode : heuristic, epsilon : 0.1, normalized : True, random_seed : 19, 
bias_direct: 0.20667402602488608
rmse_direct: 0.23444159955328073
bias_indirect: 0.2253359737246973
rmse_indirect: 0.2714586342455041
bias_total: 0.032738315246187484
rmse_total: 0.047734965960029484
bias_mr: 0.19459768592092463
rmse_mr: 0.2157473635431289
coverage: 0.0
