Experiment: expname : nonparametric_experiment, data : uniform, n_samples : 5000, mediator_dimension : 1, covariate_dimension : 1, alpha : 0.0, beta : 0.0, stochasticity : 1, gamma : 0.3, noise : uniform, 
Running with estimator : kme_dml, regularization : True, sample_splits : 1, reg_lambda : 0.001, reg_lambda_tilde : 0.001, kernel : gauss, density : conditional_kernel, bandwidth : 0.3, bandwidth_mode : heuristic, epsilon : 0.1, normalized : True, random_seed : 66, 
bias_direct: 0.05854592718069099
rmse_direct: 0.06907801599937877
bias_indirect: 0.020184795578091174
rmse_indirect: 0.023560618893804165
bias_total: 0.04119560352538895
rmse_total: 0.052381742969633764
bias_mr: 0.03564898995250978
rmse_mr: 0.04255948549859226
coverage: 1.0
