Experiment: expname : baselines_experiment, data : uniform, n_samples : 1000, mediator_dimension : 1, covariate_dimension : 1, alpha : 0.5, beta : 0.25, stochasticity : 1, gamma : 0.3, noise : uniform, 
Running with estimator : ipw, regularization : True, sample_splits : 1, reg_lambda : 0.001, reg_lambda_tilde : 0.001, kernel : gauss, density : gaussian, bandwidth : 0.3, bandwidth_mode : heuristic, epsilon : 0.3, normalized : True, random_seed : 87, 
bias_direct: 0.1418853290486567
rmse_direct: 0.1731401891380435
bias_indirect: 0.0698275862068966
rmse_indirect: 0.07936276378669078
bias_total: 0.07969155036421222
rmse_total: 0.1079818794197665
bias_mr: 0.16867348064739354
rmse_mr: 0.2394239353260179
coverage: 0.0
