Experiment: expname : nonparametric_experiment, data : uniform, n_samples : 5000, mediator_dimension : 1, covariate_dimension : 1, alpha : 0.0, beta : 0.0, stochasticity : 1, gamma : 0.3, noise : uniform, 
Running with estimator : kme_g_computation, regularization : True, sample_splits : 1, reg_lambda : 0.001, reg_lambda_tilde : 0.001, kernel : linear, density : conditional_kernel, bandwidth : 0.3, bandwidth_mode : heuristic, epsilon : 0.1, normalized : True, random_seed : 15, 
bias_direct: 0.16707130355916858
rmse_direct: 0.18979765264091422
bias_indirect: 0.17253919818629213
rmse_indirect: 0.19609998976645893
bias_total: 0.005467894627123564
rmse_total: 0.006756287769171833
bias_mr: 0.16912220381238602
rmse_mr: 0.19470698688775914
coverage: 0.0
