Experiment: expname : baselines_experiment, data : uniform, n_samples : 1000, mediator_dimension : 1, covariate_dimension : 1, alpha : 0.5, beta : 0.25, stochasticity : 1, gamma : 0.3, noise : uniform, 
Running with estimator : linear, regularization : True, sample_splits : 1, reg_lambda : 0.001, reg_lambda_tilde : 0.001, kernel : gauss, density : gaussian, bandwidth : 0.3, bandwidth_mode : heuristic, epsilon : 0.3, normalized : True, random_seed : 25, 
bias_direct: 0.3035514067786398
rmse_direct: 0.34747463369452736
bias_indirect: 0.01790688472260534
rmse_indirect: 0.020352126424431224
bias_total: 0.31922987918020973
rmse_total: 0.3649877543816327
bias_mr: 0.2871407800971209
rmse_mr: 0.3063056985168373
coverage: 0.0
