Experiment: expname : nonparametric_experiment, data : uniform, n_samples : 1000, mediator_dimension : 1, covariate_dimension : 1, alpha : 0.0, beta : 0.0, stochasticity : 1, gamma : 0.3, noise : uniform, 
Running with estimator : ipw, regularization : True, sample_splits : 1, reg_lambda : 0.001, reg_lambda_tilde : 0.001, kernel : linear, density : gaussian, bandwidth : 0.3, bandwidth_mode : heuristic, epsilon : 0.1, normalized : True, random_seed : 60, 
bias_direct: 0.1483491103802969
rmse_direct: 0.20000934590170616
bias_indirect: 0.0698275862068966
rmse_indirect: 0.0793627637866908
bias_total: 0.132208904764837
rmse_total: 0.15836930062552843
bias_mr: 0.13644112862740546
rmse_mr: 0.14627088295167176
coverage: 0.0
