Experiment: expname : nonparametric_experiment, data : uniform, n_samples : 500, mediator_dimension : 1, covariate_dimension : 1, alpha : 0.0, beta : 0.0, stochasticity : 1, gamma : 0.3, noise : uniform, 
Running with estimator : kme_g_computation, regularization : True, sample_splits : 1, reg_lambda : 0.001, reg_lambda_tilde : 0.001, kernel : linear, density : gaussian, bandwidth : 0.3, bandwidth_mode : heuristic, epsilon : 0.1, normalized : True, random_seed : 10, 
bias_direct: 0.14376687293314525
rmse_direct: 0.16332707628013152
bias_indirect: 0.16222843947016713
rmse_indirect: 0.18438120428639582
bias_total: 0.01846156653702191
rmse_total: 0.024665545842474594
bias_mr: 0.14419885765266982
rmse_mr: 0.16472271737299393
coverage: 0.0
