Experiment: expname : nonparametric_experiment, data : uniform, n_samples : 500, mediator_dimension : 1, covariate_dimension : 1, alpha : 0.0, beta : 0.0, stochasticity : 1, gamma : 0.3, noise : uniform, 
Running with estimator : kme_g_computation, regularization : True, sample_splits : 1, reg_lambda : 0.001, reg_lambda_tilde : 0.001, kernel : gauss, density : conditional_kernel, bandwidth : 0.3, bandwidth_mode : heuristic, epsilon : 0.1, normalized : True, random_seed : 7, 
bias_direct: 0.15124131225544646
rmse_direct: 0.17464184265296961
bias_indirect: 0.13989526632785462
rmse_indirect: 0.20306409543247944
bias_total: 0.07087742659567128
rmse_total: 0.09033598709531775
bias_mr: 0.14071398344243133
rmse_mr: 0.17567946746217813
coverage: 0.0
