Experiment: expname : nonparametric_experiment, data : uniform, n_samples : 500, mediator_dimension : 1, covariate_dimension : 1, alpha : 0.0, beta : 0.0, stochasticity : 1, gamma : 0.3, noise : uniform, 
Running with estimator : kme_dml, regularization : True, sample_splits : 1, reg_lambda : 0.001, reg_lambda_tilde : 0.001, kernel : gauss, density : gaussian, bandwidth : 0.3, bandwidth_mode : heuristic, epsilon : 0.1, normalized : True, random_seed : 77, 
bias_direct: 0.07713257787608147
rmse_direct: 0.09852394478028359
bias_indirect: 0.061017245749948594
rmse_indirect: 0.0723094986291365
bias_total: 0.03947469860950232
rmse_total: 0.0611083725690302
bias_mr: 0.05280624400358618
rmse_mr: 0.06215928622131606
coverage: 1.0
