Experiment: expname : nonparametric_experiment, data : uniform, n_samples : 500, mediator_dimension : 1, covariate_dimension : 1, alpha : 0.0, beta : 0.0, stochasticity : 1, gamma : 0.3, noise : uniform, 
Running with estimator : ipw, regularization : True, sample_splits : 1, reg_lambda : 0.001, reg_lambda_tilde : 0.001, kernel : linear, density : conditional_kernel, bandwidth : 0.3, bandwidth_mode : heuristic, epsilon : 0.1, normalized : True, random_seed : 22, 
bias_direct: 0.15229885044800204
rmse_direct: 0.18254713041870016
bias_indirect: 0.01345378217141433
rmse_indirect: 0.017244940431592904
bias_total: 0.14424819116282553
rmse_total: 0.17548344965999746
bias_mr: 0.15820313409668188
rmse_mr: 0.1821386877225918
coverage: 0.0
