Experiment: expname : nonparametric_experiment, data : uniform, n_samples : 5000, mediator_dimension : 1, covariate_dimension : 1, alpha : 0.0, beta : 0.0, stochasticity : 1, gamma : 0.3, noise : uniform, 
Running with estimator : ipw, regularization : True, sample_splits : 1, reg_lambda : 0.001, reg_lambda_tilde : 0.001, kernel : gauss, density : conditional_kernel, bandwidth : 0.3, bandwidth_mode : heuristic, epsilon : 0.1, normalized : True, random_seed : 43, 
bias_direct: 0.05045106395150559
rmse_direct: 0.06314707342347718
bias_indirect: 0.024150732625095497
rmse_indirect: 0.026916506741559647
bias_total: 0.04886889969350397
rmse_total: 0.06316871697635836
bias_mr: 0.05295157161121564
rmse_mr: 0.07182185610214654
coverage: 0.0
