Experiment: expname : nonparametric_experiment, data : uniform, n_samples : 1000, mediator_dimension : 1, covariate_dimension : 1, alpha : 0.0, beta : 0.0, stochasticity : 1, gamma : 0.3, noise : uniform, 
Running with estimator : kme_dml, regularization : True, sample_splits : 1, reg_lambda : 0.001, reg_lambda_tilde : 0.001, kernel : gauss, density : conditional_kernel, bandwidth : 0.3, bandwidth_mode : heuristic, epsilon : 0.1, normalized : True, random_seed : 52, 
bias_direct: 0.04009604833394536
rmse_direct: 0.04738873750464118
bias_indirect: 0.017201112716149398
rmse_indirect: 0.027621161422332813
bias_total: 0.040373106259573216
rmse_total: 0.050044460414110904
bias_mr: 0.03967420916911797
rmse_mr: 0.04717110698022688
coverage: 1.0
