Experiment: expname : nonparametric_experiment, data : uniform, n_samples : 5000, mediator_dimension : 1, covariate_dimension : 1, alpha : 0.0, beta : 0.0, stochasticity : 1, gamma : 0.3, noise : uniform, 
Running with estimator : kme_dml, regularization : True, sample_splits : 1, reg_lambda : 0.001, reg_lambda_tilde : 0.001, kernel : linear, density : conditional_kernel, bandwidth : 0.3, bandwidth_mode : heuristic, epsilon : 0.1, normalized : True, random_seed : 53, 
bias_direct: 0.023366868770234004
rmse_direct: 0.02890710414622771
bias_indirect: 0.01483253996167202
rmse_indirect: 0.017038488158269943
bias_total: 0.03278729111484045
rmse_total: 0.040123570100205834
bias_mr: 0.037862772699958344
rmse_mr: 0.04404905093487658
coverage: 0.896551724137931
