Experiment: expname : baselines_experiment, data : uniform, n_samples : 500, mediator_dimension : 1, covariate_dimension : 1, alpha : 0.5, beta : 0.25, stochasticity : 1, gamma : 0.3, noise : uniform, 
Running with estimator : kme_g_computation, regularization : True, sample_splits : 1, reg_lambda : 0.001, reg_lambda_tilde : 0.001, kernel : gauss, density : gaussian, bandwidth : 0.3, bandwidth_mode : heuristic, epsilon : 0.3, normalized : True, random_seed : 57, 
bias_direct: 0.36723535786175054
rmse_direct: 0.47283014367705
bias_indirect: 0.5142368346447284
rmse_indirect: 0.6383402880683718
bias_total: 0.1470014767829778
rmse_total: 0.17383382432126804
bias_mr: 0.4062080034469428
rmse_mr: 0.5221155291301722
coverage: 0.0
