Experiment: expname : nonparametric_experiment, data : uniform, n_samples : 5000, mediator_dimension : 1, covariate_dimension : 1, alpha : 0.0, beta : 0.0, stochasticity : 1, gamma : 0.3, noise : uniform, 
Running with estimator : kme_g_computation, regularization : True, sample_splits : 1, reg_lambda : 0.001, reg_lambda_tilde : 0.001, kernel : linear, density : conditional_kernel, bandwidth : 0.3, bandwidth_mode : heuristic, epsilon : 0.1, normalized : True, random_seed : 79, 
bias_direct: 0.16404135071718823
rmse_direct: 0.18649175027259177
bias_indirect: 0.17016431823017483
rmse_indirect: 0.19340076656531502
bias_total: 0.00612296751298665
rmse_total: 0.006997604761408935
bias_mr: 0.16550018613346326
rmse_mr: 0.19026154732909517
coverage: 0.0
