Experiment: expname : nonparametric_experiment, data : uniform, n_samples : 500, mediator_dimension : 1, covariate_dimension : 1, alpha : 0.0, beta : 0.0, stochasticity : 1, gamma : 0.3, noise : uniform, 
Running with estimator : kme_g_computation, regularization : True, sample_splits : 1, reg_lambda : 0.001, reg_lambda_tilde : 0.001, kernel : gauss, density : conditional_kernel, bandwidth : 0.3, bandwidth_mode : heuristic, epsilon : 0.1, normalized : True, random_seed : 67, 
bias_direct: 0.16668124182113664
rmse_direct: 0.18884323892967314
bias_indirect: 0.20930741652915047
rmse_indirect: 0.2538927436671619
bias_total: 0.055383044837111775
rmse_total: 0.08505044588050709
bias_mr: 0.1721122043866587
rmse_mr: 0.19549478247665208
coverage: 0.0
