Experiment: expname : baselines_experiment, data : uniform, n_samples : 1000, mediator_dimension : 1, covariate_dimension : 1, alpha : 0.5, beta : 0.25, stochasticity : 1, gamma : 0.3, noise : uniform, 
Running with estimator : linear, regularization : True, sample_splits : 1, reg_lambda : 0.001, reg_lambda_tilde : 0.001, kernel : gauss, density : gaussian, bandwidth : 0.3, bandwidth_mode : heuristic, epsilon : 0.3, normalized : True, random_seed : 7, 
bias_direct: 0.32065113579492294
rmse_direct: 0.36658981860279694
bias_indirect: 0.0010629147470627228
rmse_indirect: 0.0012080591150120212
bias_total: 0.31972049488305027
rmse_total: 0.3655405257789883
bias_mr: 0.3070463137241186
rmse_mr: 0.3266261671579861
coverage: 0.0
