Experiment: expname : baselines_experiment, data : uniform, n_samples : 5000, mediator_dimension : 1, covariate_dimension : 1, alpha : 0.5, beta : 0.25, stochasticity : 1, gamma : 0.3, noise : uniform, 
Running with estimator : ipw, regularization : True, sample_splits : 1, reg_lambda : 0.001, reg_lambda_tilde : 0.001, kernel : gauss, density : gaussian, bandwidth : 0.3, bandwidth_mode : heuristic, epsilon : 0.3, normalized : True, random_seed : 87, 
bias_direct: 0.11062724274474053
rmse_direct: 0.138746672908303
bias_indirect: 0.06982758620689657
rmse_indirect: 0.07936276378669076
bias_total: 0.10622366049305178
rmse_total: 0.1166841276373684
bias_mr: 0.1763641494524352
rmse_mr: 0.20704942630505985
coverage: 0.0
