Experiment: expname : nonparametric_experiment, data : uniform, n_samples : 1000, mediator_dimension : 1, covariate_dimension : 1, alpha : 0.0, beta : 0.0, stochasticity : 1, gamma : 0.3, noise : uniform, 
Running with estimator : kme_g_computation, regularization : True, sample_splits : 1, reg_lambda : 0.001, reg_lambda_tilde : 0.001, kernel : gauss, density : gaussian, bandwidth : 0.3, bandwidth_mode : heuristic, epsilon : 0.1, normalized : True, random_seed : 48, 
bias_direct: 0.15656316820936986
rmse_direct: 0.1790157966938168
bias_indirect: 0.175333531269486
rmse_indirect: 0.2163407736411813
bias_total: 0.07454405164932694
rmse_total: 0.09632595427871468
bias_mr: 0.1792570251230578
rmse_mr: 0.20861324303784942
coverage: 0.0
