Experiment: expname : nonparametric_experiment, data : uniform, n_samples : 500, mediator_dimension : 1, covariate_dimension : 1, alpha : 0.0, beta : 0.0, stochasticity : 1, gamma : 0.3, noise : uniform, 
Running with estimator : ipw, regularization : True, sample_splits : 1, reg_lambda : 0.001, reg_lambda_tilde : 0.001, kernel : linear, density : gaussian, bandwidth : 0.3, bandwidth_mode : heuristic, epsilon : 0.1, normalized : True, random_seed : 99, 
bias_direct: 0.14650063741445865
rmse_direct: 0.17633997964863501
bias_indirect: 0.06982758620689661
rmse_indirect: 0.07936276378669078
bias_total: 0.13969215980259878
rmse_total: 0.16680102621915302
bias_mr: 0.18478205746434553
rmse_mr: 0.22918260599638446
coverage: 0.0
