Experiment: expname : nonparametric_experiment, data : uniform, n_samples : 5000, mediator_dimension : 1, covariate_dimension : 1, alpha : 0.0, beta : 0.0, stochasticity : 1, gamma : 0.3, noise : uniform, 
Running with estimator : kme_dml, regularization : True, sample_splits : 1, reg_lambda : 0.001, reg_lambda_tilde : 0.001, kernel : gauss, density : gaussian, bandwidth : 0.3, bandwidth_mode : heuristic, epsilon : 0.1, normalized : True, random_seed : 82, 
bias_direct: 0.01785060668786837
rmse_direct: 0.024093155658319185
bias_indirect: 0.00736112693386413
rmse_indirect: 0.009169798312546284
bias_total: 0.02044613379802098
rmse_total: 0.025242490006722948
bias_mr: 0.019792015373861698
rmse_mr: 0.028769360611610405
coverage: 1.0
