Experiment: expname : nonparametric_experiment, data : uniform, n_samples : 500, mediator_dimension : 1, covariate_dimension : 1, alpha : 0.0, beta : 0.0, stochasticity : 1, gamma : 0.3, noise : uniform, 
Running with estimator : kme_dml, regularization : True, sample_splits : 1, reg_lambda : 0.001, reg_lambda_tilde : 0.001, kernel : linear, density : conditional_kernel, bandwidth : 0.3, bandwidth_mode : heuristic, epsilon : 0.1, normalized : True, random_seed : 97, 
bias_direct: 0.04812793034002228
rmse_direct: 0.07139244789172536
bias_indirect: 0.01575716367143279
rmse_indirect: 0.023404947272936655
bias_total: 0.058824253125068095
rmse_total: 0.08954097904156764
bias_mr: 0.06733283261760627
rmse_mr: 0.09554542232360486
coverage: 1.0
