Experiment: expname : nonparametric_experiment, data : uniform, n_samples : 5000, mediator_dimension : 1, covariate_dimension : 1, alpha : 0.0, beta : 0.0, stochasticity : 1, gamma : 0.3, noise : uniform, 
Running with estimator : kme_dml, regularization : True, sample_splits : 1, reg_lambda : 0.001, reg_lambda_tilde : 0.001, kernel : linear, density : gaussian, bandwidth : 0.3, bandwidth_mode : heuristic, epsilon : 0.1, normalized : True, random_seed : 50, 
bias_direct: 0.020403963333766692
rmse_direct: 0.02267579691680991
bias_indirect: 0.007299399827410423
rmse_indirect: 0.009454030851677602
bias_total: 0.025976309001393694
rmse_total: 0.02865012463750083
bias_mr: 0.02204096179512011
rmse_mr: 0.028235095892459122
coverage: 1.0
