Experiment: expname : nonparametric_experiment, data : uniform, n_samples : 500, mediator_dimension : 1, covariate_dimension : 1, alpha : 0.0, beta : 0.0, stochasticity : 1, gamma : 0.3, noise : uniform, 
Running with estimator : ipw, regularization : True, sample_splits : 1, reg_lambda : 0.001, reg_lambda_tilde : 0.001, kernel : gauss, density : conditional_kernel, bandwidth : 0.3, bandwidth_mode : heuristic, epsilon : 0.1, normalized : True, random_seed : 57, 
bias_direct: 0.11819731949997567
rmse_direct: 0.14455970023098805
bias_indirect: 0.032032499923108165
rmse_indirect: 0.044563994824010224
bias_total: 0.10203627562925863
rmse_total: 0.12300430754466098
bias_mr: 0.12380798950423412
rmse_mr: 0.16396244633880222
coverage: 0.0
