Experiment: expname : nonparametric_experiment, data : uniform, n_samples : 5000, mediator_dimension : 1, covariate_dimension : 1, alpha : 0.0, beta : 0.0, stochasticity : 1, gamma : 0.3, noise : uniform, 
Running with estimator : kme_dml, regularization : True, sample_splits : 1, reg_lambda : 0.001, reg_lambda_tilde : 0.001, kernel : gauss, density : conditional_kernel, bandwidth : 0.3, bandwidth_mode : heuristic, epsilon : 0.1, normalized : True, random_seed : 40, 
bias_direct: 0.02498083845048705
rmse_direct: 0.029456338267220335
bias_indirect: 0.021960096852708288
rmse_indirect: 0.023705546696256595
bias_total: 0.02119156933810685
rmse_total: 0.029344731471023063
bias_mr: 0.03753134966143989
rmse_mr: 0.042262437984286264
coverage: 1.0
