Experiment: expname : nonparametric_experiment, data : uniform, n_samples : 500, mediator_dimension : 1, covariate_dimension : 1, alpha : 0.0, beta : 0.0, stochasticity : 1, gamma : 0.3, noise : uniform, 
Running with estimator : kme_g_computation, regularization : True, sample_splits : 1, reg_lambda : 0.001, reg_lambda_tilde : 0.001, kernel : gauss, density : gaussian, bandwidth : 0.3, bandwidth_mode : heuristic, epsilon : 0.1, normalized : True, random_seed : 38, 
bias_direct: 0.13702726699032183
rmse_direct: 0.1669100064007632
bias_indirect: 0.10598901819426794
rmse_indirect: 0.12761132400061242
bias_total: 0.0394269608053735
rmse_total: 0.05719327643326355
bias_mr: 0.14126755044139183
rmse_mr: 0.1653347817196865
coverage: 0.0
