Experiment: expname : nonparametric_experiment, data : uniform, n_samples : 5000, mediator_dimension : 1, covariate_dimension : 1, alpha : 0.0, beta : 0.0, stochasticity : 1, gamma : 0.3, noise : uniform, 
Running with estimator : kme_dml, regularization : True, sample_splits : 1, reg_lambda : 0.001, reg_lambda_tilde : 0.001, kernel : gauss, density : conditional_kernel, bandwidth : 0.3, bandwidth_mode : heuristic, epsilon : 0.1, normalized : True, random_seed : 73, 
bias_direct: 0.05872220728365634
rmse_direct: 0.0641458151340593
bias_indirect: 0.01445404771285844
rmse_indirect: 0.01622110234376202
bias_total: 0.0522403971017656
rmse_total: 0.061094673562134605
bias_mr: 0.03982233085164485
rmse_mr: 0.04714925329331349
coverage: 0.9310344827586207
