Experiment: expname : nonparametric_experiment, data : uniform, n_samples : 500, mediator_dimension : 1, covariate_dimension : 1, alpha : 0.0, beta : 0.0, stochasticity : 1, gamma : 0.3, noise : uniform, 
Running with estimator : ipw, regularization : True, sample_splits : 1, reg_lambda : 0.001, reg_lambda_tilde : 0.001, kernel : gauss, density : conditional_kernel, bandwidth : 0.3, bandwidth_mode : heuristic, epsilon : 0.1, normalized : True, random_seed : 23, 
bias_direct: 0.11746608018979564
rmse_direct: 0.16202258075130585
bias_indirect: 0.04725970069789592
rmse_indirect: 0.05521140062949652
bias_total: 0.10368520375785124
rmse_total: 0.13756115116529197
bias_mr: 0.12016003251854475
rmse_mr: 0.1593652818383408
coverage: 0.0
