Experiment: expname : nonparametric_experiment, data : uniform, n_samples : 1000, mediator_dimension : 1, covariate_dimension : 1, alpha : 0.0, beta : 0.0, stochasticity : 1, gamma : 0.3, noise : uniform, 
Running with estimator : kme_dml, regularization : True, sample_splits : 1, reg_lambda : 0.001, reg_lambda_tilde : 0.001, kernel : linear, density : conditional_kernel, bandwidth : 0.3, bandwidth_mode : heuristic, epsilon : 0.1, normalized : True, random_seed : 53, 
bias_direct: 0.06022437850089505
rmse_direct: 0.09036878532086147
bias_indirect: 0.029073605021729426
rmse_indirect: 0.03605938358291757
bias_total: 0.08027503025833128
rmse_total: 0.0949164841212477
bias_mr: 0.05513557949575133
rmse_mr: 0.0724684775723022
coverage: 0.896551724137931
