Experiment: expname : baselines_experiment, data : uniform, n_samples : 5000, mediator_dimension : 1, covariate_dimension : 1, alpha : 0.5, beta : 0.25, stochasticity : 1, gamma : 0.3, noise : uniform, 
Running with estimator : linear, regularization : True, sample_splits : 1, reg_lambda : 0.001, reg_lambda_tilde : 0.001, kernel : gauss, density : gaussian, bandwidth : 0.3, bandwidth_mode : heuristic, epsilon : 0.3, normalized : True, random_seed : 73, 
bias_direct: 0.32056470229088285
rmse_direct: 0.36649232407960236
bias_indirect: 0.00027767987729760817
rmse_indirect: 0.0003155979421226345
bias_total: 0.3203215781316489
rmse_total: 0.36621813212346876
bias_mr: 0.30642138353805
rmse_mr: 0.32639474083811615
coverage: 0.0
