Experiment: expname : baselines_experiment, data : uniform, n_samples : 5000, mediator_dimension : 1, covariate_dimension : 1, alpha : 0.5, beta : 0.25, stochasticity : 1, gamma : 0.3, noise : uniform, 
Running with estimator : kme_g_computation, regularization : True, sample_splits : 1, reg_lambda : 0.001, reg_lambda_tilde : 0.001, kernel : gauss, density : gaussian, bandwidth : 0.3, bandwidth_mode : heuristic, epsilon : 0.3, normalized : True, random_seed : 46, 
bias_direct: 0.3789556450637869
rmse_direct: 0.4894386819834353
bias_indirect: 0.4164414811820482
rmse_indirect: 0.5329547600997138
bias_total: 0.03828119209586977
rmse_total: 0.05014864976344945
bias_mr: 0.398479761582342
rmse_mr: 0.516976974373834
coverage: 0.0
