Experiment: expname : nonparametric_experiment, data : uniform, n_samples : 1000, mediator_dimension : 1, covariate_dimension : 1, alpha : 0.0, beta : 0.0, stochasticity : 1, gamma : 0.3, noise : uniform, 
Running with estimator : kme_g_computation, regularization : True, sample_splits : 1, reg_lambda : 0.001, reg_lambda_tilde : 0.001, kernel : linear, density : gaussian, bandwidth : 0.3, bandwidth_mode : heuristic, epsilon : 0.1, normalized : True, random_seed : 15, 
bias_direct: 0.17156093139329118
rmse_direct: 0.19481391924116154
bias_indirect: 0.17882460706947217
rmse_indirect: 0.20324367689977418
bias_total: 0.008772425473412046
rmse_total: 0.01325569754308448
bias_mr: 0.1793930030853991
rmse_mr: 0.21081813972310326
coverage: 0.0
