Experiment: expname : nonparametric_experiment, data : uniform, n_samples : 1000, mediator_dimension : 1, covariate_dimension : 1, alpha : 0.0, beta : 0.0, stochasticity : 1, gamma : 0.3, noise : uniform, 
Running with estimator : kme_g_computation, regularization : True, sample_splits : 1, reg_lambda : 0.001, reg_lambda_tilde : 0.001, kernel : linear, density : gaussian, bandwidth : 0.3, bandwidth_mode : heuristic, epsilon : 0.1, normalized : True, random_seed : 88, 
bias_direct: 0.17102520464494442
rmse_direct: 0.19420321237855537
bias_indirect: 0.15698692060632904
rmse_indirect: 0.1784239556256591
bias_total: 0.014038284038615357
rmse_total: 0.017424843692977064
bias_mr: 0.17900178501889097
rmse_mr: 0.21049541902110197
coverage: 0.0
