Experiment: expname : baselines_experiment, data : uniform, n_samples : 1000, mediator_dimension : 1, covariate_dimension : 1, alpha : 0.5, beta : 0.25, stochasticity : 1, gamma : 0.3, noise : uniform, 
Running with estimator : kme_g_computation, regularization : True, sample_splits : 1, reg_lambda : 0.001, reg_lambda_tilde : 0.001, kernel : gauss, density : gaussian, bandwidth : 0.3, bandwidth_mode : heuristic, epsilon : 0.3, normalized : True, random_seed : 56, 
bias_direct: 0.41104932537822547
rmse_direct: 0.5393273730432789
bias_indirect: 0.4672160644877917
rmse_indirect: 0.5973592419392378
bias_total: 0.09723047761267302
rmse_total: 0.13070716767355614
bias_mr: 0.3903257469509054
rmse_mr: 0.514795271365601
coverage: 0.0
