Experiment: expname : baselines_experiment, data : uniform, n_samples : 500, mediator_dimension : 1, covariate_dimension : 1, alpha : 0.5, beta : 0.25, stochasticity : 1, gamma : 0.3, noise : uniform, 
Running with estimator : ipw, regularization : True, sample_splits : 1, reg_lambda : 0.001, reg_lambda_tilde : 0.001, kernel : gauss, density : gaussian, bandwidth : 0.3, bandwidth_mode : heuristic, epsilon : 0.3, normalized : True, random_seed : 75, 
bias_direct: 0.151826937870252
rmse_direct: 0.19006516682077795
bias_indirect: 0.0698275862068966
rmse_indirect: 0.07936276378669077
bias_total: 0.11358294017217413
rmse_total: 0.14338565314666618
bias_mr: 0.16378009724588288
rmse_mr: 0.22315505023790735
coverage: 0.0
