Experiment: expname : nonparametric_experiment, data : uniform, n_samples : 1000, mediator_dimension : 1, covariate_dimension : 1, alpha : 0.0, beta : 0.0, stochasticity : 1, gamma : 0.3, noise : uniform, 
Running with estimator : kme_g_computation, regularization : True, sample_splits : 1, reg_lambda : 0.001, reg_lambda_tilde : 0.001, kernel : gauss, density : gaussian, bandwidth : 0.3, bandwidth_mode : heuristic, epsilon : 0.1, normalized : True, random_seed : 34, 
bias_direct: 0.17423706615254175
rmse_direct: 0.19385090990656773
bias_indirect: 0.14381549084484832
rmse_indirect: 0.1762909419752448
bias_total: 0.042807960949430825
rmse_total: 0.04676935543969554
bias_mr: 0.1813133287083861
rmse_mr: 0.20353991750375433
coverage: 0.0
