Experiment: expname : nonparametric_experiment, data : uniform, n_samples : 500, mediator_dimension : 1, covariate_dimension : 1, alpha : 0.0, beta : 0.0, stochasticity : 1, gamma : 0.3, noise : uniform, 
Running with estimator : kme_dml, regularization : True, sample_splits : 1, reg_lambda : 0.001, reg_lambda_tilde : 0.001, kernel : linear, density : gaussian, bandwidth : 0.3, bandwidth_mode : heuristic, epsilon : 0.1, normalized : True, random_seed : 10, 
bias_direct: 0.0981873754911301
rmse_direct: 0.11853788200125152
bias_indirect: 0.022710259547043646
rmse_indirect: 0.025796482171936988
bias_total: 0.09368398991376752
rmse_total: 0.11145103717246081
bias_mr: 0.08282316280828458
rmse_mr: 0.09927420555832786
coverage: 1.0
