Experiment: expname : nonparametric_experiment, data : uniform, n_samples : 1000, mediator_dimension : 1, covariate_dimension : 1, alpha : 0.0, beta : 0.0, stochasticity : 1, gamma : 0.3, noise : uniform, 
Running with estimator : kme_g_computation, regularization : True, sample_splits : 1, reg_lambda : 0.001, reg_lambda_tilde : 0.001, kernel : gauss, density : conditional_kernel, bandwidth : 0.3, bandwidth_mode : heuristic, epsilon : 0.1, normalized : True, random_seed : 24, 
bias_direct: 0.18078928056362936
rmse_direct: 0.20488445614176024
bias_indirect: 0.17557674418637734
rmse_indirect: 0.22389292344303072
bias_total: 0.06061900713931398
rmse_total: 0.07224561034619899
bias_mr: 0.1838314879731542
rmse_mr: 0.2112646294248726
coverage: 0.0
