Experiment: expname : nonparametric_experiment, data : uniform, n_samples : 5000, mediator_dimension : 1, covariate_dimension : 1, alpha : 0.0, beta : 0.0, stochasticity : 1, gamma : 0.3, noise : uniform, 
Running with estimator : kme_dml, regularization : True, sample_splits : 1, reg_lambda : 0.001, reg_lambda_tilde : 0.001, kernel : linear, density : gaussian, bandwidth : 0.3, bandwidth_mode : heuristic, epsilon : 0.1, normalized : True, random_seed : 42, 
bias_direct: 0.018817104392348558
rmse_direct: 0.020560678240600958
bias_indirect: 0.01835383046184933
rmse_indirect: 0.02078109349855825
bias_total: 0.01475512914601541
rmse_total: 0.019668821535040806
bias_mr: 0.02272605575400289
rmse_mr: 0.029023148839272914
coverage: 1.0
