Experiment: expname : nonparametric_experiment, data : uniform, n_samples : 1000, mediator_dimension : 1, covariate_dimension : 1, alpha : 0.0, beta : 0.0, stochasticity : 1, gamma : 0.3, noise : uniform, 
Running with estimator : kme_dml, regularization : True, sample_splits : 1, reg_lambda : 0.001, reg_lambda_tilde : 0.001, kernel : linear, density : gaussian, bandwidth : 0.3, bandwidth_mode : heuristic, epsilon : 0.1, normalized : True, random_seed : 56, 
bias_direct: 0.11462964842569542
rmse_direct: 0.13055252689314933
bias_indirect: 0.03319824237074442
rmse_indirect: 0.039949201327318155
bias_total: 0.09179879582604694
rmse_total: 0.10232594559200936
bias_mr: 0.09843433086104549
rmse_mr: 0.11025481807353057
coverage: 0.8275862068965517
