Experiment: expname : baselines_experiment, data : uniform, n_samples : 5000, mediator_dimension : 1, covariate_dimension : 1, alpha : 0.5, beta : 0.25, stochasticity : 1, gamma : 0.3, noise : uniform, 
Running with estimator : kme_g_computation, regularization : True, sample_splits : 1, reg_lambda : 0.001, reg_lambda_tilde : 0.001, kernel : gauss, density : gaussian, bandwidth : 0.3, bandwidth_mode : heuristic, epsilon : 0.3, normalized : True, random_seed : 79, 
bias_direct: 0.3868244619658252
rmse_direct: 0.5031342134596097
bias_indirect: 0.4270805251981246
rmse_indirect: 0.5552265071266114
bias_total: 0.04339666038342801
rmse_total: 0.0570909970270523
bias_mr: 0.39806331669513684
rmse_mr: 0.5193872283701253
coverage: 0.0
