Experiment: expname : nonparametric_experiment, data : uniform, n_samples : 500, mediator_dimension : 1, covariate_dimension : 1, alpha : 0.0, beta : 0.0, stochasticity : 1, gamma : 0.3, noise : uniform, 
Running with estimator : kme_dml, regularization : True, sample_splits : 1, reg_lambda : 0.001, reg_lambda_tilde : 0.001, kernel : linear, density : gaussian, bandwidth : 0.3, bandwidth_mode : heuristic, epsilon : 0.1, normalized : True, random_seed : 58, 
bias_direct: 0.10409669921647395
rmse_direct: 0.13716456608365124
bias_indirect: 0.027207302069273735
rmse_indirect: 0.03233035313107578
bias_total: 0.11794788836427073
rmse_total: 0.16488252950478877
bias_mr: 0.0754557611714898
rmse_mr: 0.09471821538232296
coverage: 1.0
