Experiment: expname : nonparametric_experiment, data : uniform, n_samples : 500, mediator_dimension : 1, covariate_dimension : 1, alpha : 0.0, beta : 0.0, stochasticity : 1, gamma : 0.3, noise : uniform, 
Running with estimator : kme_dml, regularization : True, sample_splits : 1, reg_lambda : 0.001, reg_lambda_tilde : 0.001, kernel : linear, density : gaussian, bandwidth : 0.3, bandwidth_mode : heuristic, epsilon : 0.1, normalized : True, random_seed : 68, 
bias_direct: 0.13311177470611998
rmse_direct: 0.18264663366676914
bias_indirect: 0.030813514553463775
rmse_indirect: 0.03900955930030831
bias_total: 0.1294363539472943
rmse_total: 0.18814834564748376
bias_mr: 0.1276678518148459
rmse_mr: 0.14059135079803695
coverage: 0.8620689655172413
