Experiment: expname : nonparametric_experiment, data : uniform, n_samples : 500, mediator_dimension : 1, covariate_dimension : 1, alpha : 0.0, beta : 0.0, stochasticity : 1, gamma : 0.3, noise : uniform, 
Running with estimator : kme_dml, regularization : True, sample_splits : 1, reg_lambda : 0.001, reg_lambda_tilde : 0.001, kernel : gauss, density : conditional_kernel, bandwidth : 0.3, bandwidth_mode : heuristic, epsilon : 0.1, normalized : True, random_seed : 50, 
bias_direct: 0.1216539527563002
rmse_direct: 0.15768665597951212
bias_indirect: 0.010102686732570965
rmse_indirect: 0.012942508405437515
bias_total: 0.11240097303012984
rmse_total: 0.14946423920018545
bias_mr: 0.11569651797930146
rmse_mr: 0.12319819389155097
coverage: 1.0
