Experiment: expname : nonparametric_experiment, data : uniform, n_samples : 500, mediator_dimension : 1, covariate_dimension : 1, alpha : 0.0, beta : 0.0, stochasticity : 1, gamma : 0.3, noise : uniform, 
Running with estimator : kme_dml, regularization : True, sample_splits : 1, reg_lambda : 0.001, reg_lambda_tilde : 0.001, kernel : linear, density : conditional_kernel, bandwidth : 0.3, bandwidth_mode : heuristic, epsilon : 0.1, normalized : True, random_seed : 45, 
bias_direct: 0.06739436292638455
rmse_direct: 0.09406145186558412
bias_indirect: 0.042654589940190286
rmse_indirect: 0.04925000821834782
bias_total: 0.0584784649718144
rmse_total: 0.0690995654079948
bias_mr: 0.11044252511661233
rmse_mr: 0.12792369574578744
coverage: 0.7931034482758621
