Experiment: expname : nonparametric_experiment, data : uniform, n_samples : 500, mediator_dimension : 1, covariate_dimension : 1, alpha : 0.0, beta : 0.0, stochasticity : 1, gamma : 0.3, noise : uniform, 
Running with estimator : ipw, regularization : True, sample_splits : 1, reg_lambda : 0.001, reg_lambda_tilde : 0.001, kernel : linear, density : gaussian, bandwidth : 0.3, bandwidth_mode : heuristic, epsilon : 0.1, normalized : True, random_seed : 69, 
bias_direct: 0.14207890287015382
rmse_direct: 0.17817938301445543
bias_indirect: 0.0698275862068966
rmse_indirect: 0.07936276378669078
bias_total: 0.105352211215095
rmse_total: 0.13345756367733308
bias_mr: 0.13079167599467367
rmse_mr: 0.16066232947768103
coverage: 0.0
