Experiment: expname : nonparametric_experiment, data : uniform, n_samples : 5000, mediator_dimension : 1, covariate_dimension : 1, alpha : 0.0, beta : 0.0, stochasticity : 1, gamma : 0.3, noise : uniform, 
Running with estimator : kme_dml, regularization : True, sample_splits : 1, reg_lambda : 0.001, reg_lambda_tilde : 0.001, kernel : linear, density : gaussian, bandwidth : 0.3, bandwidth_mode : heuristic, epsilon : 0.1, normalized : True, random_seed : 0, 
bias_direct: 0.035851217469090986
rmse_direct: 0.048147009628480814
bias_indirect: 0.013488159145353954
rmse_indirect: 0.014660140841938186
bias_total: 0.046104718735496084
rmse_total: 0.06008675179686551
bias_mr: 0.03563989677970316
rmse_mr: 0.04791499537927378
coverage: 0.8620689655172413
