Experiment: expname : baselines_experiment, data : uniform, n_samples : 5000, mediator_dimension : 1, covariate_dimension : 1, alpha : 0.5, beta : 0.25, stochasticity : 1, gamma : 0.3, noise : uniform, 
Running with estimator : linear, regularization : True, sample_splits : 1, reg_lambda : 0.001, reg_lambda_tilde : 0.001, kernel : gauss, density : gaussian, bandwidth : 0.3, bandwidth_mode : heuristic, epsilon : 0.3, normalized : True, random_seed : 48, 
bias_direct: 0.31799908653404085
rmse_direct: 0.36360224454052403
bias_indirect: 0.006013256540290422
rmse_indirect: 0.006834385725175019
bias_total: 0.32326402670487286
rmse_total: 0.3695410235709459
bias_mr: 0.3037684626543459
rmse_mr: 0.3233306361573146
coverage: 0.0
