Experiment: expname : nonparametric_experiment, data : uniform, n_samples : 1000, mediator_dimension : 1, covariate_dimension : 1, alpha : 0.0, beta : 0.0, stochasticity : 1, gamma : 0.3, noise : uniform, 
Running with estimator : kme_dml, regularization : True, sample_splits : 1, reg_lambda : 0.001, reg_lambda_tilde : 0.001, kernel : linear, density : gaussian, bandwidth : 0.3, bandwidth_mode : heuristic, epsilon : 0.1, normalized : True, random_seed : 53, 
bias_direct: 0.05885952351665427
rmse_direct: 0.08890149706878347
bias_indirect: 0.02901639118510297
rmse_indirect: 0.03637451273696524
bias_total: 0.0797558037096101
rmse_total: 0.09462305248814672
bias_mr: 0.06688476364761689
rmse_mr: 0.0846833621026809
coverage: 0.896551724137931
