Experiment: expname : nonparametric_experiment, data : uniform, n_samples : 500, mediator_dimension : 1, covariate_dimension : 1, alpha : 0.0, beta : 0.0, stochasticity : 1, gamma : 0.3, noise : uniform, 
Running with estimator : kme_dml, regularization : True, sample_splits : 1, reg_lambda : 0.001, reg_lambda_tilde : 0.001, kernel : linear, density : conditional_kernel, bandwidth : 0.3, bandwidth_mode : heuristic, epsilon : 0.1, normalized : True, random_seed : 46, 
bias_direct: 0.08200218834528884
rmse_direct: 0.10206521599493808
bias_indirect: 0.02133725624782104
rmse_indirect: 0.03128173354011212
bias_total: 0.06746325615835616
rmse_total: 0.08774588854680464
bias_mr: 0.09388663071654345
rmse_mr: 0.10430943936283053
coverage: 1.0
