Experiment: expname : nonparametric_experiment, data : uniform, n_samples : 1000, mediator_dimension : 1, covariate_dimension : 1, alpha : 0.0, beta : 0.0, stochasticity : 1, gamma : 0.3, noise : uniform, 
Running with estimator : kme_dml, regularization : True, sample_splits : 1, reg_lambda : 0.001, reg_lambda_tilde : 0.001, kernel : linear, density : conditional_kernel, bandwidth : 0.3, bandwidth_mode : heuristic, epsilon : 0.1, normalized : True, random_seed : 68, 
bias_direct: 0.051256497235022534
rmse_direct: 0.07073852499885266
bias_indirect: 0.01292703675255537
rmse_indirect: 0.015338584247915683
bias_total: 0.05166637257625388
rmse_total: 0.06798744473066101
bias_mr: 0.048974031955816795
rmse_mr: 0.06331279411449008
coverage: 1.0
