Experiment: expname : baselines_experiment, data : uniform, n_samples : 500, mediator_dimension : 1, covariate_dimension : 1, alpha : 0.5, beta : 0.25, stochasticity : 1, gamma : 0.3, noise : uniform, 
Running with estimator : kme_g_computation, regularization : True, sample_splits : 1, reg_lambda : 0.001, reg_lambda_tilde : 0.001, kernel : gauss, density : gaussian, bandwidth : 0.3, bandwidth_mode : heuristic, epsilon : 0.3, normalized : True, random_seed : 7, 
bias_direct: 0.3438110337761534
rmse_direct: 0.4506513688487614
bias_indirect: 0.33220599348337687
rmse_indirect: 0.48159937520164653
bias_total: 0.05706584055671442
rmse_total: 0.06434644084796794
bias_mr: 0.36239196846207933
rmse_mr: 0.48809274463895463
coverage: 0.0
