Experiment: expname : nonparametric_experiment, data : uniform, n_samples : 5000, mediator_dimension : 1, covariate_dimension : 1, alpha : 0.0, beta : 0.0, stochasticity : 1, gamma : 0.3, noise : uniform, 
Running with estimator : ipw, regularization : True, sample_splits : 1, reg_lambda : 0.001, reg_lambda_tilde : 0.001, kernel : gauss, density : gaussian, bandwidth : 0.3, bandwidth_mode : heuristic, epsilon : 0.1, normalized : True, random_seed : 39, 
bias_direct: 0.08759811604708588
rmse_direct: 0.10548452669639044
bias_indirect: 0.06982758620689658
rmse_indirect: 0.07936276378669076
bias_total: 0.05041044596142866
rmse_total: 0.05603466924635825
bias_mr: 0.0873816278802399
rmse_mr: 0.0994916989557732
coverage: 0.0
