Experiment: expname : nonparametric_experiment, data : uniform, n_samples : 500, mediator_dimension : 1, covariate_dimension : 1, alpha : 0.0, beta : 0.0, stochasticity : 1, gamma : 0.3, noise : uniform, 
Running with estimator : kme_dml, regularization : True, sample_splits : 1, reg_lambda : 0.001, reg_lambda_tilde : 0.001, kernel : linear, density : conditional_kernel, bandwidth : 0.3, bandwidth_mode : heuristic, epsilon : 0.1, normalized : True, random_seed : 72, 
bias_direct: 0.04835849935414783
rmse_direct: 0.05979487962327906
bias_indirect: 0.04510071622810947
rmse_indirect: 0.053041866616205156
bias_total: 0.08917363632768555
rmse_total: 0.09886683900671255
bias_mr: 0.05114654812905906
rmse_mr: 0.06270522686798854
coverage: 1.0
