Experiment: expname : baselines_experiment, data : uniform, n_samples : 1000, mediator_dimension : 1, covariate_dimension : 1, alpha : 0.5, beta : 0.25, stochasticity : 1, gamma : 0.3, noise : uniform, 
Running with estimator : kme_g_computation, regularization : True, sample_splits : 1, reg_lambda : 0.001, reg_lambda_tilde : 0.001, kernel : gauss, density : gaussian, bandwidth : 0.3, bandwidth_mode : heuristic, epsilon : 0.3, normalized : True, random_seed : 16, 
bias_direct: 0.3310417712701521
rmse_direct: 0.4333321293342594
bias_indirect: 0.44497747147852124
rmse_indirect: 0.5610141508852001
bias_total: 0.11393570020836924
rmse_total: 0.13920365710183596
bias_mr: 0.3935215766865427
rmse_mr: 0.5171343003662388
coverage: 0.0
