Experiment: expname : nonparametric_experiment, data : uniform, n_samples : 5000, mediator_dimension : 1, covariate_dimension : 1, alpha : 0.0, beta : 0.0, stochasticity : 1, gamma : 0.3, noise : uniform, 
Running with estimator : ipw, regularization : True, sample_splits : 1, reg_lambda : 0.001, reg_lambda_tilde : 0.001, kernel : gauss, density : conditional_kernel, bandwidth : 0.3, bandwidth_mode : heuristic, epsilon : 0.1, normalized : True, random_seed : 91, 
bias_direct: 0.051215125420012324
rmse_direct: 0.06865845442983853
bias_indirect: 0.01914208417633912
rmse_indirect: 0.02292582018426585
bias_total: 0.05297860525787853
rmse_total: 0.06921464943779912
bias_mr: 0.06862625810251331
rmse_mr: 0.08108925138068691
coverage: 0.0
