Experiment: expname : nonparametric_experiment, data : uniform, n_samples : 5000, mediator_dimension : 1, covariate_dimension : 1, alpha : 0.0, beta : 0.0, stochasticity : 1, gamma : 0.3, noise : uniform, 
Running with estimator : kme_dml, regularization : True, sample_splits : 1, reg_lambda : 0.001, reg_lambda_tilde : 0.001, kernel : linear, density : gaussian, bandwidth : 0.3, bandwidth_mode : heuristic, epsilon : 0.1, normalized : True, random_seed : 21, 
bias_direct: 0.0198829663595997
rmse_direct: 0.03196869377336336
bias_indirect: 0.006224448859078077
rmse_indirect: 0.007111177807881802
bias_total: 0.02301928223544938
rmse_total: 0.033085258292045026
bias_mr: 0.03193004279049045
rmse_mr: 0.03536241502743362
coverage: 1.0
