Experiment: expname : baselines_experiment, data : uniform, n_samples : 500, mediator_dimension : 1, covariate_dimension : 1, alpha : 0.5, beta : 0.25, stochasticity : 1, gamma : 0.3, noise : uniform, 
Running with estimator : kme_dml, regularization : True, sample_splits : 1, reg_lambda : 0.001, reg_lambda_tilde : 0.001, kernel : gauss, density : gaussian, bandwidth : 0.3, bandwidth_mode : heuristic, epsilon : 0.3, normalized : True, random_seed : 73, 
bias_direct: 0.09059948886368753
rmse_direct: 0.11468274360693367
bias_indirect: 0.03001457491762863
rmse_indirect: 0.038957727782231194
bias_total: 0.12027526319147633
rmse_total: 0.14905077749886153
bias_mr: 0.09395004777256702
rmse_mr: 0.10445845491342334
coverage: 1.0
