Experiment: expname : nonparametric_experiment, data : uniform, n_samples : 5000, mediator_dimension : 1, covariate_dimension : 1, alpha : 0.0, beta : 0.0, stochasticity : 1, gamma : 0.3, noise : uniform, 
Running with estimator : ipw, regularization : True, sample_splits : 1, reg_lambda : 0.001, reg_lambda_tilde : 0.001, kernel : linear, density : conditional_kernel, bandwidth : 0.3, bandwidth_mode : heuristic, epsilon : 0.1, normalized : True, random_seed : 33, 
bias_direct: 0.07034824461043385
rmse_direct: 0.08555452062099743
bias_indirect: 0.022245572612415485
rmse_indirect: 0.02632574112079825
bias_total: 0.07938302632454254
rmse_total: 0.09173803652451772
bias_mr: 0.061553022000586134
rmse_mr: 0.07279127143759032
coverage: 0.0
