Experiment: expname : baselines_experiment, data : uniform, n_samples : 5000, mediator_dimension : 1, covariate_dimension : 1, alpha : 0.5, beta : 0.25, stochasticity : 1, gamma : 0.3, noise : uniform, 
Running with estimator : kme_g_computation, regularization : True, sample_splits : 1, reg_lambda : 0.001, reg_lambda_tilde : 0.001, kernel : gauss, density : gaussian, bandwidth : 0.3, bandwidth_mode : heuristic, epsilon : 0.3, normalized : True, random_seed : 26, 
bias_direct: 0.374100255033767
rmse_direct: 0.4816079992877295
bias_indirect: 0.4044092419672449
rmse_indirect: 0.5332051007553192
bias_total: 0.04530851530281696
rmse_total: 0.060856759042709783
bias_mr: 0.40593550083857993
rmse_mr: 0.5276268363001883
coverage: 0.0
