Experiment: expname : nonparametric_experiment, data : uniform, n_samples : 1000, mediator_dimension : 1, covariate_dimension : 1, alpha : 0.0, beta : 0.0, stochasticity : 1, gamma : 0.3, noise : uniform, 
Running with estimator : kme_g_computation, regularization : True, sample_splits : 1, reg_lambda : 0.001, reg_lambda_tilde : 0.001, kernel : gauss, density : gaussian, bandwidth : 0.3, bandwidth_mode : heuristic, epsilon : 0.1, normalized : True, random_seed : 16, 
bias_direct: 0.15281530035195723
rmse_direct: 0.17390141790605848
bias_indirect: 0.22292662364127538
rmse_indirect: 0.2467430321680838
bias_total: 0.07011132328931816
rmse_total: 0.07693744356434826
bias_mr: 0.16852802634497613
rmse_mr: 0.19396335229703443
coverage: 0.0
