Experiment: expname : nonparametric_experiment, data : uniform, n_samples : 5000, mediator_dimension : 1, covariate_dimension : 1, alpha : 0.0, beta : 0.0, stochasticity : 1, gamma : 0.3, noise : uniform, 
Running with estimator : kme_dml, regularization : True, sample_splits : 1, reg_lambda : 0.001, reg_lambda_tilde : 0.001, kernel : gauss, density : gaussian, bandwidth : 0.3, bandwidth_mode : heuristic, epsilon : 0.1, normalized : True, random_seed : 86, 
bias_direct: 0.01825850065039691
rmse_direct: 0.024671729929045302
bias_indirect: 0.015426628400238517
rmse_indirect: 0.020392413896757423
bias_total: 0.026395491393614613
rmse_total: 0.030871557427663607
bias_mr: 0.0660688231122201
rmse_mr: 0.07135540417229387
coverage: 0.7586206896551724
