Experiment: expname : nonparametric_experiment, data : uniform, n_samples : 1000, mediator_dimension : 1, covariate_dimension : 1, alpha : 0.0, beta : 0.0, stochasticity : 1, gamma : 0.3, noise : uniform, 
Running with estimator : kme_g_computation, regularization : True, sample_splits : 1, reg_lambda : 0.001, reg_lambda_tilde : 0.001, kernel : gauss, density : conditional_kernel, bandwidth : 0.3, bandwidth_mode : heuristic, epsilon : 0.1, normalized : True, random_seed : 31, 
bias_direct: 0.16068920877958723
rmse_direct: 0.18350337052065716
bias_indirect: 0.2593859205404451
rmse_indirect: 0.29585457556771017
bias_total: 0.09869671176085795
rmse_total: 0.12196555673114692
bias_mr: 0.1597228163766734
rmse_mr: 0.17962248661950395
coverage: 0.0
