Experiment: expname : nonparametric_experiment, data : uniform, n_samples : 500, mediator_dimension : 1, covariate_dimension : 1, alpha : 0.0, beta : 0.0, stochasticity : 1, gamma : 0.3, noise : uniform, 
Running with estimator : kme_g_computation, regularization : True, sample_splits : 1, reg_lambda : 0.001, reg_lambda_tilde : 0.001, kernel : linear, density : conditional_kernel, bandwidth : 0.3, bandwidth_mode : heuristic, epsilon : 0.1, normalized : True, random_seed : 34, 
bias_direct: 0.15623391870808287
rmse_direct: 0.17754719943956723
bias_indirect: 0.10914485129248741
rmse_indirect: 0.12404885776825436
bias_total: 0.04708906741559547
rmse_total: 0.05490129112249992
bias_mr: 0.16644724963208476
rmse_mr: 0.1977983911135346
coverage: 0.0
