Experiment: expname : nonparametric_experiment, data : uniform, n_samples : 500, mediator_dimension : 1, covariate_dimension : 1, alpha : 0.0, beta : 0.0, stochasticity : 1, gamma : 0.3, noise : uniform, 
Running with estimator : kme_g_computation, regularization : True, sample_splits : 1, reg_lambda : 0.001, reg_lambda_tilde : 0.001, kernel : gauss, density : gaussian, bandwidth : 0.3, bandwidth_mode : heuristic, epsilon : 0.1, normalized : True, random_seed : 29, 
bias_direct: 0.166967787757616
rmse_direct: 0.19229946746656906
bias_indirect: 0.18972737057874745
rmse_indirect: 0.23774184683189295
bias_total: 0.0903782843861001
rmse_total: 0.11750180740632839
bias_mr: 0.1982381388997612
rmse_mr: 0.2399042028025909
coverage: 0.0
