Experiment: expname : baselines_experiment, data : uniform, n_samples : 5000, mediator_dimension : 1, covariate_dimension : 1, alpha : 0.5, beta : 0.25, stochasticity : 1, gamma : 0.3, noise : uniform, 
Running with estimator : kme_g_computation, regularization : True, sample_splits : 1, reg_lambda : 0.001, reg_lambda_tilde : 0.001, kernel : gauss, density : gaussian, bandwidth : 0.3, bandwidth_mode : heuristic, epsilon : 0.3, normalized : True, random_seed : 96, 
bias_direct: 0.3591076049907191
rmse_direct: 0.4728324306812976
bias_indirect: 0.383033280267345
rmse_indirect: 0.5115447321376899
bias_total: 0.04189317876951157
rmse_total: 0.06595863185394842
bias_mr: 0.36784911194930187
rmse_mr: 0.48565890839079906
coverage: 0.0
