Experiment: expname : nonparametric_experiment, data : uniform, n_samples : 5000, mediator_dimension : 1, covariate_dimension : 1, alpha : 0.0, beta : 0.0, stochasticity : 1, gamma : 0.3, noise : uniform, 
Running with estimator : kme_dml, regularization : True, sample_splits : 1, reg_lambda : 0.001, reg_lambda_tilde : 0.001, kernel : linear, density : gaussian, bandwidth : 0.3, bandwidth_mode : heuristic, epsilon : 0.1, normalized : True, random_seed : 58, 
bias_direct: 0.0296127176932267
rmse_direct: 0.03326804103972029
bias_indirect: 0.008350639798480676
rmse_indirect: 0.011425895652600725
bias_total: 0.03317850832246726
rmse_total: 0.03771721622852072
bias_mr: 0.03096615831330359
rmse_mr: 0.03706965029692933
coverage: 1.0
