Experiment: expname : nonparametric_experiment, data : uniform, n_samples : 5000, mediator_dimension : 1, covariate_dimension : 1, alpha : 0.0, beta : 0.0, stochasticity : 1, gamma : 0.3, noise : uniform, 
Running with estimator : kme_g_computation, regularization : True, sample_splits : 1, reg_lambda : 0.001, reg_lambda_tilde : 0.001, kernel : gauss, density : gaussian, bandwidth : 0.3, bandwidth_mode : heuristic, epsilon : 0.1, normalized : True, random_seed : 8, 
bias_direct: 0.17362811135322037
rmse_direct: 0.19709224931847058
bias_indirect: 0.16506884083449969
rmse_indirect: 0.18575261209212704
bias_total: 0.008559270518720699
rmse_total: 0.015202095965481425
bias_mr: 0.1760994955475998
rmse_mr: 0.1998480376169906
coverage: 0.0
