Experiment: expname : nonparametric_experiment, data : uniform, n_samples : 500, mediator_dimension : 1, covariate_dimension : 1, alpha : 0.0, beta : 0.0, stochasticity : 1, gamma : 0.3, noise : uniform, 
Running with estimator : kme_dml, regularization : True, sample_splits : 1, reg_lambda : 0.001, reg_lambda_tilde : 0.001, kernel : linear, density : gaussian, bandwidth : 0.3, bandwidth_mode : heuristic, epsilon : 0.1, normalized : True, random_seed : 25, 
bias_direct: 0.05309867845835885
rmse_direct: 0.07972477403706697
bias_indirect: 0.034757249671375764
rmse_indirect: 0.042966482813765056
bias_total: 0.0571993483463543
rmse_total: 0.08791998610726266
bias_mr: 0.1399976031915057
rmse_mr: 0.14795338894304116
coverage: 1.0
