Experiment: expname : baselines_experiment, data : uniform, n_samples : 500, mediator_dimension : 1, covariate_dimension : 1, alpha : 0.5, beta : 0.25, stochasticity : 1, gamma : 0.3, noise : uniform, 
Running with estimator : kme_g_computation, regularization : True, sample_splits : 1, reg_lambda : 0.001, reg_lambda_tilde : 0.001, kernel : gauss, density : gaussian, bandwidth : 0.3, bandwidth_mode : heuristic, epsilon : 0.3, normalized : True, random_seed : 34, 
bias_direct: 0.40873553662395373
rmse_direct: 0.533894928147034
bias_indirect: 0.39319853501682506
rmse_indirect: 0.5019351594452199
bias_total: 0.04424436288318876
rmse_total: 0.06605986500171274
bias_mr: 0.4190709353861363
rmse_mr: 0.5445722145584813
coverage: 0.0
