Experiment: expname : baselines_experiment, data : uniform, n_samples : 500, mediator_dimension : 1, covariate_dimension : 1, alpha : 0.5, beta : 0.25, stochasticity : 1, gamma : 0.3, noise : uniform, 
Running with estimator : linear, regularization : True, sample_splits : 1, reg_lambda : 0.001, reg_lambda_tilde : 0.001, kernel : gauss, density : gaussian, bandwidth : 0.3, bandwidth_mode : heuristic, epsilon : 0.3, normalized : True, random_seed : 52, 
bias_direct: 0.2952224650740337
rmse_direct: 0.33830033027077905
bias_indirect: 0.026868355117144086
rmse_indirect: 0.030537313923193105
bias_total: 0.31874720266548867
rmse_total: 0.3644441958574787
bias_mr: 0.2769223673269311
rmse_mr: 0.29746644616440476
coverage: 0.0
