Experiment: expname : nonparametric_experiment, data : uniform, n_samples : 500, mediator_dimension : 1, covariate_dimension : 1, alpha : 0.0, beta : 0.0, stochasticity : 1, gamma : 0.3, noise : uniform, 
Running with estimator : kme_g_computation, regularization : True, sample_splits : 1, reg_lambda : 0.001, reg_lambda_tilde : 0.001, kernel : linear, density : gaussian, bandwidth : 0.3, bandwidth_mode : heuristic, epsilon : 0.1, normalized : True, random_seed : 69, 
bias_direct: 0.16778039601962955
rmse_direct: 0.19051754279066166
bias_indirect: 0.13194105453913516
rmse_indirect: 0.14995797702410402
bias_total: 0.03583934148049438
rmse_total: 0.0413579191403786
bias_mr: 0.16792601321931624
rmse_mr: 0.19121801993467638
coverage: 0.0
