Experiment: expname : nonparametric_experiment, data : uniform, n_samples : 5000, mediator_dimension : 1, covariate_dimension : 1, alpha : 0.0, beta : 0.0, stochasticity : 1, gamma : 0.3, noise : uniform, 
Running with estimator : kme_g_computation, regularization : True, sample_splits : 1, reg_lambda : 0.001, reg_lambda_tilde : 0.001, kernel : linear, density : conditional_kernel, bandwidth : 0.3, bandwidth_mode : heuristic, epsilon : 0.1, normalized : True, random_seed : 44, 
bias_direct: 0.1652433701834313
rmse_direct: 0.18767164421981736
bias_indirect: 0.1733023126813056
rmse_indirect: 0.1969672873177472
bias_total: 0.00805894249787431
rmse_total: 0.010295864248983625
bias_mr: 0.1660047513921386
rmse_mr: 0.18933116465235808
coverage: 0.0
