Experiment: expname : nonparametric_experiment, data : uniform, n_samples : 500, mediator_dimension : 1, covariate_dimension : 1, alpha : 0.0, beta : 0.0, stochasticity : 1, gamma : 0.3, noise : uniform, 
Running with estimator : kme_g_computation, regularization : True, sample_splits : 1, reg_lambda : 0.001, reg_lambda_tilde : 0.001, kernel : gauss, density : gaussian, bandwidth : 0.3, bandwidth_mode : heuristic, epsilon : 0.1, normalized : True, random_seed : 68, 
bias_direct: 0.1741882131732572
rmse_direct: 0.20465859668036174
bias_indirect: 0.08704662334764653
rmse_indirect: 0.13808992729069788
bias_total: 0.12813112061877133
rmse_total: 0.17614010862452817
bias_mr: 0.18575412575208247
rmse_mr: 0.22280937290567474
coverage: 0.0
