Experiment: expname : nonparametric_experiment, data : uniform, n_samples : 500, mediator_dimension : 1, covariate_dimension : 1, alpha : 0.0, beta : 0.0, stochasticity : 1, gamma : 0.3, noise : uniform, 
Running with estimator : kme_g_computation, regularization : True, sample_splits : 1, reg_lambda : 0.001, reg_lambda_tilde : 0.001, kernel : linear, density : conditional_kernel, bandwidth : 0.3, bandwidth_mode : heuristic, epsilon : 0.1, normalized : True, random_seed : 2, 
bias_direct: 0.14113911626089465
rmse_direct: 0.161371551821151
bias_indirect: 0.16363778486513822
rmse_indirect: 0.1859830320837047
bias_total: 0.022498668604243596
rmse_total: 0.027765274624952468
bias_mr: 0.15162629817107093
rmse_mr: 0.181641023681093
coverage: 0.0
