Experiment: expname : nonparametric_experiment, data : uniform, n_samples : 5000, mediator_dimension : 1, covariate_dimension : 1, alpha : 0.0, beta : 0.0, stochasticity : 1, gamma : 0.3, noise : uniform, 
Running with estimator : kme_dml, regularization : True, sample_splits : 1, reg_lambda : 0.001, reg_lambda_tilde : 0.001, kernel : gauss, density : gaussian, bandwidth : 0.3, bandwidth_mode : heuristic, epsilon : 0.1, normalized : True, random_seed : 21, 
bias_direct: 0.0195362775227097
rmse_direct: 0.031541411060405956
bias_indirect: 0.008040466378727474
rmse_indirect: 0.0090581013312287
bias_total: 0.023433357882466723
rmse_total: 0.03376207729029689
bias_mr: 0.02945890211729261
rmse_mr: 0.03267103463240856
coverage: 1.0
