Experiment: expname : nonparametric_experiment, data : uniform, n_samples : 5000, mediator_dimension : 1, covariate_dimension : 1, alpha : 0.0, beta : 0.0, stochasticity : 1, gamma : 0.3, noise : uniform, 
Running with estimator : kme_dml, regularization : True, sample_splits : 1, reg_lambda : 0.001, reg_lambda_tilde : 0.001, kernel : linear, density : gaussian, bandwidth : 0.3, bandwidth_mode : heuristic, epsilon : 0.1, normalized : True, random_seed : 3, 
bias_direct: 0.02526919190220009
rmse_direct: 0.03138461088278084
bias_indirect: 0.01242570376620897
rmse_indirect: 0.015264455870034848
bias_total: 0.016252257818832223
rmse_total: 0.02022008238203876
bias_mr: 0.032344533805008784
rmse_mr: 0.039920042411260966
coverage: 0.9655172413793104
