Experiment: expname : nonparametric_experiment, data : uniform, n_samples : 1000, mediator_dimension : 1, covariate_dimension : 1, alpha : 0.0, beta : 0.0, stochasticity : 1, gamma : 0.3, noise : uniform, 
Running with estimator : ipw, regularization : True, sample_splits : 1, reg_lambda : 0.001, reg_lambda_tilde : 0.001, kernel : gauss, density : conditional_kernel, bandwidth : 0.3, bandwidth_mode : heuristic, epsilon : 0.1, normalized : True, random_seed : 21, 
bias_direct: 0.07391228781022634
rmse_direct: 0.09263864506397765
bias_indirect: 0.034688574236069754
rmse_indirect: 0.03844810754060016
bias_total: 0.0828698407043566
rmse_total: 0.10504155038300986
bias_mr: 0.060676640198197636
rmse_mr: 0.07111651463185183
coverage: 0.0
