Experiment: expname : nonparametric_experiment, data : uniform, n_samples : 500, mediator_dimension : 1, covariate_dimension : 1, alpha : 0.0, beta : 0.0, stochasticity : 1, gamma : 0.3, noise : uniform, 
Running with estimator : kme_dml, regularization : True, sample_splits : 1, reg_lambda : 0.001, reg_lambda_tilde : 0.001, kernel : linear, density : gaussian, bandwidth : 0.3, bandwidth_mode : heuristic, epsilon : 0.1, normalized : True, random_seed : 78, 
bias_direct: 0.09522746059109001
rmse_direct: 0.11820406753251698
bias_indirect: 0.03924893268779455
rmse_indirect: 0.04512636894205775
bias_total: 0.11876832934049159
rmse_total: 0.14877945971441547
bias_mr: 0.09112212129545902
rmse_mr: 0.1148607952733401
coverage: 0.9310344827586207
