Experiment: expname : nonparametric_experiment, data : uniform, n_samples : 5000, mediator_dimension : 1, covariate_dimension : 1, alpha : 0.0, beta : 0.0, stochasticity : 1, gamma : 0.3, noise : uniform, 
Running with estimator : kme_dml, regularization : True, sample_splits : 1, reg_lambda : 0.001, reg_lambda_tilde : 0.001, kernel : gauss, density : conditional_kernel, bandwidth : 0.3, bandwidth_mode : heuristic, epsilon : 0.1, normalized : True, random_seed : 64, 
bias_direct: 0.032418021654926125
rmse_direct: 0.037716298489746565
bias_indirect: 0.007221630280810936
rmse_indirect: 0.008841491252116545
bias_total: 0.032958751421919945
rmse_total: 0.03795206966651794
bias_mr: 0.03160641209086804
rmse_mr: 0.041371561071544556
coverage: 0.9310344827586207
