Experiment: expname : nonparametric_experiment, data : uniform, n_samples : 500, mediator_dimension : 1, covariate_dimension : 1, alpha : 0.0, beta : 0.0, stochasticity : 1, gamma : 0.3, noise : uniform, 
Running with estimator : kme_dml, regularization : True, sample_splits : 1, reg_lambda : 0.001, reg_lambda_tilde : 0.001, kernel : linear, density : gaussian, bandwidth : 0.3, bandwidth_mode : heuristic, epsilon : 0.1, normalized : True, random_seed : 73, 
bias_direct: 0.09573283671646729
rmse_direct: 0.11451675978451502
bias_indirect: 0.0192171615058612
rmse_indirect: 0.027849224125453785
bias_total: 0.11096716899173696
rmse_total: 0.13055358365025274
bias_mr: 0.06425600868806271
rmse_mr: 0.07960613955306946
coverage: 1.0
