Experiment: expname : nonparametric_experiment, data : uniform, n_samples : 5000, mediator_dimension : 1, covariate_dimension : 1, alpha : 0.0, beta : 0.0, stochasticity : 1, gamma : 0.3, noise : uniform, 
Running with estimator : ipw, regularization : True, sample_splits : 1, reg_lambda : 0.001, reg_lambda_tilde : 0.001, kernel : gauss, density : gaussian, bandwidth : 0.3, bandwidth_mode : heuristic, epsilon : 0.1, normalized : True, random_seed : 84, 
bias_direct: 0.1257157358037915
rmse_direct: 0.16584173572526203
bias_indirect: 0.06982758620689662
rmse_indirect: 0.07936276378669081
bias_total: 0.07209469161509874
rmse_total: 0.10438089648026444
bias_mr: 0.12814490562342523
rmse_mr: 0.15348496921759688
coverage: 0.0
