Experiment: expname : nonparametric_experiment, data : uniform, n_samples : 1000, mediator_dimension : 1, covariate_dimension : 1, alpha : 0.0, beta : 0.0, stochasticity : 1, gamma : 0.3, noise : uniform, 
Running with estimator : ipw, regularization : True, sample_splits : 1, reg_lambda : 0.001, reg_lambda_tilde : 0.001, kernel : gauss, density : gaussian, bandwidth : 0.3, bandwidth_mode : heuristic, epsilon : 0.1, normalized : True, random_seed : 1, 
bias_direct: 0.12973833773779309
rmse_direct: 0.16641928633994799
bias_indirect: 0.0698275862068966
rmse_indirect: 0.07936276378669078
bias_total: 0.10146853858401127
rmse_total: 0.12418647524256105
bias_mr: 0.13404827011077208
rmse_mr: 0.1699164443382092
coverage: 0.0
