Experiment: expname : baselines_experiment, data : uniform, n_samples : 5000, mediator_dimension : 1, covariate_dimension : 1, alpha : 0.5, beta : 0.25, stochasticity : 1, gamma : 0.3, noise : uniform, 
Running with estimator : linear, regularization : True, sample_splits : 1, reg_lambda : 0.001, reg_lambda_tilde : 0.001, kernel : gauss, density : gaussian, bandwidth : 0.3, bandwidth_mode : heuristic, epsilon : 0.3, normalized : True, random_seed : 94, 
bias_direct: 0.2903361267034149
rmse_direct: 0.3329637921781262
bias_indirect: 0.0055730482829045545
rmse_indirect: 0.006334065639008059
bias_total: 0.2854566133179384
rmse_total: 0.32767050630559186
bias_mr: 0.27238635032982905
rmse_mr: 0.29100388872909444
coverage: 0.0
