Experiment: expname : nonparametric_experiment, data : uniform, n_samples : 1000, mediator_dimension : 1, covariate_dimension : 1, alpha : 0.0, beta : 0.0, stochasticity : 1, gamma : 0.3, noise : uniform, 
Running with estimator : ipw, regularization : True, sample_splits : 1, reg_lambda : 0.001, reg_lambda_tilde : 0.001, kernel : linear, density : gaussian, bandwidth : 0.3, bandwidth_mode : heuristic, epsilon : 0.1, normalized : True, random_seed : 51, 
bias_direct: 0.17955516482396808
rmse_direct: 0.2349416804749647
bias_indirect: 0.0698275862068966
rmse_indirect: 0.07936276378669078
bias_total: 0.17489999241017506
rmse_total: 0.20374805870142562
bias_mr: 0.1307818041523138
rmse_mr: 0.16933891717920238
coverage: 0.0
