Experiment: expname : baselines_experiment, data : uniform, n_samples : 500, mediator_dimension : 1, covariate_dimension : 1, alpha : 0.5, beta : 0.25, stochasticity : 1, gamma : 0.3, noise : uniform, 
Running with estimator : linear, regularization : True, sample_splits : 1, reg_lambda : 0.001, reg_lambda_tilde : 0.001, kernel : gauss, density : gaussian, bandwidth : 0.3, bandwidth_mode : heuristic, epsilon : 0.3, normalized : True, random_seed : 65, 
bias_direct: 0.29206728126572556
rmse_direct: 0.3348504304665989
bias_indirect: 0.001847811743110139
rmse_indirect: 0.0021001362764597395
bias_total: 0.2936851431030265
rmse_total: 0.33661760337510793
bias_mr: 0.27584961329462127
rmse_mr: 0.29720320949900436
coverage: 0.0
