Experiment: expname : nonparametric_experiment, data : uniform, n_samples : 500, mediator_dimension : 1, covariate_dimension : 1, alpha : 0.0, beta : 0.0, stochasticity : 1, gamma : 0.3, noise : uniform, 
Running with estimator : kme_dml, regularization : True, sample_splits : 1, reg_lambda : 0.001, reg_lambda_tilde : 0.001, kernel : linear, density : conditional_kernel, bandwidth : 0.3, bandwidth_mode : heuristic, epsilon : 0.1, normalized : True, random_seed : 53, 
bias_direct: 0.08184775311752647
rmse_direct: 0.09058197002253959
bias_indirect: 0.032121209914226886
rmse_indirect: 0.03868484352724459
bias_total: 0.11067294254459464
rmse_total: 0.12084589652294773
bias_mr: 0.03634161327243413
rmse_mr: 0.04721769443590278
coverage: 1.0
