Experiment: expname : baselines_experiment, data : uniform, n_samples : 1000, mediator_dimension : 1, covariate_dimension : 1, alpha : 0.5, beta : 0.25, stochasticity : 1, gamma : 0.3, noise : uniform, 
Running with estimator : kme_dml, regularization : True, sample_splits : 1, reg_lambda : 0.001, reg_lambda_tilde : 0.001, kernel : gauss, density : gaussian, bandwidth : 0.3, bandwidth_mode : heuristic, epsilon : 0.3, normalized : True, random_seed : 85, 
bias_direct: 0.08662283429488259
rmse_direct: 0.0973428644643153
bias_indirect: 0.0335425360202916
rmse_indirect: 0.039286554826487886
bias_total: 0.09206916836433336
rmse_total: 0.11146063487099854
bias_mr: 0.04830931157232324
rmse_mr: 0.056927991789460265
coverage: 1.0
