Experiment: expname : nonparametric_experiment, data : uniform, n_samples : 500, mediator_dimension : 1, covariate_dimension : 1, alpha : 0.0, beta : 0.0, stochasticity : 1, gamma : 0.3, noise : uniform, 
Running with estimator : kme_dml, regularization : True, sample_splits : 1, reg_lambda : 0.001, reg_lambda_tilde : 0.001, kernel : linear, density : gaussian, bandwidth : 0.3, bandwidth_mode : heuristic, epsilon : 0.1, normalized : True, random_seed : 67, 
bias_direct: 0.06431941732490247
rmse_direct: 0.09338529084763124
bias_indirect: 0.009170019480752465
rmse_indirect: 0.010032871522251238
bias_total: 0.06180901417633528
rmse_total: 0.08696536907928286
bias_mr: 0.07295617360081179
rmse_mr: 0.08088491742091852
coverage: 1.0
