Experiment: expname : baselines_experiment, data : uniform, n_samples : 5000, mediator_dimension : 1, covariate_dimension : 1, alpha : 0.5, beta : 0.25, stochasticity : 1, gamma : 0.3, noise : uniform, 
Running with estimator : ipw, regularization : True, sample_splits : 1, reg_lambda : 0.001, reg_lambda_tilde : 0.001, kernel : gauss, density : gaussian, bandwidth : 0.3, bandwidth_mode : heuristic, epsilon : 0.3, normalized : True, random_seed : 52, 
bias_direct: 0.06509225252245936
rmse_direct: 0.0761186059213455
bias_indirect: 0.06982758620689661
rmse_indirect: 0.07936276378669078
bias_total: 0.06099373241286003
rmse_total: 0.07211284738168577
bias_mr: 0.10699922933381595
rmse_mr: 0.13381905188004592
coverage: 0.0
