Experiment: expname : nonparametric_experiment, data : uniform, n_samples : 500, mediator_dimension : 1, covariate_dimension : 1, alpha : 0.0, beta : 0.0, stochasticity : 1, gamma : 0.3, noise : uniform, 
Running with estimator : kme_dml, regularization : True, sample_splits : 1, reg_lambda : 0.001, reg_lambda_tilde : 0.001, kernel : gauss, density : conditional_kernel, bandwidth : 0.3, bandwidth_mode : heuristic, epsilon : 0.1, normalized : True, random_seed : 70, 
bias_direct: 0.12102492617108815
rmse_direct: 0.1478952395049729
bias_indirect: 0.013381819397145198
rmse_indirect: 0.015486842275084855
bias_total: 0.13134160992677127
rmse_total: 0.1588966207781728
bias_mr: 0.12297015664755172
rmse_mr: 0.15460242378943126
coverage: 0.7586206896551724
