Experiment: expname : nonparametric_experiment, data : uniform, n_samples : 500, mediator_dimension : 1, covariate_dimension : 1, alpha : 0.0, beta : 0.0, stochasticity : 1, gamma : 0.3, noise : uniform, 
Running with estimator : kme_dml, regularization : True, sample_splits : 1, reg_lambda : 0.001, reg_lambda_tilde : 0.001, kernel : linear, density : conditional_kernel, bandwidth : 0.3, bandwidth_mode : heuristic, epsilon : 0.1, normalized : True, random_seed : 38, 
bias_direct: 0.08005624463599346
rmse_direct: 0.09864811359437056
bias_indirect: 0.05378592469266019
rmse_indirect: 0.06845359390025403
bias_total: 0.08225914763182358
rmse_total: 0.10276495669770903
bias_mr: 0.08723281330145738
rmse_mr: 0.10329628392297177
coverage: 1.0
