Experiment: expname : nonparametric_experiment, data : uniform, n_samples : 5000, mediator_dimension : 1, covariate_dimension : 1, alpha : 0.0, beta : 0.0, stochasticity : 1, gamma : 0.3, noise : uniform, 
Running with estimator : kme_dml, regularization : True, sample_splits : 1, reg_lambda : 0.001, reg_lambda_tilde : 0.001, kernel : gauss, density : conditional_kernel, bandwidth : 0.3, bandwidth_mode : heuristic, epsilon : 0.1, normalized : True, random_seed : 99, 
bias_direct: 0.017447089400034727
rmse_direct: 0.023949420434740045
bias_indirect: 0.008151758365111878
rmse_indirect: 0.011711337408555608
bias_total: 0.017358125251567717
rmse_total: 0.02416486636681191
bias_mr: 0.05504993382214144
rmse_mr: 0.05822639029124305
coverage: 0.9310344827586207
