Experiment: expname : baselines_experiment, data : uniform, n_samples : 5000, mediator_dimension : 1, covariate_dimension : 1, alpha : 0.5, beta : 0.25, stochasticity : 1, gamma : 0.3, noise : uniform, 
Running with estimator : kme_g_computation, regularization : True, sample_splits : 1, reg_lambda : 0.001, reg_lambda_tilde : 0.001, kernel : gauss, density : gaussian, bandwidth : 0.3, bandwidth_mode : heuristic, epsilon : 0.3, normalized : True, random_seed : 11, 
bias_direct: 0.3748599085614983
rmse_direct: 0.4856989951675321
bias_indirect: 0.4255108752406899
rmse_indirect: 0.5434170822435226
bias_total: 0.050650966679191535
rmse_total: 0.06415893417312608
bias_mr: 0.3965621898857693
rmse_mr: 0.5153172200676179
coverage: 0.0
