Experiment: expname : baselines_experiment, data : uniform, n_samples : 1000, mediator_dimension : 1, covariate_dimension : 1, alpha : 0.5, beta : 0.25, stochasticity : 1, gamma : 0.3, noise : uniform, 
Running with estimator : ipw, regularization : True, sample_splits : 1, reg_lambda : 0.001, reg_lambda_tilde : 0.001, kernel : gauss, density : gaussian, bandwidth : 0.3, bandwidth_mode : heuristic, epsilon : 0.3, normalized : True, random_seed : 89, 
bias_direct: 0.13132391569305424
rmse_direct: 0.1643148614852815
bias_indirect: 0.06982758620689661
rmse_indirect: 0.07936276378669078
bias_total: 0.1056536304611841
rmse_total: 0.13011322490940655
bias_mr: 0.09667811512521346
rmse_mr: 0.14039560223901898
coverage: 0.0
