Experiment: expname : nonparametric_experiment, data : uniform, n_samples : 5000, mediator_dimension : 1, covariate_dimension : 1, alpha : 0.0, beta : 0.0, stochasticity : 1, gamma : 0.3, noise : uniform, 
Running with estimator : kme_dml, regularization : True, sample_splits : 1, reg_lambda : 0.001, reg_lambda_tilde : 0.001, kernel : gauss, density : conditional_kernel, bandwidth : 0.3, bandwidth_mode : heuristic, epsilon : 0.1, normalized : True, random_seed : 34, 
bias_direct: 0.02349567975449092
rmse_direct: 0.030868904079400954
bias_indirect: 0.015725403478309367
rmse_indirect: 0.018625720172681853
bias_total: 0.03632136569647989
rmse_total: 0.04032066189777984
bias_mr: 0.0439490635798515
rmse_mr: 0.05108597203637418
coverage: 0.8620689655172413
