Experiment: expname : nonparametric_experiment, data : uniform, n_samples : 5000, mediator_dimension : 1, covariate_dimension : 1, alpha : 0.0, beta : 0.0, stochasticity : 1, gamma : 0.3, noise : uniform, 
Running with estimator : kme_dml, regularization : True, sample_splits : 1, reg_lambda : 0.001, reg_lambda_tilde : 0.001, kernel : linear, density : conditional_kernel, bandwidth : 0.3, bandwidth_mode : heuristic, epsilon : 0.1, normalized : True, random_seed : 61, 
bias_direct: 0.020818627699943755
rmse_direct: 0.02486148638846163
bias_indirect: 0.01144751599697696
rmse_indirect: 0.013483494756707605
bias_total: 0.029182343025119947
rmse_total: 0.03229185863390179
bias_mr: 0.034943351888317035
rmse_mr: 0.04437314119492841
coverage: 0.9310344827586207
