Experiment: expname : nonparametric_experiment, data : uniform, n_samples : 1000, mediator_dimension : 1, covariate_dimension : 1, alpha : 0.0, beta : 0.0, stochasticity : 1, gamma : 0.3, noise : uniform, 
Running with estimator : kme_dml, regularization : True, sample_splits : 1, reg_lambda : 0.001, reg_lambda_tilde : 0.001, kernel : gauss, density : conditional_kernel, bandwidth : 0.3, bandwidth_mode : heuristic, epsilon : 0.1, normalized : True, random_seed : 96, 
bias_direct: 0.10931195553945247
rmse_direct: 0.14074023210080933
bias_indirect: 0.014894100420743538
rmse_indirect: 0.021807497516019674
bias_total: 0.11717473828078125
rmse_total: 0.14264804327224287
bias_mr: 0.09571931575242468
rmse_mr: 0.10686623703743878
coverage: 0.7586206896551724
