Experiment: expname : nonparametric_experiment, data : uniform, n_samples : 5000, mediator_dimension : 1, covariate_dimension : 1, alpha : 0.0, beta : 0.0, stochasticity : 1, gamma : 0.3, noise : uniform, 
Running with estimator : ipw, regularization : True, sample_splits : 1, reg_lambda : 0.001, reg_lambda_tilde : 0.001, kernel : gauss, density : conditional_kernel, bandwidth : 0.3, bandwidth_mode : heuristic, epsilon : 0.1, normalized : True, random_seed : 27, 
bias_direct: 0.02090195027764408
rmse_direct: 0.026243494301847407
bias_indirect: 0.020902426679852086
rmse_indirect: 0.02517844705670859
bias_total: 0.02693622125883247
rmse_total: 0.03353844241633025
bias_mr: 0.026990338081294557
rmse_mr: 0.03622758629468152
coverage: 0.0
