Experiment: expname : nonparametric_experiment, data : uniform, n_samples : 500, mediator_dimension : 1, covariate_dimension : 1, alpha : 0.0, beta : 0.0, stochasticity : 1, gamma : 0.3, noise : uniform, 
Running with estimator : kme_dml, regularization : True, sample_splits : 1, reg_lambda : 0.001, reg_lambda_tilde : 0.001, kernel : gauss, density : gaussian, bandwidth : 0.3, bandwidth_mode : heuristic, epsilon : 0.1, normalized : True, random_seed : 83, 
bias_direct: 0.0836466174221471
rmse_direct: 0.10733986412171331
bias_indirect: 0.06594644015689846
rmse_indirect: 0.06995072136515781
bias_total: 0.10357112455850478
rmse_total: 0.11702716300282848
bias_mr: 0.07652354901416267
rmse_mr: 0.08420493364544596
coverage: 1.0
