Experiment: expname : nonparametric_experiment, data : uniform, n_samples : 500, mediator_dimension : 1, covariate_dimension : 1, alpha : 0.0, beta : 0.0, stochasticity : 1, gamma : 0.3, noise : uniform, 
Running with estimator : kme_dml, regularization : True, sample_splits : 1, reg_lambda : 0.001, reg_lambda_tilde : 0.001, kernel : linear, density : gaussian, bandwidth : 0.3, bandwidth_mode : heuristic, epsilon : 0.1, normalized : True, random_seed : 12, 
bias_direct: 0.06734064808381429
rmse_direct: 0.09097670145671995
bias_indirect: 0.017180451025890744
rmse_indirect: 0.019790768478861097
bias_total: 0.05914418389958998
rmse_total: 0.07490977298495226
bias_mr: 0.14375502408498478
rmse_mr: 0.16175460084243676
coverage: 0.6896551724137931
