Experiment: expname : nonparametric_experiment, data : uniform, n_samples : 5000, mediator_dimension : 1, covariate_dimension : 1, alpha : 0.0, beta : 0.0, stochasticity : 1, gamma : 0.3, noise : uniform, 
Running with estimator : kme_dml, regularization : True, sample_splits : 1, reg_lambda : 0.001, reg_lambda_tilde : 0.001, kernel : linear, density : conditional_kernel, bandwidth : 0.3, bandwidth_mode : heuristic, epsilon : 0.1, normalized : True, random_seed : 42, 
bias_direct: 0.017410257284118425
rmse_direct: 0.018835348158974616
bias_indirect: 0.016157470956374785
rmse_indirect: 0.01833052101663997
bias_total: 0.015370324777669038
rmse_total: 0.019884862113438557
bias_mr: 0.022632946662721247
rmse_mr: 0.027952548040628238
coverage: 1.0
