Experiment: expname : baselines_experiment, data : uniform, n_samples : 5000, mediator_dimension : 1, covariate_dimension : 1, alpha : 0.5, beta : 0.25, stochasticity : 1, gamma : 0.3, noise : uniform, 
Running with estimator : ipw, regularization : True, sample_splits : 1, reg_lambda : 0.001, reg_lambda_tilde : 0.001, kernel : gauss, density : gaussian, bandwidth : 0.3, bandwidth_mode : heuristic, epsilon : 0.3, normalized : True, random_seed : 4, 
bias_direct: 0.08219548281148725
rmse_direct: 0.10325228729330214
bias_indirect: 0.06982758620689661
rmse_indirect: 0.07936276378669077
bias_total: 0.06911997509739709
rmse_total: 0.08120385130947655
bias_mr: 0.09917890831538013
rmse_mr: 0.13078593445953773
coverage: 0.0
