Experiment: expname : baselines_experiment, data : uniform, n_samples : 1000, mediator_dimension : 1, covariate_dimension : 1, alpha : 0.5, beta : 0.25, stochasticity : 1, gamma : 0.3, noise : uniform, 
Running with estimator : kme_g_computation, regularization : True, sample_splits : 1, reg_lambda : 0.001, reg_lambda_tilde : 0.001, kernel : gauss, density : gaussian, bandwidth : 0.3, bandwidth_mode : heuristic, epsilon : 0.3, normalized : True, random_seed : 43, 
bias_direct: 0.40611071585414343
rmse_direct: 0.5332765400034888
bias_indirect: 0.42103278666369587
rmse_indirect: 0.5488217705112042
bias_total: 0.05338659629787336
rmse_total: 0.06774713628545465
bias_mr: 0.3804724303702487
rmse_mr: 0.5024189815515927
coverage: 0.0
