Experiment: expname : baselines_experiment, data : uniform, n_samples : 1000, mediator_dimension : 1, covariate_dimension : 1, alpha : 0.5, beta : 0.25, stochasticity : 1, gamma : 0.3, noise : uniform, 
Running with estimator : linear, regularization : True, sample_splits : 1, reg_lambda : 0.001, reg_lambda_tilde : 0.001, kernel : gauss, density : gaussian, bandwidth : 0.3, bandwidth_mode : heuristic, epsilon : 0.3, normalized : True, random_seed : 94, 
bias_direct: 0.30750564794953544
rmse_direct: 0.35186277957060474
bias_indirect: 0.000510582341850009
rmse_indirect: 0.0005803039742750766
bias_total: 0.30795269115551077
rmse_total: 0.3523601437715014
bias_mr: 0.29200454840817003
rmse_mr: 0.31105663905960534
coverage: 0.0
