Experiment: expname : nonparametric_experiment, data : uniform, n_samples : 1000, mediator_dimension : 1, covariate_dimension : 1, alpha : 0.0, beta : 0.0, stochasticity : 1, gamma : 0.3, noise : uniform, 
Running with estimator : ipw, regularization : True, sample_splits : 1, reg_lambda : 0.001, reg_lambda_tilde : 0.001, kernel : linear, density : gaussian, bandwidth : 0.3, bandwidth_mode : heuristic, epsilon : 0.1, normalized : True, random_seed : 63, 
bias_direct: 0.08837711452298454
rmse_direct: 0.10816755708319538
bias_indirect: 0.0698275862068966
rmse_indirect: 0.07936276378669078
bias_total: 0.07358738952140292
rmse_total: 0.08927735047527977
bias_mr: 0.08688269308946361
rmse_mr: 0.10659246507838804
coverage: 0.0
