Experiment: expname : nonparametric_experiment, data : uniform, n_samples : 1000, mediator_dimension : 1, covariate_dimension : 1, alpha : 0.0, beta : 0.0, stochasticity : 1, gamma : 0.3, noise : uniform, 
Running with estimator : kme_dml, regularization : True, sample_splits : 1, reg_lambda : 0.001, reg_lambda_tilde : 0.001, kernel : linear, density : conditional_kernel, bandwidth : 0.3, bandwidth_mode : heuristic, epsilon : 0.1, normalized : True, random_seed : 26, 
bias_direct: 0.03353180315294318
rmse_direct: 0.04864068032458495
bias_indirect: 0.019377447589829438
rmse_indirect: 0.022311178818615822
bias_total: 0.049112058306563136
rmse_total: 0.06810268156034854
bias_mr: 0.0472461763598431
rmse_mr: 0.051631199794075475
coverage: 1.0
