Experiment: expname : baselines_experiment, data : uniform, n_samples : 1000, mediator_dimension : 1, covariate_dimension : 1, alpha : 0.5, beta : 0.25, stochasticity : 1, gamma : 0.3, noise : uniform, 
Running with estimator : linear, regularization : True, sample_splits : 1, reg_lambda : 0.001, reg_lambda_tilde : 0.001, kernel : gauss, density : gaussian, bandwidth : 0.3, bandwidth_mode : heuristic, epsilon : 0.3, normalized : True, random_seed : 41, 
bias_direct: 0.28174980876538647
rmse_direct: 0.323674362827461
bias_indirect: 0.02298253384153358
rmse_indirect: 0.026120871471640685
bias_total: 0.3018722939510847
rmse_total: 0.3456174758039266
bias_mr: 0.2627093016731122
rmse_mr: 0.2812160644634621
coverage: 0.0
