Experiment: expname : nonparametric_experiment, data : uniform, n_samples : 500, mediator_dimension : 1, covariate_dimension : 1, alpha : 0.0, beta : 0.0, stochasticity : 1, gamma : 0.3, noise : uniform, 
Running with estimator : kme_dml, regularization : True, sample_splits : 1, reg_lambda : 0.001, reg_lambda_tilde : 0.001, kernel : linear, density : conditional_kernel, bandwidth : 0.3, bandwidth_mode : heuristic, epsilon : 0.1, normalized : True, random_seed : 6, 
bias_direct: 0.07681758017939133
rmse_direct: 0.10270636175302525
bias_indirect: 0.07537556979870304
rmse_indirect: 0.08551100860761893
bias_total: 0.150238517846579
rmse_total: 0.17980297170617432
bias_mr: 0.08988113291674887
rmse_mr: 0.10532901989009685
coverage: 1.0
