Experiment: expname : nonparametric_experiment, data : uniform, n_samples : 500, mediator_dimension : 1, covariate_dimension : 1, alpha : 0.0, beta : 0.0, stochasticity : 1, gamma : 0.3, noise : uniform, 
Running with estimator : kme_dml, regularization : True, sample_splits : 1, reg_lambda : 0.001, reg_lambda_tilde : 0.001, kernel : gauss, density : gaussian, bandwidth : 0.3, bandwidth_mode : heuristic, epsilon : 0.1, normalized : True, random_seed : 96, 
bias_direct: 0.1739097627470219
rmse_direct: 0.20646431901845963
bias_indirect: 0.03265600774640603
rmse_indirect: 0.043103502032618875
bias_total: 0.15860478344955076
rmse_total: 0.19227737482755647
bias_mr: 0.09172516157691114
rmse_mr: 0.1091881890561252
coverage: 1.0
