Experiment: expname : nonparametric_experiment, data : uniform, n_samples : 500, mediator_dimension : 1, covariate_dimension : 1, alpha : 0.0, beta : 0.0, stochasticity : 1, gamma : 0.3, noise : uniform, 
Running with estimator : kme_dml, regularization : True, sample_splits : 1, reg_lambda : 0.001, reg_lambda_tilde : 0.001, kernel : gauss, density : gaussian, bandwidth : 0.3, bandwidth_mode : heuristic, epsilon : 0.1, normalized : True, random_seed : 45, 
bias_direct: 0.08442313732114684
rmse_direct: 0.1177295294055443
bias_indirect: 0.046919028172443894
rmse_indirect: 0.05951248168675683
bias_total: 0.05946728798614228
rmse_total: 0.0717054450708686
bias_mr: 0.1124993919207133
rmse_mr: 0.14843780352667066
coverage: 0.7586206896551724
