Experiment: expname : nonparametric_experiment, data : uniform, n_samples : 5000, mediator_dimension : 1, covariate_dimension : 1, alpha : 0.0, beta : 0.0, stochasticity : 1, gamma : 0.3, noise : uniform, 
Running with estimator : ipw, regularization : True, sample_splits : 1, reg_lambda : 0.001, reg_lambda_tilde : 0.001, kernel : linear, density : conditional_kernel, bandwidth : 0.3, bandwidth_mode : heuristic, epsilon : 0.1, normalized : True, random_seed : 73, 
bias_direct: 0.05973141769790337
rmse_direct: 0.07511727044613496
bias_indirect: 0.014155006833082845
rmse_indirect: 0.01639744696991668
bias_total: 0.05328565340220355
rmse_total: 0.0675883436456999
bias_mr: 0.058726620055864584
rmse_mr: 0.07696846011067397
coverage: 0.0
