Experiment: expname : nonparametric_experiment, data : uniform, n_samples : 5000, mediator_dimension : 1, covariate_dimension : 1, alpha : 0.0, beta : 0.0, stochasticity : 1, gamma : 0.3, noise : uniform, 
Running with estimator : kme_dml, regularization : True, sample_splits : 1, reg_lambda : 0.001, reg_lambda_tilde : 0.001, kernel : gauss, density : gaussian, bandwidth : 0.3, bandwidth_mode : heuristic, epsilon : 0.1, normalized : True, random_seed : 4, 
bias_direct: 0.03190443144454202
rmse_direct: 0.03682896444718548
bias_indirect: 0.01028510786517598
rmse_indirect: 0.013492031591240256
bias_total: 0.028739939304166233
rmse_total: 0.03410563222087933
bias_mr: 0.03182018222571156
rmse_mr: 0.036279239186556844
coverage: 1.0
