Experiment: expname : nonparametric_experiment, data : uniform, n_samples : 500, mediator_dimension : 1, covariate_dimension : 1, alpha : 0.0, beta : 0.0, stochasticity : 1, gamma : 0.3, noise : uniform, 
Running with estimator : kme_dml, regularization : True, sample_splits : 1, reg_lambda : 0.001, reg_lambda_tilde : 0.001, kernel : gauss, density : gaussian, bandwidth : 0.3, bandwidth_mode : heuristic, epsilon : 0.1, normalized : True, random_seed : 85, 
bias_direct: 0.08586966460327207
rmse_direct: 0.11031224774840141
bias_indirect: 0.02717661871241151
rmse_indirect: 0.043392121005496845
bias_total: 0.0865917315306379
rmse_total: 0.11276261829758151
bias_mr: 0.10956863504469314
rmse_mr: 0.11673961841265013
coverage: 1.0
