Experiment: expname : baselines_experiment, data : uniform, n_samples : 1000, mediator_dimension : 1, covariate_dimension : 1, alpha : 0.5, beta : 0.25, stochasticity : 1, gamma : 0.3, noise : uniform, 
Running with estimator : linear, regularization : True, sample_splits : 1, reg_lambda : 0.001, reg_lambda_tilde : 0.001, kernel : gauss, density : gaussian, bandwidth : 0.3, bandwidth_mode : heuristic, epsilon : 0.3, normalized : True, random_seed : 32, 
bias_direct: 0.3112548209472964
rmse_direct: 0.35604175060465093
bias_indirect: 0.00047882292272074595
rmse_indirect: 0.0005442077060911829
bias_total: 0.31083558487718077
rmse_total: 0.3555735852018573
bias_mr: 0.2957370251808151
rmse_mr: 0.3154287702107105
coverage: 0.0
