Experiment: expname : nonparametric_experiment, data : uniform, n_samples : 1000, mediator_dimension : 1, covariate_dimension : 1, alpha : 0.0, beta : 0.0, stochasticity : 1, gamma : 0.3, noise : uniform, 
Running with estimator : kme_dml, regularization : True, sample_splits : 1, reg_lambda : 0.001, reg_lambda_tilde : 0.001, kernel : gauss, density : conditional_kernel, bandwidth : 0.3, bandwidth_mode : heuristic, epsilon : 0.1, normalized : True, random_seed : 81, 
bias_direct: 0.03837212329537162
rmse_direct: 0.04516530952437761
bias_indirect: 0.0285178170365709
rmse_indirect: 0.031417391680177244
bias_total: 0.03663457346236722
rmse_total: 0.046674915164568405
bias_mr: 0.041270237779933674
rmse_mr: 0.05937122620252592
coverage: 0.9655172413793104
