Experiment: expname : baselines_experiment, data : uniform, n_samples : 500, mediator_dimension : 1, covariate_dimension : 1, alpha : 0.5, beta : 0.25, stochasticity : 1, gamma : 0.3, noise : uniform, 
Running with estimator : linear, regularization : True, sample_splits : 1, reg_lambda : 0.001, reg_lambda_tilde : 0.001, kernel : gauss, density : gaussian, bandwidth : 0.3, bandwidth_mode : heuristic, epsilon : 0.3, normalized : True, random_seed : 67, 
bias_direct: 0.2968056283293236
rmse_direct: 0.34003677151269446
bias_indirect: 0.00221427965907651
rmse_indirect: 0.00251664654453725
bias_total: 0.2948669034722654
rmse_total: 0.33791083574433456
bias_mr: 0.2805330191362601
rmse_mr: 0.29987927351334803
coverage: 0.0
