Experiment: expname : baselines_experiment, data : uniform, n_samples : 500, mediator_dimension : 1, covariate_dimension : 1, alpha : 0.5, beta : 0.25, stochasticity : 1, gamma : 0.3, noise : uniform, 
Running with estimator : linear, regularization : True, sample_splits : 1, reg_lambda : 0.001, reg_lambda_tilde : 0.001, kernel : gauss, density : gaussian, bandwidth : 0.3, bandwidth_mode : heuristic, epsilon : 0.3, normalized : True, random_seed : 31, 
bias_direct: 0.30625759482198006
rmse_direct: 0.3504755903874069
bias_indirect: 0.011059451044532353
rmse_indirect: 0.01256965403697434
bias_total: 0.31594075862541504
rmse_total: 0.36128908870634346
bias_mr: 0.2920210178641494
rmse_mr: 0.31353405744420126
coverage: 0.0
