Experiment: expname : nonparametric_experiment, data : uniform, n_samples : 5000, mediator_dimension : 1, covariate_dimension : 1, alpha : 0.0, beta : 0.0, stochasticity : 1, gamma : 0.3, noise : uniform, 
Running with estimator : kme_g_computation, regularization : True, sample_splits : 1, reg_lambda : 0.001, reg_lambda_tilde : 0.001, kernel : gauss, density : conditional_kernel, bandwidth : 0.3, bandwidth_mode : heuristic, epsilon : 0.1, normalized : True, random_seed : 13, 
bias_direct: 0.1677817325508931
rmse_direct: 0.19154497923534022
bias_indirect: 0.1502028864095178
rmse_indirect: 0.18244719266261766
bias_total: 0.04410473387483991
rmse_total: 0.052181064995834144
bias_mr: 0.17010814258755017
rmse_mr: 0.19365355804437473
coverage: 0.0
