Experiment: expname : nonparametric_experiment, data : uniform, n_samples : 5000, mediator_dimension : 1, covariate_dimension : 1, alpha : 0.0, beta : 0.0, stochasticity : 1, gamma : 0.3, noise : uniform, 
Running with estimator : kme_g_computation, regularization : True, sample_splits : 1, reg_lambda : 0.001, reg_lambda_tilde : 0.001, kernel : linear, density : gaussian, bandwidth : 0.3, bandwidth_mode : heuristic, epsilon : 0.1, normalized : True, random_seed : 76, 
bias_direct: 0.16711191523191088
rmse_direct: 0.18985930367844586
bias_indirect: 0.17905680817233477
rmse_indirect: 0.20350756531819436
bias_total: 0.011944892940423927
rmse_total: 0.013789473936686758
bias_mr: 0.16702298442595848
rmse_mr: 0.1898195739482396
coverage: 0.0
