Experiment: expname : baselines_experiment, data : uniform, n_samples : 5000, mediator_dimension : 1, covariate_dimension : 1, alpha : 0.5, beta : 0.25, stochasticity : 1, gamma : 0.3, noise : uniform, 
Running with estimator : linear, regularization : True, sample_splits : 1, reg_lambda : 0.001, reg_lambda_tilde : 0.001, kernel : gauss, density : gaussian, bandwidth : 0.3, bandwidth_mode : heuristic, epsilon : 0.3, normalized : True, random_seed : 69, 
bias_direct: 0.3107008748270576
rmse_direct: 0.3554231990284481
bias_indirect: 0.003982165447241748
rmse_indirect: 0.004525942724306215
bias_total: 0.3141874819075314
rmse_total: 0.3593226757474927
bias_mr: 0.2955789420171578
rmse_mr: 0.31476714413475526
coverage: 0.0
