Experiment: expname : nonparametric_experiment, data : uniform, n_samples : 1000, mediator_dimension : 1, covariate_dimension : 1, alpha : 0.0, beta : 0.0, stochasticity : 1, gamma : 0.3, noise : uniform, 
Running with estimator : ipw, regularization : True, sample_splits : 1, reg_lambda : 0.001, reg_lambda_tilde : 0.001, kernel : linear, density : conditional_kernel, bandwidth : 0.3, bandwidth_mode : heuristic, epsilon : 0.1, normalized : True, random_seed : 83, 
bias_direct: 0.11374833793420978
rmse_direct: 0.13981073743557235
bias_indirect: 0.04227167940970213
rmse_indirect: 0.0462246767470122
bias_total: 0.11660296575950756
rmse_total: 0.13299758029103373
bias_mr: 0.08456404889438601
rmse_mr: 0.09660156302976206
coverage: 0.0
