Experiment: expname : nonparametric_experiment, data : uniform, n_samples : 5000, mediator_dimension : 1, covariate_dimension : 1, alpha : 0.0, beta : 0.0, stochasticity : 1, gamma : 0.3, noise : uniform, 
Running with estimator : kme_g_computation, regularization : True, sample_splits : 1, reg_lambda : 0.001, reg_lambda_tilde : 0.001, kernel : gauss, density : conditional_kernel, bandwidth : 0.3, bandwidth_mode : heuristic, epsilon : 0.1, normalized : True, random_seed : 15, 
bias_direct: 0.17466625101913139
rmse_direct: 0.19632278406033818
bias_indirect: 0.1794234257053176
rmse_indirect: 0.21636155033258245
bias_total: 0.05535529208806769
rmse_total: 0.06941184619825998
bias_mr: 0.1909789383619352
rmse_mr: 0.22524614926959458
coverage: 0.0
