Experiment: expname : nonparametric_experiment, data : uniform, n_samples : 500, mediator_dimension : 1, covariate_dimension : 1, alpha : 0.0, beta : 0.0, stochasticity : 1, gamma : 0.3, noise : uniform, 
Running with estimator : kme_dml, regularization : True, sample_splits : 1, reg_lambda : 0.001, reg_lambda_tilde : 0.001, kernel : linear, density : gaussian, bandwidth : 0.3, bandwidth_mode : heuristic, epsilon : 0.1, normalized : True, random_seed : 72, 
bias_direct: 0.052553564921399856
rmse_direct: 0.06299578186140713
bias_indirect: 0.038202502219766496
rmse_indirect: 0.04505163860705005
bias_total: 0.08610730948182545
rmse_total: 0.09586953651807341
bias_mr: 0.03860596191157126
rmse_mr: 0.04816357136084042
coverage: 1.0
