Experiment: expname : nonparametric_experiment, data : uniform, n_samples : 500, mediator_dimension : 1, covariate_dimension : 1, alpha : 0.0, beta : 0.0, stochasticity : 1, gamma : 0.3, noise : uniform, 
Running with estimator : kme_dml, regularization : True, sample_splits : 1, reg_lambda : 0.001, reg_lambda_tilde : 0.001, kernel : linear, density : gaussian, bandwidth : 0.3, bandwidth_mode : heuristic, epsilon : 0.1, normalized : True, random_seed : 43, 
bias_direct: 0.09964194607939149
rmse_direct: 0.13164832170580806
bias_indirect: 0.017413433092507487
rmse_indirect: 0.022786460657577997
bias_total: 0.10002177283643986
rmse_total: 0.13445256421265528
bias_mr: 0.13973908708795899
rmse_mr: 0.15904059345220486
coverage: 0.6896551724137931
