Experiment: expname : nonparametric_experiment, data : uniform, n_samples : 5000, mediator_dimension : 1, covariate_dimension : 1, alpha : 0.0, beta : 0.0, stochasticity : 1, gamma : 0.3, noise : uniform, 
Running with estimator : kme_dml, regularization : True, sample_splits : 1, reg_lambda : 0.001, reg_lambda_tilde : 0.001, kernel : linear, density : gaussian, bandwidth : 0.3, bandwidth_mode : heuristic, epsilon : 0.1, normalized : True, random_seed : 25, 
bias_direct: 0.026120610244967268
rmse_direct: 0.02932992090850205
bias_indirect: 0.008096684740904457
rmse_indirect: 0.010352980243064419
bias_total: 0.021372926391320456
rmse_total: 0.024851086907099924
bias_mr: 0.016435331854960218
rmse_mr: 0.021649693370205347
coverage: 1.0
