Experiment: expname : nonparametric_experiment, data : uniform, n_samples : 500, mediator_dimension : 1, covariate_dimension : 1, alpha : 0.0, beta : 0.0, stochasticity : 1, gamma : 0.3, noise : uniform, 
Running with estimator : ipw, regularization : True, sample_splits : 1, reg_lambda : 0.001, reg_lambda_tilde : 0.001, kernel : gauss, density : gaussian, bandwidth : 0.3, bandwidth_mode : heuristic, epsilon : 0.1, normalized : True, random_seed : 20, 
bias_direct: 0.08031724013715341
rmse_direct: 0.09853176710996572
bias_indirect: 0.06982758620689661
rmse_indirect: 0.07936276378669078
bias_total: 0.05515440817384678
rmse_total: 0.08245212993272526
bias_mr: 0.09499060773364366
rmse_mr: 0.11841794151549381
coverage: 0.0
