Experiment: expname : nonparametric_experiment, data : uniform, n_samples : 5000, mediator_dimension : 1, covariate_dimension : 1, alpha : 0.0, beta : 0.0, stochasticity : 1, gamma : 0.3, noise : uniform, 
Running with estimator : kme_dml, regularization : True, sample_splits : 1, reg_lambda : 0.001, reg_lambda_tilde : 0.001, kernel : linear, density : conditional_kernel, bandwidth : 0.3, bandwidth_mode : heuristic, epsilon : 0.1, normalized : True, random_seed : 89, 
bias_direct: 0.024866675893556588
rmse_direct: 0.03122780271472829
bias_indirect: 0.012390309508527727
rmse_indirect: 0.014401283752330121
bias_total: 0.031328946316138945
rmse_total: 0.04132611581411635
bias_mr: 0.027872568554943588
rmse_mr: 0.031701492152268376
coverage: 1.0
