Experiment: expname : nonparametric_experiment, data : uniform, n_samples : 500, mediator_dimension : 1, covariate_dimension : 1, alpha : 0.0, beta : 0.0, stochasticity : 1, gamma : 0.3, noise : uniform, 
Running with estimator : kme_g_computation, regularization : True, sample_splits : 1, reg_lambda : 0.001, reg_lambda_tilde : 0.001, kernel : gauss, density : gaussian, bandwidth : 0.3, bandwidth_mode : heuristic, epsilon : 0.1, normalized : True, random_seed : 95, 
bias_direct: 0.14840993503954839
rmse_direct: 0.17675561465874565
bias_indirect: 0.17646323625315982
rmse_indirect: 0.22471052942282138
bias_total: 0.060516205049623524
rmse_total: 0.08188583559965786
bias_mr: 0.1302407181684914
rmse_mr: 0.1520865403345233
coverage: 0.0
