Experiment: expname : nonparametric_experiment, data : uniform, n_samples : 500, mediator_dimension : 1, covariate_dimension : 1, alpha : 0.0, beta : 0.0, stochasticity : 1, gamma : 0.3, noise : uniform, 
Running with estimator : kme_dml, regularization : True, sample_splits : 1, reg_lambda : 0.001, reg_lambda_tilde : 0.001, kernel : gauss, density : conditional_kernel, bandwidth : 0.3, bandwidth_mode : heuristic, epsilon : 0.1, normalized : True, random_seed : 95, 
bias_direct: 0.07959842586203898
rmse_direct: 0.09357593353593051
bias_indirect: 0.0331474430921697
rmse_indirect: 0.04056761239999482
bias_total: 0.06477526197918383
rmse_total: 0.07493282204331198
bias_mr: 0.08125751451000578
rmse_mr: 0.0927830527751045
coverage: 1.0
