Experiment: expname : nonparametric_experiment, data : uniform, n_samples : 5000, mediator_dimension : 1, covariate_dimension : 1, alpha : 0.0, beta : 0.0, stochasticity : 1, gamma : 0.3, noise : uniform, 
Running with estimator : kme_dml, regularization : True, sample_splits : 1, reg_lambda : 0.001, reg_lambda_tilde : 0.001, kernel : gauss, density : gaussian, bandwidth : 0.3, bandwidth_mode : heuristic, epsilon : 0.1, normalized : True, random_seed : 40, 
bias_direct: 0.030939806629172468
rmse_direct: 0.037080087416683706
bias_indirect: 0.023871709986465855
rmse_indirect: 0.026495193104379262
bias_total: 0.021408411934991177
rmse_total: 0.02883148358569124
bias_mr: 0.03581190294331682
rmse_mr: 0.0396639220504469
coverage: 1.0
