Experiment: expname : nonparametric_experiment, data : uniform, n_samples : 1000, mediator_dimension : 1, covariate_dimension : 1, alpha : 0.0, beta : 0.0, stochasticity : 1, gamma : 0.3, noise : uniform, 
Running with estimator : kme_dml, regularization : True, sample_splits : 1, reg_lambda : 0.001, reg_lambda_tilde : 0.001, kernel : linear, density : conditional_kernel, bandwidth : 0.3, bandwidth_mode : heuristic, epsilon : 0.1, normalized : True, random_seed : 48, 
bias_direct: 0.04695472120826977
rmse_direct: 0.05776225840257328
bias_indirect: 0.031588852410296436
rmse_indirect: 0.035277995954264306
bias_total: 0.059352960679465896
rmse_total: 0.07964684611514043
bias_mr: 0.08833408353729934
rmse_mr: 0.09983230136269682
coverage: 0.8620689655172413
