Experiment: expname : nonparametric_experiment, data : uniform, n_samples : 500, mediator_dimension : 1, covariate_dimension : 1, alpha : 0.0, beta : 0.0, stochasticity : 1, gamma : 0.3, noise : uniform, 
Running with estimator : kme_g_computation, regularization : True, sample_splits : 1, reg_lambda : 0.001, reg_lambda_tilde : 0.001, kernel : linear, density : gaussian, bandwidth : 0.3, bandwidth_mode : heuristic, epsilon : 0.1, normalized : True, random_seed : 12, 
bias_direct: 0.15597132631450036
rmse_direct: 0.17778414870932663
bias_indirect: 0.1512741159618616
rmse_indirect: 0.1719309620639128
bias_total: 0.006602360792330197
rmse_total: 0.00974863699548137
bias_mr: 0.17524399637936952
rmse_mr: 0.21178156928436803
coverage: 0.0
