Experiment: expname : baselines_experiment, data : uniform, n_samples : 1000, mediator_dimension : 1, covariate_dimension : 1, alpha : 0.5, beta : 0.25, stochasticity : 1, gamma : 0.3, noise : uniform, 
Running with estimator : ipw, regularization : True, sample_splits : 1, reg_lambda : 0.001, reg_lambda_tilde : 0.001, kernel : gauss, density : gaussian, bandwidth : 0.3, bandwidth_mode : heuristic, epsilon : 0.3, normalized : True, random_seed : 50, 
bias_direct: 0.16871094364814104
rmse_direct: 0.22452991265233932
bias_indirect: 0.0698275862068966
rmse_indirect: 0.07936276378669078
bias_total: 0.12929206652551806
rmse_total: 0.17077006943480524
bias_mr: 0.20667845385616512
rmse_mr: 0.2929276923564974
coverage: 0.0
