Experiment: expname : baselines_experiment, data : uniform, n_samples : 500, mediator_dimension : 1, covariate_dimension : 1, alpha : 0.5, beta : 0.25, stochasticity : 1, gamma : 0.3, noise : uniform, 
Running with estimator : linear, regularization : True, sample_splits : 1, reg_lambda : 0.001, reg_lambda_tilde : 0.001, kernel : gauss, density : gaussian, bandwidth : 0.3, bandwidth_mode : heuristic, epsilon : 0.3, normalized : True, random_seed : 85, 
bias_direct: 0.33454417925166724
rmse_direct: 0.38236560883363635
bias_indirect: 0.020111390625829936
rmse_indirect: 0.022857664575865983
bias_total: 0.31693553945927405
rmse_total: 0.3624064106062623
bias_mr: 0.3232747416828015
rmse_mr: 0.343721217066629
coverage: 0.0
