Experiment: expname : nonparametric_experiment, data : uniform, n_samples : 1000, mediator_dimension : 1, covariate_dimension : 1, alpha : 0.0, beta : 0.0, stochasticity : 1, gamma : 0.3, noise : uniform, 
Running with estimator : kme_dml, regularization : True, sample_splits : 1, reg_lambda : 0.001, reg_lambda_tilde : 0.001, kernel : gauss, density : gaussian, bandwidth : 0.3, bandwidth_mode : heuristic, epsilon : 0.1, normalized : True, random_seed : 81, 
bias_direct: 0.03556743926367702
rmse_direct: 0.04120922818442709
bias_indirect: 0.021700086345004668
rmse_indirect: 0.024644195094513405
bias_total: 0.034841179407465526
rmse_total: 0.045516220696238584
bias_mr: 0.042008987054832206
rmse_mr: 0.06060474495901661
coverage: 1.0
