Experiment: expname : nonparametric_experiment, data : uniform, n_samples : 1000, mediator_dimension : 1, covariate_dimension : 1, alpha : 0.0, beta : 0.0, stochasticity : 1, gamma : 0.3, noise : uniform, 
Running with estimator : kme_dml, regularization : True, sample_splits : 1, reg_lambda : 0.001, reg_lambda_tilde : 0.001, kernel : gauss, density : gaussian, bandwidth : 0.3, bandwidth_mode : heuristic, epsilon : 0.1, normalized : True, random_seed : 41, 
bias_direct: 0.03468832445345317
rmse_direct: 0.04081822571959939
bias_indirect: 0.03592077793586173
rmse_indirect: 0.045241632147364874
bias_total: 0.05930947205705916
rmse_total: 0.06858864269777057
bias_mr: 0.07102011175215507
rmse_mr: 0.08068947940567672
coverage: 1.0
