Experiment: expname : baselines_experiment, data : uniform, n_samples : 1000, mediator_dimension : 1, covariate_dimension : 1, alpha : 0.5, beta : 0.25, stochasticity : 1, gamma : 0.3, noise : uniform, 
Running with estimator : linear, regularization : True, sample_splits : 1, reg_lambda : 0.001, reg_lambda_tilde : 0.001, kernel : gauss, density : gaussian, bandwidth : 0.3, bandwidth_mode : heuristic, epsilon : 0.3, normalized : True, random_seed : 43, 
bias_direct: 0.27992675582801996
rmse_direct: 0.3217172012888545
bias_indirect: 0.00889332005441549
rmse_indirect: 0.010107731014312327
bias_total: 0.28771335160899725
rmse_total: 0.33011405475904304
bias_mr: 0.2597676436597556
rmse_mr: 0.279345430707681
coverage: 0.0
