Experiment: expname : baselines_experiment, data : uniform, n_samples : 1000, mediator_dimension : 1, covariate_dimension : 1, alpha : 0.5, beta : 0.25, stochasticity : 1, gamma : 0.3, noise : uniform, 
Running with estimator : ipw, regularization : True, sample_splits : 1, reg_lambda : 0.001, reg_lambda_tilde : 0.001, kernel : gauss, density : gaussian, bandwidth : 0.3, bandwidth_mode : heuristic, epsilon : 0.3, normalized : True, random_seed : 94, 
bias_direct: 0.21159159546268433
rmse_direct: 0.25268266173999926
bias_indirect: 0.06982758620689662
rmse_indirect: 0.0793627637866908
bias_total: 0.20507435408337404
rmse_total: 0.23572224678807052
bias_mr: 0.10562594929824962
rmse_mr: 0.13277927755939847
coverage: 0.0
