Experiment: expname : nonparametric_experiment, data : uniform, n_samples : 500, mediator_dimension : 1, covariate_dimension : 1, alpha : 0.0, beta : 0.0, stochasticity : 1, gamma : 0.3, noise : uniform, 
Running with estimator : kme_dml, regularization : True, sample_splits : 1, reg_lambda : 0.001, reg_lambda_tilde : 0.001, kernel : gauss, density : conditional_kernel, bandwidth : 0.3, bandwidth_mode : heuristic, epsilon : 0.1, normalized : True, random_seed : 69, 
bias_direct: 0.03609451342670194
rmse_direct: 0.04584029295062411
bias_indirect: 0.021817167515564274
rmse_indirect: 0.027952661976386062
bias_total: 0.03782660625319298
rmse_total: 0.046285909893974755
bias_mr: 0.03869406902086106
rmse_mr: 0.04908904831840593
coverage: 1.0
