Experiment: expname : baselines_experiment, data : uniform, n_samples : 1000, mediator_dimension : 1, covariate_dimension : 1, alpha : 0.5, beta : 0.25, stochasticity : 1, gamma : 0.3, noise : uniform, 
Running with estimator : kme_g_computation, regularization : True, sample_splits : 1, reg_lambda : 0.001, reg_lambda_tilde : 0.001, kernel : gauss, density : gaussian, bandwidth : 0.3, bandwidth_mode : heuristic, epsilon : 0.3, normalized : True, random_seed : 53, 
bias_direct: 0.35597206621219163
rmse_direct: 0.4542347951361455
bias_indirect: 0.32360095339815825
rmse_indirect: 0.44378845448392823
bias_total: 0.04723493882988338
rmse_total: 0.052584518426312434
bias_mr: 0.41751425241990414
rmse_mr: 0.5465187973897416
coverage: 0.0
