Experiment: expname : nonparametric_experiment, data : uniform, n_samples : 1000, mediator_dimension : 1, covariate_dimension : 1, alpha : 0.0, beta : 0.0, stochasticity : 1, gamma : 0.3, noise : uniform, 
Running with estimator : kme_dml, regularization : True, sample_splits : 1, reg_lambda : 0.001, reg_lambda_tilde : 0.001, kernel : gauss, density : conditional_kernel, bandwidth : 0.3, bandwidth_mode : heuristic, epsilon : 0.1, normalized : True, random_seed : 5, 
bias_direct: 0.03725952542567142
rmse_direct: 0.05769467997083258
bias_indirect: 0.012182308181462381
rmse_indirect: 0.016537055563029247
bias_total: 0.04881481814092633
rmse_total: 0.06756255505480493
bias_mr: 0.044620010784679705
rmse_mr: 0.059867130714788434
coverage: 0.9655172413793104
