Experiment: expname : nonparametric_experiment, data : uniform, n_samples : 1000, mediator_dimension : 1, covariate_dimension : 1, alpha : 0.0, beta : 0.0, stochasticity : 1, gamma : 0.3, noise : uniform, 
Running with estimator : kme_dml, regularization : True, sample_splits : 1, reg_lambda : 0.001, reg_lambda_tilde : 0.001, kernel : gauss, density : conditional_kernel, bandwidth : 0.3, bandwidth_mode : heuristic, epsilon : 0.1, normalized : True, random_seed : 19, 
bias_direct: 0.10112965669737718
rmse_direct: 0.11544907156505839
bias_indirect: 0.018991484676752143
rmse_indirect: 0.024585764390072894
bias_total: 0.11697207681826945
rmse_total: 0.13342213472278128
bias_mr: 0.07297091007430968
rmse_mr: 0.09095515355161027
coverage: 0.8275862068965517
