Experiment: expname : nonparametric_experiment, data : uniform, n_samples : 500, mediator_dimension : 1, covariate_dimension : 1, alpha : 0.0, beta : 0.0, stochasticity : 1, gamma : 0.3, noise : uniform, 
Running with estimator : kme_g_computation, regularization : True, sample_splits : 1, reg_lambda : 0.001, reg_lambda_tilde : 0.001, kernel : linear, density : conditional_kernel, bandwidth : 0.3, bandwidth_mode : heuristic, epsilon : 0.1, normalized : True, random_seed : 89, 
bias_direct: 0.16880494091218928
rmse_direct: 0.1920098658088604
bias_indirect: 0.1769105711424308
rmse_indirect: 0.20106827872463073
bias_total: 0.008105630230241507
rmse_total: 0.00959281796002567
bias_mr: 0.17443296509703607
rmse_mr: 0.2041276545783209
coverage: 0.0
