Experiment: expname : baselines_experiment, data : uniform, n_samples : 5000, mediator_dimension : 1, covariate_dimension : 1, alpha : 0.5, beta : 0.25, stochasticity : 1, gamma : 0.3, noise : uniform, 
Running with estimator : ipw, regularization : True, sample_splits : 1, reg_lambda : 0.001, reg_lambda_tilde : 0.001, kernel : gauss, density : gaussian, bandwidth : 0.3, bandwidth_mode : heuristic, epsilon : 0.3, normalized : True, random_seed : 89, 
bias_direct: 0.09329108847690533
rmse_direct: 0.10992863186662657
bias_indirect: 0.0698275862068966
rmse_indirect: 0.07936276378669078
bias_total: 0.05375205530421644
rmse_total: 0.06167096641260194
bias_mr: 0.1410124176604855
rmse_mr: 0.17775156401589357
coverage: 0.0
