Experiment: expname : baselines_experiment, data : uniform, n_samples : 5000, mediator_dimension : 1, covariate_dimension : 1, alpha : 0.5, beta : 0.25, stochasticity : 1, gamma : 0.3, noise : uniform, 
Running with estimator : ipw, regularization : True, sample_splits : 1, reg_lambda : 0.001, reg_lambda_tilde : 0.001, kernel : gauss, density : gaussian, bandwidth : 0.3, bandwidth_mode : heuristic, epsilon : 0.3, normalized : True, random_seed : 44, 
bias_direct: 0.10707696068143426
rmse_direct: 0.13137911797175783
bias_indirect: 0.0698275862068966
rmse_indirect: 0.07936276378669077
bias_total: 0.06682014246811101
rmse_total: 0.08283513851972293
bias_mr: 0.15514068326946104
rmse_mr: 0.19600148544863688
coverage: 0.0
