Experiment: expname : nonparametric_experiment, data : uniform, n_samples : 5000, mediator_dimension : 1, covariate_dimension : 1, alpha : 0.0, beta : 0.0, stochasticity : 1, gamma : 0.3, noise : uniform, 
Running with estimator : kme_dml, regularization : True, sample_splits : 1, reg_lambda : 0.001, reg_lambda_tilde : 0.001, kernel : gauss, density : conditional_kernel, bandwidth : 0.3, bandwidth_mode : heuristic, epsilon : 0.1, normalized : True, random_seed : 67, 
bias_direct: 0.04857614274992847
rmse_direct: 0.05617070031570468
bias_indirect: 0.013416697824084849
rmse_indirect: 0.01557899109293275
bias_total: 0.0483022494558152
rmse_total: 0.05395086250407043
bias_mr: 0.03547388034561301
rmse_mr: 0.03964035348621617
coverage: 1.0
