Experiment: expname : nonparametric_experiment, data : uniform, n_samples : 500, mediator_dimension : 1, covariate_dimension : 1, alpha : 0.0, beta : 0.0, stochasticity : 1, gamma : 0.3, noise : uniform, 
Running with estimator : kme_g_computation, regularization : True, sample_splits : 1, reg_lambda : 0.001, reg_lambda_tilde : 0.001, kernel : linear, density : conditional_kernel, bandwidth : 0.3, bandwidth_mode : heuristic, epsilon : 0.1, normalized : True, random_seed : 54, 
bias_direct: 0.1498225965201177
rmse_direct: 0.17046647743934515
bias_indirect: 0.10184619197424188
rmse_indirect: 0.11575363096087778
bias_total: 0.047976404545875824
rmse_total: 0.054785207432220685
bias_mr: 0.14975267218259522
rmse_mr: 0.17240356121280626
coverage: 0.0
