Experiment: expname : nonparametric_experiment, data : uniform, n_samples : 5000, mediator_dimension : 1, covariate_dimension : 1, alpha : 0.0, beta : 0.0, stochasticity : 1, gamma : 0.3, noise : uniform, 
Running with estimator : ipw, regularization : True, sample_splits : 1, reg_lambda : 0.001, reg_lambda_tilde : 0.001, kernel : linear, density : conditional_kernel, bandwidth : 0.3, bandwidth_mode : heuristic, epsilon : 0.1, normalized : True, random_seed : 86, 
bias_direct: 0.061713149717461876
rmse_direct: 0.07308383946705362
bias_indirect: 0.030796438642019426
rmse_indirect: 0.0390917059498477
bias_total: 0.04806756867495092
rmse_total: 0.06436703173028378
bias_mr: 0.0656569784760538
rmse_mr: 0.07652846830005405
coverage: 0.0
