Experiment: expname : nonparametric_experiment, data : uniform, n_samples : 5000, mediator_dimension : 1, covariate_dimension : 1, alpha : 0.0, beta : 0.0, stochasticity : 1, gamma : 0.3, noise : uniform, 
Running with estimator : ipw, regularization : True, sample_splits : 1, reg_lambda : 0.001, reg_lambda_tilde : 0.001, kernel : linear, density : gaussian, bandwidth : 0.3, bandwidth_mode : heuristic, epsilon : 0.1, normalized : True, random_seed : 18, 
bias_direct: 0.08039268966189601
rmse_direct: 0.0958127682724868
bias_indirect: 0.06982758620689664
rmse_indirect: 0.07936276378669083
bias_total: 0.04450640931291673
rmse_total: 0.06388535737132789
bias_mr: 0.07649542055864084
rmse_mr: 0.0938208457999295
coverage: 0.0
