Experiment: expname : nonparametric_experiment, data : uniform, n_samples : 500, mediator_dimension : 1, covariate_dimension : 1, alpha : 0.0, beta : 0.0, stochasticity : 1, gamma : 0.3, noise : uniform, 
Running with estimator : kme_dml, regularization : True, sample_splits : 1, reg_lambda : 0.001, reg_lambda_tilde : 0.001, kernel : linear, density : gaussian, bandwidth : 0.3, bandwidth_mode : heuristic, epsilon : 0.1, normalized : True, random_seed : 99, 
bias_direct: 0.06832954171963594
rmse_direct: 0.08440036239907552
bias_indirect: 0.049354298808000345
rmse_indirect: 0.06403067985454733
bias_total: 0.06479895304839114
rmse_total: 0.0772805661884448
bias_mr: 0.10426394518829472
rmse_mr: 0.1197921464539775
coverage: 0.896551724137931
