Experiment: expname : nonparametric_experiment, data : uniform, n_samples : 1000, mediator_dimension : 1, covariate_dimension : 1, alpha : 0.0, beta : 0.0, stochasticity : 1, gamma : 0.3, noise : uniform, 
Running with estimator : ipw, regularization : True, sample_splits : 1, reg_lambda : 0.001, reg_lambda_tilde : 0.001, kernel : gauss, density : conditional_kernel, bandwidth : 0.3, bandwidth_mode : heuristic, epsilon : 0.1, normalized : True, random_seed : 30, 
bias_direct: 0.13813660918682522
rmse_direct: 0.1750354246281556
bias_indirect: 0.02740394692266705
rmse_indirect: 0.042334392596184135
bias_total: 0.1544481673596532
rmse_total: 0.18594589963031125
bias_mr: 0.16097137983759163
rmse_mr: 0.19809972687521976
coverage: 0.0
