Experiment: expname : nonparametric_experiment, data : uniform, n_samples : 500, mediator_dimension : 1, covariate_dimension : 1, alpha : 0.0, beta : 0.0, stochasticity : 1, gamma : 0.3, noise : uniform, 
Running with estimator : kme_g_computation, regularization : True, sample_splits : 1, reg_lambda : 0.001, reg_lambda_tilde : 0.001, kernel : gauss, density : gaussian, bandwidth : 0.3, bandwidth_mode : heuristic, epsilon : 0.1, normalized : True, random_seed : 76, 
bias_direct: 0.1609401682580015
rmse_direct: 0.18210150815124707
bias_indirect: 0.12555566331032392
rmse_indirect: 0.16879404893762845
bias_total: 0.07261882606040806
rmse_total: 0.09284687432583028
bias_mr: 0.1701521407722323
rmse_mr: 0.20095418409484567
coverage: 0.0
