Experiment: expname : baselines_experiment, data : uniform, n_samples : 5000, mediator_dimension : 1, covariate_dimension : 1, alpha : 0.5, beta : 0.25, stochasticity : 1, gamma : 0.3, noise : uniform, 
Running with estimator : ipw, regularization : True, sample_splits : 1, reg_lambda : 0.001, reg_lambda_tilde : 0.001, kernel : gauss, density : gaussian, bandwidth : 0.3, bandwidth_mode : heuristic, epsilon : 0.3, normalized : True, random_seed : 53, 
bias_direct: 0.11312625799270093
rmse_direct: 0.13727778713795494
bias_indirect: 0.06982758620689661
rmse_indirect: 0.07936276378669078
bias_total: 0.05882739984867889
rmse_total: 0.06926580250039897
bias_mr: 0.1273107744936844
rmse_mr: 0.18622844044369594
coverage: 0.0
