Experiment: expname : nonparametric_experiment, data : uniform, n_samples : 5000, mediator_dimension : 1, covariate_dimension : 1, alpha : 0.0, beta : 0.0, stochasticity : 1, gamma : 0.3, noise : uniform, 
Running with estimator : kme_dml, regularization : True, sample_splits : 1, reg_lambda : 0.001, reg_lambda_tilde : 0.001, kernel : gauss, density : gaussian, bandwidth : 0.3, bandwidth_mode : heuristic, epsilon : 0.1, normalized : True, random_seed : 8, 
bias_direct: 0.034015238844758384
rmse_direct: 0.041225629714668546
bias_indirect: 0.01515305060934542
rmse_indirect: 0.018671912433066942
bias_total: 0.043686898977413485
rmse_total: 0.05067877723711406
bias_mr: 0.0368493864557611
rmse_mr: 0.04580642420412657
coverage: 0.896551724137931
