Experiment: expname : baselines_experiment, data : uniform, n_samples : 1000, mediator_dimension : 1, covariate_dimension : 1, alpha : 0.5, beta : 0.25, stochasticity : 1, gamma : 0.3, noise : uniform, 
Running with estimator : kme_g_computation, regularization : True, sample_splits : 1, reg_lambda : 0.001, reg_lambda_tilde : 0.001, kernel : gauss, density : gaussian, bandwidth : 0.3, bandwidth_mode : heuristic, epsilon : 0.3, normalized : True, random_seed : 84, 
bias_direct: 0.37772195373211903
rmse_direct: 0.4814490474935499
bias_indirect: 0.44262484569075256
rmse_indirect: 0.5472225248844043
bias_total: 0.06490289195863352
rmse_total: 0.07630203845729913
bias_mr: 0.411856396582248
rmse_mr: 0.5294991747256658
coverage: 0.0
