Experiment: expname : nonparametric_experiment, data : uniform, n_samples : 1000, mediator_dimension : 1, covariate_dimension : 1, alpha : 0.0, beta : 0.0, stochasticity : 1, gamma : 0.3, noise : uniform, 
Running with estimator : kme_g_computation, regularization : True, sample_splits : 1, reg_lambda : 0.001, reg_lambda_tilde : 0.001, kernel : gauss, density : gaussian, bandwidth : 0.3, bandwidth_mode : heuristic, epsilon : 0.1, normalized : True, random_seed : 90, 
bias_direct: 0.16775779447271238
rmse_direct: 0.18675945898198285
bias_indirect: 0.12530591120527368
rmse_indirect: 0.15377477266391898
bias_total: 0.05252900162103857
rmse_total: 0.06975143659001319
bias_mr: 0.18243040367916047
rmse_mr: 0.2065305469214731
coverage: 0.0
