Experiment: expname : nonparametric_experiment, data : uniform, n_samples : 5000, mediator_dimension : 1, covariate_dimension : 1, alpha : 0.0, beta : 0.0, stochasticity : 1, gamma : 0.3, noise : uniform, 
Running with estimator : kme_dml, regularization : True, sample_splits : 1, reg_lambda : 0.001, reg_lambda_tilde : 0.001, kernel : linear, density : gaussian, bandwidth : 0.3, bandwidth_mode : heuristic, epsilon : 0.1, normalized : True, random_seed : 4, 
bias_direct: 0.0341554202943352
rmse_direct: 0.038381406152928774
bias_indirect: 0.012197136040683954
rmse_indirect: 0.01433439393254539
bias_total: 0.02867657692292689
rmse_total: 0.03431448246162468
bias_mr: 0.03384080754446681
rmse_mr: 0.0380412707085502
coverage: 1.0
