Experiment: expname : nonparametric_experiment, data : uniform, n_samples : 500, mediator_dimension : 1, covariate_dimension : 1, alpha : 0.0, beta : 0.0, stochasticity : 1, gamma : 0.3, noise : uniform, 
Running with estimator : kme_dml, regularization : True, sample_splits : 1, reg_lambda : 0.001, reg_lambda_tilde : 0.001, kernel : gauss, density : conditional_kernel, bandwidth : 0.3, bandwidth_mode : heuristic, epsilon : 0.1, normalized : True, random_seed : 8, 
bias_direct: 0.09330000640120407
rmse_direct: 0.12179449509107365
bias_indirect: 0.023457850135778082
rmse_indirect: 0.03272352134422438
bias_total: 0.1158715034526562
rmse_total: 0.1475388576241335
bias_mr: 0.094326916861081
rmse_mr: 0.10617734702940994
coverage: 1.0
