Experiment: expname : nonparametric_experiment, data : uniform, n_samples : 500, mediator_dimension : 1, covariate_dimension : 1, alpha : 0.0, beta : 0.0, stochasticity : 1, gamma : 0.3, noise : uniform, 
Running with estimator : kme_dml, regularization : True, sample_splits : 1, reg_lambda : 0.001, reg_lambda_tilde : 0.001, kernel : linear, density : gaussian, bandwidth : 0.3, bandwidth_mode : heuristic, epsilon : 0.1, normalized : True, random_seed : 45, 
bias_direct: 0.0597008493601018
rmse_direct: 0.0825268352029347
bias_indirect: 0.03467284250278525
rmse_indirect: 0.03929263509373576
bias_total: 0.06079838492535818
rmse_total: 0.07218980851507598
bias_mr: 0.09963286066689066
rmse_mr: 0.12117992307328933
coverage: 1.0
