Experiment: expname : nonparametric_experiment, data : uniform, n_samples : 1000, mediator_dimension : 1, covariate_dimension : 1, alpha : 0.0, beta : 0.0, stochasticity : 1, gamma : 0.3, noise : uniform, 
Running with estimator : kme_dml, regularization : True, sample_splits : 1, reg_lambda : 0.001, reg_lambda_tilde : 0.001, kernel : linear, density : conditional_kernel, bandwidth : 0.3, bandwidth_mode : heuristic, epsilon : 0.1, normalized : True, random_seed : 21, 
bias_direct: 0.021451280311581663
rmse_direct: 0.02587613728843857
bias_indirect: 0.03192511166698606
rmse_indirect: 0.03556291470538292
bias_total: 0.029463717819692616
rmse_total: 0.03374120174681548
bias_mr: 0.025717774183772076
rmse_mr: 0.0315184792981842
coverage: 1.0
