Experiment: expname : baselines_experiment, data : uniform, n_samples : 1000, mediator_dimension : 1, covariate_dimension : 1, alpha : 0.5, beta : 0.25, stochasticity : 1, gamma : 0.3, noise : uniform, 
Running with estimator : kme_dml, regularization : True, sample_splits : 1, reg_lambda : 0.001, reg_lambda_tilde : 0.001, kernel : gauss, density : gaussian, bandwidth : 0.3, bandwidth_mode : heuristic, epsilon : 0.3, normalized : True, random_seed : 79, 
bias_direct: 0.06284302180361456
rmse_direct: 0.07576565663724047
bias_indirect: 0.009993304983077182
rmse_indirect: 0.013466028912607876
bias_total: 0.060923064289252954
rmse_total: 0.07617504320678316
bias_mr: 0.10554589658778545
rmse_mr: 0.12769296958782436
coverage: 0.6896551724137931
