Experiment: expname : nonparametric_experiment, data : uniform, n_samples : 500, mediator_dimension : 1, covariate_dimension : 1, alpha : 0.0, beta : 0.0, stochasticity : 1, gamma : 0.3, noise : uniform, 
Running with estimator : kme_dml, regularization : True, sample_splits : 1, reg_lambda : 0.001, reg_lambda_tilde : 0.001, kernel : linear, density : conditional_kernel, bandwidth : 0.3, bandwidth_mode : heuristic, epsilon : 0.1, normalized : True, random_seed : 55, 
bias_direct: 0.053726096548375665
rmse_direct: 0.07581227752813241
bias_indirect: 0.020778631793505063
rmse_indirect: 0.03112040123039398
bias_total: 0.07145257200217948
rmse_total: 0.09653967555858008
bias_mr: 0.07629975555393177
rmse_mr: 0.08459358503125777
coverage: 1.0
