Experiment: expname : nonparametric_experiment, data : uniform, n_samples : 5000, mediator_dimension : 1, covariate_dimension : 1, alpha : 0.0, beta : 0.0, stochasticity : 1, gamma : 0.3, noise : uniform, 
Running with estimator : ipw, regularization : True, sample_splits : 1, reg_lambda : 0.001, reg_lambda_tilde : 0.001, kernel : gauss, density : gaussian, bandwidth : 0.3, bandwidth_mode : heuristic, epsilon : 0.1, normalized : True, random_seed : 69, 
bias_direct: 0.0929925432015349
rmse_direct: 0.11569180203353666
bias_indirect: 0.06982758620689665
rmse_indirect: 0.07936276378669083
bias_total: 0.05907539785201593
rmse_total: 0.07090071833655982
bias_mr: 0.09349630027583294
rmse_mr: 0.10675112193638907
coverage: 0.0
