Experiment: expname : nonparametric_experiment, data : uniform, n_samples : 1000, mediator_dimension : 1, covariate_dimension : 1, alpha : 0.0, beta : 0.0, stochasticity : 1, gamma : 0.3, noise : uniform, 
Running with estimator : kme_dml, regularization : True, sample_splits : 1, reg_lambda : 0.001, reg_lambda_tilde : 0.001, kernel : gauss, density : gaussian, bandwidth : 0.3, bandwidth_mode : heuristic, epsilon : 0.1, normalized : True, random_seed : 29, 
bias_direct: 0.04618689545448627
rmse_direct: 0.05665361301073469
bias_indirect: 0.01405793274014811
rmse_indirect: 0.01723930222888795
bias_total: 0.04371097842543738
rmse_total: 0.04968864714928187
bias_mr: 0.052105637625530304
rmse_mr: 0.0679712082451873
coverage: 1.0
