Experiment: expname : nonparametric_experiment, data : uniform, n_samples : 5000, mediator_dimension : 1, covariate_dimension : 1, alpha : 0.0, beta : 0.0, stochasticity : 1, gamma : 0.3, noise : uniform, 
Running with estimator : kme_dml, regularization : True, sample_splits : 1, reg_lambda : 0.001, reg_lambda_tilde : 0.001, kernel : linear, density : gaussian, bandwidth : 0.3, bandwidth_mode : heuristic, epsilon : 0.1, normalized : True, random_seed : 69, 
bias_direct: 0.04846624744904728
rmse_direct: 0.05939608119411483
bias_indirect: 0.005341328065744379
rmse_indirect: 0.006421613160874774
bias_total: 0.052158233433431886
rmse_total: 0.061001458945033206
bias_mr: 0.037511053238762526
rmse_mr: 0.040861675501624506
coverage: 1.0
