Experiment: expname : baselines_experiment, data : uniform, n_samples : 1000, mediator_dimension : 1, covariate_dimension : 1, alpha : 0.5, beta : 0.25, stochasticity : 1, gamma : 0.3, noise : uniform, 
Running with estimator : kme_g_computation, regularization : True, sample_splits : 1, reg_lambda : 0.001, reg_lambda_tilde : 0.001, kernel : gauss, density : gaussian, bandwidth : 0.3, bandwidth_mode : heuristic, epsilon : 0.3, normalized : True, random_seed : 59, 
bias_direct: 0.36798893283569983
rmse_direct: 0.47471025605548717
bias_indirect: 0.38821345896874837
rmse_indirect: 0.5227398234749401
bias_total: 0.046969160981200034
rmse_total: 0.057163382159789784
bias_mr: 0.40334686240966905
rmse_mr: 0.5261747016971644
coverage: 0.0
