Experiment: expname : baselines_experiment, data : uniform, n_samples : 500, mediator_dimension : 1, covariate_dimension : 1, alpha : 0.5, beta : 0.25, stochasticity : 1, gamma : 0.3, noise : uniform, 
Running with estimator : kme_dml, regularization : True, sample_splits : 1, reg_lambda : 0.001, reg_lambda_tilde : 0.001, kernel : gauss, density : gaussian, bandwidth : 0.3, bandwidth_mode : heuristic, epsilon : 0.3, normalized : True, random_seed : 15, 
bias_direct: 0.13420012016265348
rmse_direct: 0.18144292111015065
bias_indirect: 0.014908920630707659
rmse_indirect: 0.02290662890618039
bias_total: 0.12791559145838183
rmse_total: 0.16841679837275364
bias_mr: 0.10433310094611757
rmse_mr: 0.11786491915450104
coverage: 0.896551724137931
