Experiment: expname : baselines_experiment, data : uniform, n_samples : 500, mediator_dimension : 1, covariate_dimension : 1, alpha : 0.5, beta : 0.25, stochasticity : 1, gamma : 0.3, noise : uniform, 
Running with estimator : linear, regularization : True, sample_splits : 1, reg_lambda : 0.001, reg_lambda_tilde : 0.001, kernel : gauss, density : gaussian, bandwidth : 0.3, bandwidth_mode : heuristic, epsilon : 0.3, normalized : True, random_seed : 72, 
bias_direct: 0.2814177125367367
rmse_direct: 0.32331742896730803
bias_indirect: 0.013212334284390899
rmse_indirect: 0.01501652028721205
bias_total: 0.2711255148760664
rmse_total: 0.3110014053123881
bias_mr: 0.2625816509514175
rmse_mr: 0.2811922926197923
coverage: 0.0
