Experiment: expname : baselines_experiment, data : uniform, n_samples : 1000, mediator_dimension : 1, covariate_dimension : 1, alpha : 0.5, beta : 0.25, stochasticity : 1, gamma : 0.3, noise : uniform, 
Running with estimator : linear, regularization : True, sample_splits : 1, reg_lambda : 0.001, reg_lambda_tilde : 0.001, kernel : gauss, density : gaussian, bandwidth : 0.3, bandwidth_mode : heuristic, epsilon : 0.3, normalized : True, random_seed : 13, 
bias_direct: 0.2661686245707621
rmse_direct: 0.3050108709147761
bias_indirect: 0.017302891150843262
rmse_indirect: 0.019665655621582543
bias_total: 0.279318821845403
rmse_total: 0.3210334602084633
bias_mr: 0.24308622780370195
rmse_mr: 0.26208397703571884
coverage: 0.0
