Experiment: expname : nonparametric_experiment, data : uniform, n_samples : 500, mediator_dimension : 1, covariate_dimension : 1, alpha : 0.0, beta : 0.0, stochasticity : 1, gamma : 0.3, noise : uniform, 
Running with estimator : kme_dml, regularization : True, sample_splits : 1, reg_lambda : 0.001, reg_lambda_tilde : 0.001, kernel : linear, density : gaussian, bandwidth : 0.3, bandwidth_mode : heuristic, epsilon : 0.1, normalized : True, random_seed : 8, 
bias_direct: 0.10312898354377521
rmse_direct: 0.132179404257287
bias_indirect: 0.018512035366512705
rmse_indirect: 0.021746711004699375
bias_total: 0.1216410189102879
rmse_total: 0.15100979095058883
bias_mr: 0.09455348361068985
rmse_mr: 0.11262126546617267
coverage: 1.0
