Experiment: expname : nonparametric_experiment, data : uniform, n_samples : 1000, mediator_dimension : 1, covariate_dimension : 1, alpha : 0.0, beta : 0.0, stochasticity : 1, gamma : 0.3, noise : uniform, 
Running with estimator : ipw, regularization : True, sample_splits : 1, reg_lambda : 0.001, reg_lambda_tilde : 0.001, kernel : gauss, density : gaussian, bandwidth : 0.3, bandwidth_mode : heuristic, epsilon : 0.1, normalized : True, random_seed : 2, 
bias_direct: 0.2854602402232268
rmse_direct: 0.32142350416148624
bias_indirect: 0.06982758620689664
rmse_indirect: 0.07936276378669083
bias_total: 0.2901154126370198
rmse_total: 0.32765491630117016
bias_mr: 0.14321484850302443
rmse_mr: 0.16817912149707986
coverage: 0.0
