Experiment: expname : nonparametric_experiment, data : uniform, n_samples : 5000, mediator_dimension : 1, covariate_dimension : 1, alpha : 0.0, beta : 0.0, stochasticity : 1, gamma : 0.3, noise : uniform, 
Running with estimator : kme_dml, regularization : True, sample_splits : 1, reg_lambda : 0.001, reg_lambda_tilde : 0.001, kernel : linear, density : gaussian, bandwidth : 0.3, bandwidth_mode : heuristic, epsilon : 0.1, normalized : True, random_seed : 41, 
bias_direct: 0.05327435867406553
rmse_direct: 0.06330751399838064
bias_indirect: 0.007686601406886616
rmse_indirect: 0.00864606133509428
bias_total: 0.05580091441489816
rmse_total: 0.06609758064104508
bias_mr: 0.0304680676532943
rmse_mr: 0.036306505705313234
coverage: 1.0
