Experiment: expname : nonparametric_experiment, data : uniform, n_samples : 500, mediator_dimension : 1, covariate_dimension : 1, alpha : 0.0, beta : 0.0, stochasticity : 1, gamma : 0.3, noise : uniform, 
Running with estimator : kme_g_computation, regularization : True, sample_splits : 1, reg_lambda : 0.001, reg_lambda_tilde : 0.001, kernel : linear, density : gaussian, bandwidth : 0.3, bandwidth_mode : heuristic, epsilon : 0.1, normalized : True, random_seed : 73, 
bias_direct: 0.13902367552171158
rmse_direct: 0.15813811118131044
bias_indirect: 0.16147937186603897
rmse_indirect: 0.18352986815453803
bias_total: 0.022455696344327456
rmse_total: 0.025512759530368124
bias_mr: 0.13965159833164284
rmse_mr: 0.1602008119769949
coverage: 0.0
