Experiment: expname : baselines_experiment, data : uniform, n_samples : 5000, mediator_dimension : 1, covariate_dimension : 1, alpha : 0.5, beta : 0.25, stochasticity : 1, gamma : 0.3, noise : uniform, 
Running with estimator : kme_dml, regularization : True, sample_splits : 1, reg_lambda : 0.001, reg_lambda_tilde : 0.001, kernel : gauss, density : gaussian, bandwidth : 0.3, bandwidth_mode : heuristic, epsilon : 0.3, normalized : True, random_seed : 66, 
bias_direct: 0.06075079111897054
rmse_direct: 0.07115686390895848
bias_indirect: 0.02024328734512335
rmse_indirect: 0.025260225131480747
bias_total: 0.04770917373033165
rmse_total: 0.0534364562628092
bias_mr: 0.04111368423571102
rmse_mr: 0.04968273773320852
coverage: 0.9655172413793104
