Experiment: expname : nonparametric_experiment, data : uniform, n_samples : 500, mediator_dimension : 1, covariate_dimension : 1, alpha : 0.0, beta : 0.0, stochasticity : 1, gamma : 0.3, noise : uniform, 
Running with estimator : ipw, regularization : True, sample_splits : 1, reg_lambda : 0.001, reg_lambda_tilde : 0.001, kernel : linear, density : gaussian, bandwidth : 0.3, bandwidth_mode : heuristic, epsilon : 0.1, normalized : True, random_seed : 91, 
bias_direct: 0.10917997335870655
rmse_direct: 0.13973045596267455
bias_indirect: 0.0698275862068966
rmse_indirect: 0.07936276378669078
bias_total: 0.0796129552317272
rmse_total: 0.0945848192831188
bias_mr: 0.12498965988252497
rmse_mr: 0.15019978989646343
coverage: 0.0
