Experiment: expname : nonparametric_experiment, data : uniform, n_samples : 500, mediator_dimension : 1, covariate_dimension : 1, alpha : 0.0, beta : 0.0, stochasticity : 1, gamma : 0.3, noise : uniform, 
Running with estimator : kme_dml, regularization : True, sample_splits : 1, reg_lambda : 0.001, reg_lambda_tilde : 0.001, kernel : gauss, density : conditional_kernel, bandwidth : 0.3, bandwidth_mode : heuristic, epsilon : 0.1, normalized : True, random_seed : 51, 
bias_direct: 0.055888826378089236
rmse_direct: 0.06323603340126041
bias_indirect: 0.023195305295352454
rmse_indirect: 0.031669262734556156
bias_total: 0.039968659647159725
rmse_total: 0.04452668489640289
bias_mr: 0.07085320134597878
rmse_mr: 0.09228675513395498
coverage: 1.0
