Experiment: expname : nonparametric_experiment, data : uniform, n_samples : 500, mediator_dimension : 1, covariate_dimension : 1, alpha : 0.0, beta : 0.0, stochasticity : 1, gamma : 0.3, noise : uniform, 
Running with estimator : ipw, regularization : True, sample_splits : 1, reg_lambda : 0.001, reg_lambda_tilde : 0.001, kernel : gauss, density : conditional_kernel, bandwidth : 0.3, bandwidth_mode : heuristic, epsilon : 0.1, normalized : True, random_seed : 94, 
bias_direct: 0.06299277846048329
rmse_direct: 0.07676441618235408
bias_indirect: 0.054246557718240225
rmse_indirect: 0.06942330633926613
bias_total: 0.07580276546464307
rmse_total: 0.09942585150746301
bias_mr: 0.061397215391726705
rmse_mr: 0.07233350821037421
coverage: 0.0
