Experiment: expname : nonparametric_experiment, data : uniform, n_samples : 1000, mediator_dimension : 1, covariate_dimension : 1, alpha : 0.0, beta : 0.0, stochasticity : 1, gamma : 0.3, noise : uniform, 
Running with estimator : ipw, regularization : True, sample_splits : 1, reg_lambda : 0.001, reg_lambda_tilde : 0.001, kernel : gauss, density : gaussian, bandwidth : 0.3, bandwidth_mode : heuristic, epsilon : 0.1, normalized : True, random_seed : 35, 
bias_direct: 0.1412326206370829
rmse_direct: 0.1761481523765377
bias_indirect: 0.06982758620689661
rmse_indirect: 0.0793627637866908
bias_total: 0.11992768607356713
rmse_total: 0.1379876208158245
bias_mr: 0.10474781726272221
rmse_mr: 0.1267738260723715
coverage: 0.0
