Experiment: expname : nonparametric_experiment, data : uniform, n_samples : 500, mediator_dimension : 1, covariate_dimension : 1, alpha : 0.0, beta : 0.0, stochasticity : 1, gamma : 0.3, noise : uniform, 
Running with estimator : ipw, regularization : True, sample_splits : 1, reg_lambda : 0.001, reg_lambda_tilde : 0.001, kernel : gauss, density : conditional_kernel, bandwidth : 0.3, bandwidth_mode : heuristic, epsilon : 0.1, normalized : True, random_seed : 63, 
bias_direct: 0.0649667705313856
rmse_direct: 0.08053804275446627
bias_indirect: 0.05332248610572403
rmse_indirect: 0.05989522955283751
bias_total: 0.08011942555234199
rmse_total: 0.09840762678901213
bias_mr: 0.06992639037088595
rmse_mr: 0.08762239458821676
coverage: 0.0
