Experiment: expname : nonparametric_experiment, data : uniform, n_samples : 1000, mediator_dimension : 1, covariate_dimension : 1, alpha : 0.0, beta : 0.0, stochasticity : 1, gamma : 0.3, noise : uniform, 
Running with estimator : ipw, regularization : True, sample_splits : 1, reg_lambda : 0.001, reg_lambda_tilde : 0.001, kernel : gauss, density : conditional_kernel, bandwidth : 0.3, bandwidth_mode : heuristic, epsilon : 0.1, normalized : True, random_seed : 84, 
bias_direct: 0.09463888849875682
rmse_direct: 0.12156060457541823
bias_indirect: 0.04315333587608589
rmse_indirect: 0.04932386270419125
bias_total: 0.08353991925443364
rmse_total: 0.1083425731604051
bias_mr: 0.0854623847296583
rmse_mr: 0.1000921963180345
coverage: 0.0
