Experiment: expname : nonparametric_experiment, data : uniform, n_samples : 5000, mediator_dimension : 1, covariate_dimension : 1, alpha : 0.0, beta : 0.0, stochasticity : 1, gamma : 0.3, noise : uniform, 
Running with estimator : kme_dml, regularization : True, sample_splits : 1, reg_lambda : 0.001, reg_lambda_tilde : 0.001, kernel : gauss, density : conditional_kernel, bandwidth : 0.3, bandwidth_mode : heuristic, epsilon : 0.1, normalized : True, random_seed : 58, 
bias_direct: 0.02905314153135401
rmse_direct: 0.03291056710309334
bias_indirect: 0.010703057858226887
rmse_indirect: 0.013113597003420761
bias_total: 0.033752838018345374
rmse_total: 0.03817863874831293
bias_mr: 0.03342681268606986
rmse_mr: 0.04039873060833909
coverage: 0.9655172413793104
