Experiment: expname : nonparametric_experiment, data : uniform, n_samples : 1000, mediator_dimension : 1, covariate_dimension : 1, alpha : 0.0, beta : 0.0, stochasticity : 1, gamma : 0.3, noise : uniform, 
Running with estimator : kme_dml, regularization : True, sample_splits : 1, reg_lambda : 0.001, reg_lambda_tilde : 0.001, kernel : gauss, density : gaussian, bandwidth : 0.3, bandwidth_mode : heuristic, epsilon : 0.1, normalized : True, random_seed : 99, 
bias_direct: 0.047445013887934
rmse_direct: 0.05382167259528415
bias_indirect: 0.02399113347497743
rmse_indirect: 0.03378747087387898
bias_total: 0.02806954912000089
rmse_total: 0.033233525131023525
bias_mr: 0.02500956137813129
rmse_mr: 0.02843719123598037
coverage: 1.0
