Experiment: expname : nonparametric_experiment, data : uniform, n_samples : 5000, mediator_dimension : 1, covariate_dimension : 1, alpha : 0.0, beta : 0.0, stochasticity : 1, gamma : 0.3, noise : uniform, 
Running with estimator : kme_g_computation, regularization : True, sample_splits : 1, reg_lambda : 0.001, reg_lambda_tilde : 0.001, kernel : linear, density : conditional_kernel, bandwidth : 0.3, bandwidth_mode : heuristic, epsilon : 0.1, normalized : True, random_seed : 97, 
bias_direct: 0.16798107847553798
rmse_direct: 0.19077920447153734
bias_indirect: 0.159214836739895
rmse_indirect: 0.1809561286583843
bias_total: 0.008766241735642985
rmse_total: 0.010752989129976109
bias_mr: 0.16833132347488808
rmse_mr: 0.19132232794368545
coverage: 0.0
