Experiment: expname : nonparametric_experiment, data : uniform, n_samples : 5000, mediator_dimension : 1, covariate_dimension : 1, alpha : 0.0, beta : 0.0, stochasticity : 1, gamma : 0.3, noise : uniform, 
Running with estimator : kme_g_computation, regularization : True, sample_splits : 1, reg_lambda : 0.001, reg_lambda_tilde : 0.001, kernel : linear, density : conditional_kernel, bandwidth : 0.3, bandwidth_mode : heuristic, epsilon : 0.1, normalized : True, random_seed : 80, 
bias_direct: 0.16151525803785816
rmse_direct: 0.1835468410976138
bias_indirect: 0.15707448363511725
rmse_indirect: 0.1785235032077765
bias_total: 0.00444077440274088
rmse_total: 0.005056045726801689
bias_mr: 0.1609077058276774
rmse_mr: 0.18348446093602638
coverage: 0.0
