Experiment: expname : nonparametric_experiment, data : uniform, n_samples : 500, mediator_dimension : 1, covariate_dimension : 1, alpha : 0.0, beta : 0.0, stochasticity : 1, gamma : 0.3, noise : uniform, 
Running with estimator : ipw, regularization : True, sample_splits : 1, reg_lambda : 0.001, reg_lambda_tilde : 0.001, kernel : linear, density : gaussian, bandwidth : 0.3, bandwidth_mode : heuristic, epsilon : 0.1, normalized : True, random_seed : 31, 
bias_direct: 0.15712214863975493
rmse_direct: 0.22233355953198858
bias_indirect: 0.06982758620689661
rmse_indirect: 0.07936276378669078
bias_total: 0.15075206368286576
rmse_total: 0.1958102572431173
bias_mr: 0.13408946783357273
rmse_mr: 0.1637224561568634
coverage: 0.0
