Experiment: expname : baselines_experiment, data : uniform, n_samples : 1000, mediator_dimension : 1, covariate_dimension : 1, alpha : 0.5, beta : 0.25, stochasticity : 1, gamma : 0.3, noise : uniform, 
Running with estimator : kme_g_computation, regularization : True, sample_splits : 1, reg_lambda : 0.001, reg_lambda_tilde : 0.001, kernel : gauss, density : gaussian, bandwidth : 0.3, bandwidth_mode : heuristic, epsilon : 0.3, normalized : True, random_seed : 27, 
bias_direct: 0.348523271694494
rmse_direct: 0.4536458787750647
bias_indirect: 0.40134057518411875
rmse_indirect: 0.5372219494733174
bias_total: 0.062307746685837176
rmse_total: 0.0883806847368856
bias_mr: 0.39307889097644877
rmse_mr: 0.5171855533693206
coverage: 0.0
