Experiment: expname : baselines_experiment, data : uniform, n_samples : 500, mediator_dimension : 1, covariate_dimension : 1, alpha : 0.5, beta : 0.25, stochasticity : 1, gamma : 0.3, noise : uniform, 
Running with estimator : kme_g_computation, regularization : True, sample_splits : 1, reg_lambda : 0.001, reg_lambda_tilde : 0.001, kernel : gauss, density : gaussian, bandwidth : 0.3, bandwidth_mode : heuristic, epsilon : 0.3, normalized : True, random_seed : 96, 
bias_direct: 0.396497181514674
rmse_direct: 0.5041089680224343
bias_indirect: 0.4438768988972416
rmse_indirect: 0.6025537561622015
bias_total: 0.18249224918156973
rmse_total: 0.24011416162500107
bias_mr: 0.4353574587460352
rmse_mr: 0.5467850582549489
coverage: 0.0
