Experiment: expname : nonparametric_experiment, data : uniform, n_samples : 5000, mediator_dimension : 1, covariate_dimension : 1, alpha : 0.0, beta : 0.0, stochasticity : 1, gamma : 0.3, noise : uniform, 
Running with estimator : kme_dml, regularization : True, sample_splits : 1, reg_lambda : 0.001, reg_lambda_tilde : 0.001, kernel : linear, density : conditional_kernel, bandwidth : 0.3, bandwidth_mode : heuristic, epsilon : 0.1, normalized : True, random_seed : 98, 
bias_direct: 0.04537647086628453
rmse_direct: 0.05199839082819228
bias_indirect: 0.021470617321926764
rmse_indirect: 0.02641088781599062
bias_total: 0.033979966342581845
rmse_total: 0.03953566836949025
bias_mr: 0.02759000415001187
rmse_mr: 0.030748218802368513
coverage: 1.0
