Experiment: expname : nonparametric_experiment, data : uniform, n_samples : 1000, mediator_dimension : 1, covariate_dimension : 1, alpha : 0.0, beta : 0.0, stochasticity : 1, gamma : 0.3, noise : uniform, 
Running with estimator : kme_g_computation, regularization : True, sample_splits : 1, reg_lambda : 0.001, reg_lambda_tilde : 0.001, kernel : linear, density : gaussian, bandwidth : 0.3, bandwidth_mode : heuristic, epsilon : 0.1, normalized : True, random_seed : 20, 
bias_direct: 0.15732546455669882
rmse_direct: 0.17867940916715336
bias_indirect: 0.15292439603194607
rmse_indirect: 0.1738066829708681
bias_total: 0.004401068524752712
rmse_total: 0.006314720667891239
bias_mr: 0.15718995571607725
rmse_mr: 0.1788599915548751
coverage: 0.0
