Experiment: expname : nonparametric_experiment, data : uniform, n_samples : 5000, mediator_dimension : 1, covariate_dimension : 1, alpha : 0.0, beta : 0.0, stochasticity : 1, gamma : 0.3, noise : uniform, 
Running with estimator : kme_dml, regularization : True, sample_splits : 1, reg_lambda : 0.001, reg_lambda_tilde : 0.001, kernel : gauss, density : gaussian, bandwidth : 0.3, bandwidth_mode : heuristic, epsilon : 0.1, normalized : True, random_seed : 59, 
bias_direct: 0.02461552102396133
rmse_direct: 0.03527621115189424
bias_indirect: 0.01053387991394823
rmse_indirect: 0.013975187604716395
bias_total: 0.030484267564946637
rmse_total: 0.042987262719708465
bias_mr: 0.03985844659932189
rmse_mr: 0.043235035236704925
coverage: 1.0
