Experiment: expname : nonparametric_experiment, data : uniform, n_samples : 500, mediator_dimension : 1, covariate_dimension : 1, alpha : 0.0, beta : 0.0, stochasticity : 1, gamma : 0.3, noise : uniform, 
Running with estimator : kme_dml, regularization : True, sample_splits : 1, reg_lambda : 0.001, reg_lambda_tilde : 0.001, kernel : linear, density : gaussian, bandwidth : 0.3, bandwidth_mode : heuristic, epsilon : 0.1, normalized : True, random_seed : 29, 
bias_direct: 0.12644498949740524
rmse_direct: 0.14580425103203845
bias_indirect: 0.015579162602074436
rmse_indirect: 0.02153223669207353
bias_total: 0.13773671166781315
rmse_total: 0.15948201327355904
bias_mr: 0.07709666485421124
rmse_mr: 0.10569704035332131
coverage: 0.8620689655172413
