Experiment: expname : baselines_experiment, data : uniform, n_samples : 1000, mediator_dimension : 1, covariate_dimension : 1, alpha : 0.5, beta : 0.25, stochasticity : 1, gamma : 0.3, noise : uniform, 
Running with estimator : ipw, regularization : True, sample_splits : 1, reg_lambda : 0.001, reg_lambda_tilde : 0.001, kernel : gauss, density : gaussian, bandwidth : 0.3, bandwidth_mode : heuristic, epsilon : 0.3, normalized : True, random_seed : 79, 
bias_direct: 0.16473871037816135
rmse_direct: 0.19659071777444695
bias_indirect: 0.06982758620689662
rmse_indirect: 0.07936276378669083
bias_total: 0.1572168793322808
rmse_total: 0.1762135676103462
bias_mr: 0.17721303749974196
rmse_mr: 0.2104903796385
coverage: 0.0
