Experiment: expname : nonparametric_experiment, data : uniform, n_samples : 1000, mediator_dimension : 1, covariate_dimension : 1, alpha : 0.0, beta : 0.0, stochasticity : 1, gamma : 0.3, noise : uniform, 
Running with estimator : ipw, regularization : True, sample_splits : 1, reg_lambda : 0.001, reg_lambda_tilde : 0.001, kernel : gauss, density : conditional_kernel, bandwidth : 0.3, bandwidth_mode : heuristic, epsilon : 0.1, normalized : True, random_seed : 69, 
bias_direct: 0.08982017484113672
rmse_direct: 0.10675141622071903
bias_indirect: 0.02019367838269832
rmse_indirect: 0.028534857808854456
bias_total: 0.08436844244921066
rmse_total: 0.09594471702650986
bias_mr: 0.07676555695279526
rmse_mr: 0.09541396961375793
coverage: 0.0
