Experiment: expname : nonparametric_experiment, data : uniform, n_samples : 1000, mediator_dimension : 1, covariate_dimension : 1, alpha : 0.0, beta : 0.0, stochasticity : 1, gamma : 0.3, noise : uniform, 
Running with estimator : kme_dml, regularization : True, sample_splits : 1, reg_lambda : 0.001, reg_lambda_tilde : 0.001, kernel : gauss, density : gaussian, bandwidth : 0.3, bandwidth_mode : heuristic, epsilon : 0.1, normalized : True, random_seed : 68, 
bias_direct: 0.05096043086880994
rmse_direct: 0.0717765768291477
bias_indirect: 0.02058933907970391
rmse_indirect: 0.022145920338901365
bias_total: 0.05145199703975076
rmse_total: 0.06822360424084238
bias_mr: 0.05461874194941208
rmse_mr: 0.0686165828003145
coverage: 1.0
