Experiment: expname : baselines_experiment, data : uniform, n_samples : 1000, mediator_dimension : 1, covariate_dimension : 1, alpha : 0.5, beta : 0.25, stochasticity : 1, gamma : 0.3, noise : uniform, 
Running with estimator : kme_g_computation, regularization : True, sample_splits : 1, reg_lambda : 0.001, reg_lambda_tilde : 0.001, kernel : gauss, density : gaussian, bandwidth : 0.3, bandwidth_mode : heuristic, epsilon : 0.3, normalized : True, random_seed : 78, 
bias_direct: 0.38099141493206906
rmse_direct: 0.4876763937563596
bias_indirect: 0.4111639914749519
rmse_indirect: 0.5397644903923694
bias_total: 0.055895493934680206
rmse_total: 0.08701068529086578
bias_mr: 0.42820245057019884
rmse_mr: 0.549595438252175
coverage: 0.0
