Experiment: expname : nonparametric_experiment, data : uniform, n_samples : 1000, mediator_dimension : 1, covariate_dimension : 1, alpha : 0.0, beta : 0.0, stochasticity : 1, gamma : 0.3, noise : uniform, 
Running with estimator : ipw, regularization : True, sample_splits : 1, reg_lambda : 0.001, reg_lambda_tilde : 0.001, kernel : gauss, density : conditional_kernel, bandwidth : 0.3, bandwidth_mode : heuristic, epsilon : 0.1, normalized : True, random_seed : 2, 
bias_direct: 0.2736937637195548
rmse_direct: 0.3076595591385523
bias_indirect: 0.046715162252935885
rmse_indirect: 0.05343411245757329
bias_total: 0.28772427490910724
rmse_total: 0.32900350087231917
bias_mr: 0.14092407898636586
rmse_mr: 0.16658110676079224
coverage: 0.0
