Experiment: expname : nonparametric_experiment, data : uniform, n_samples : 5000, mediator_dimension : 1, covariate_dimension : 1, alpha : 0.0, beta : 0.0, stochasticity : 1, gamma : 0.3, noise : uniform, 
Running with estimator : ipw, regularization : True, sample_splits : 1, reg_lambda : 0.001, reg_lambda_tilde : 0.001, kernel : linear, density : gaussian, bandwidth : 0.3, bandwidth_mode : heuristic, epsilon : 0.1, normalized : True, random_seed : 66, 
bias_direct: 0.0888695467654323
rmse_direct: 0.10986733483078077
bias_indirect: 0.06982758620689657
rmse_indirect: 0.07936276378669076
bias_total: 0.07287844075476738
rmse_total: 0.08269322558809422
bias_mr: 0.07146746059711366
rmse_mr: 0.08038959052081619
coverage: 0.0
