Experiment: expname : baselines_experiment, data : uniform, n_samples : 1000, mediator_dimension : 1, covariate_dimension : 1, alpha : 0.5, beta : 0.25, stochasticity : 1, gamma : 0.3, noise : uniform, 
Running with estimator : kme_g_computation, regularization : True, sample_splits : 1, reg_lambda : 0.001, reg_lambda_tilde : 0.001, kernel : gauss, density : gaussian, bandwidth : 0.3, bandwidth_mode : heuristic, epsilon : 0.3, normalized : True, random_seed : 25, 
bias_direct: 0.3797293929974148
rmse_direct: 0.4908403757804715
bias_indirect: 0.44183534895230336
rmse_indirect: 0.5803660460868788
bias_total: 0.0764608719114734
rmse_total: 0.11310124758025197
bias_mr: 0.4134306474641546
rmse_mr: 0.5340400215762716
coverage: 0.0
