Experiment: expname : baselines_experiment, data : uniform, n_samples : 5000, mediator_dimension : 1, covariate_dimension : 1, alpha : 0.5, beta : 0.25, stochasticity : 1, gamma : 0.3, noise : uniform, 
Running with estimator : kme_g_computation, regularization : True, sample_splits : 1, reg_lambda : 0.001, reg_lambda_tilde : 0.001, kernel : gauss, density : gaussian, bandwidth : 0.3, bandwidth_mode : heuristic, epsilon : 0.3, normalized : True, random_seed : 73, 
bias_direct: 0.3731967357433689
rmse_direct: 0.4872333056095903
bias_indirect: 0.43449517170084795
rmse_indirect: 0.5553810801758532
bias_total: 0.06279394708611981
rmse_total: 0.08920019736659378
bias_mr: 0.38661097686708623
rmse_mr: 0.5046219300739159
coverage: 0.0
