Experiment: expname : nonparametric_experiment, data : uniform, n_samples : 1000, mediator_dimension : 1, covariate_dimension : 1, alpha : 0.0, beta : 0.0, stochasticity : 1, gamma : 0.3, noise : uniform, 
Running with estimator : ipw, regularization : True, sample_splits : 1, reg_lambda : 0.001, reg_lambda_tilde : 0.001, kernel : linear, density : conditional_kernel, bandwidth : 0.3, bandwidth_mode : heuristic, epsilon : 0.1, normalized : True, random_seed : 27, 
bias_direct: 0.0838638827696202
rmse_direct: 0.10111711150640953
bias_indirect: 0.024240817046868188
rmse_indirect: 0.033035843443808596
bias_total: 0.08300216762526522
rmse_total: 0.10193281057415307
bias_mr: 0.08880923256933931
rmse_mr: 0.10495529837295775
coverage: 0.0
