Experiment: expname : nonparametric_experiment, data : uniform, n_samples : 1000, mediator_dimension : 1, covariate_dimension : 1, alpha : 0.0, beta : 0.0, stochasticity : 1, gamma : 0.3, noise : uniform, 
Running with estimator : kme_g_computation, regularization : True, sample_splits : 1, reg_lambda : 0.001, reg_lambda_tilde : 0.001, kernel : gauss, density : gaussian, bandwidth : 0.3, bandwidth_mode : heuristic, epsilon : 0.1, normalized : True, random_seed : 81, 
bias_direct: 0.14378479256661258
rmse_direct: 0.1742651114205197
bias_indirect: 0.16156365825269778
rmse_indirect: 0.1924274473074795
bias_total: 0.027019070682163828
rmse_total: 0.0306378589788164
bias_mr: 0.15012055627880472
rmse_mr: 0.17848024920738445
coverage: 0.0
