Experiment: expname : baselines_experiment, data : uniform, n_samples : 5000, mediator_dimension : 1, covariate_dimension : 1, alpha : 0.5, beta : 0.25, stochasticity : 1, gamma : 0.3, noise : uniform, 
Running with estimator : ipw, regularization : True, sample_splits : 1, reg_lambda : 0.001, reg_lambda_tilde : 0.001, kernel : gauss, density : gaussian, bandwidth : 0.3, bandwidth_mode : heuristic, epsilon : 0.3, normalized : True, random_seed : 20, 
bias_direct: 0.10152742427260715
rmse_direct: 0.12519075450680445
bias_indirect: 0.0698275862068966
rmse_indirect: 0.07936276378669076
bias_total: 0.07114720522469167
rmse_total: 0.07961406017777585
bias_mr: 0.1288867643926994
rmse_mr: 0.18374708331938983
coverage: 0.0
