Experiment: expname : nonparametric_experiment, data : uniform, n_samples : 500, mediator_dimension : 1, covariate_dimension : 1, alpha : 0.0, beta : 0.0, stochasticity : 1, gamma : 0.3, noise : uniform, 
Running with estimator : kme_dml, regularization : True, sample_splits : 1, reg_lambda : 0.001, reg_lambda_tilde : 0.001, kernel : linear, density : gaussian, bandwidth : 0.3, bandwidth_mode : heuristic, epsilon : 0.1, normalized : True, random_seed : 96, 
bias_direct: 0.14519538023473771
rmse_direct: 0.17543338839582223
bias_indirect: 0.03766678969645137
rmse_indirect: 0.042971215105316526
bias_total: 0.14557791952001173
rmse_total: 0.17740085396734248
bias_mr: 0.08791164622759468
rmse_mr: 0.10318839480756668
coverage: 1.0
