Experiment: expname : nonparametric_experiment, data : uniform, n_samples : 500, mediator_dimension : 1, covariate_dimension : 1, alpha : 0.0, beta : 0.0, stochasticity : 1, gamma : 0.3, noise : uniform, 
Running with estimator : kme_dml, regularization : True, sample_splits : 1, reg_lambda : 0.001, reg_lambda_tilde : 0.001, kernel : gauss, density : gaussian, bandwidth : 0.3, bandwidth_mode : heuristic, epsilon : 0.1, normalized : True, random_seed : 20, 
bias_direct: 0.019537598674457243
rmse_direct: 0.022219649824757257
bias_indirect: 0.028486182949473422
rmse_indirect: 0.04057437823720952
bias_total: 0.03343220687986102
rmse_total: 0.044811202561054246
bias_mr: 0.08143100739852253
rmse_mr: 0.08603140672904823
coverage: 1.0
