Experiment: expname : nonparametric_experiment, data : uniform, n_samples : 1000, mediator_dimension : 1, covariate_dimension : 1, alpha : 0.0, beta : 0.0, stochasticity : 1, gamma : 0.3, noise : uniform, 
Running with estimator : kme_dml, regularization : True, sample_splits : 1, reg_lambda : 0.001, reg_lambda_tilde : 0.001, kernel : gauss, density : conditional_kernel, bandwidth : 0.3, bandwidth_mode : heuristic, epsilon : 0.1, normalized : True, random_seed : 53, 
bias_direct: 0.05401295881128929
rmse_direct: 0.08364219238720179
bias_indirect: 0.03282929288434594
rmse_indirect: 0.043402840144005944
bias_total: 0.08071384078982613
rmse_total: 0.09519810662188347
bias_mr: 0.05001258821044911
rmse_mr: 0.06958285963463061
coverage: 0.896551724137931
