Experiment: expname : nonparametric_experiment, data : uniform, n_samples : 1000, mediator_dimension : 1, covariate_dimension : 1, alpha : 0.0, beta : 0.0, stochasticity : 1, gamma : 0.3, noise : uniform, 
Running with estimator : ipw, regularization : True, sample_splits : 1, reg_lambda : 0.001, reg_lambda_tilde : 0.001, kernel : linear, density : conditional_kernel, bandwidth : 0.3, bandwidth_mode : heuristic, epsilon : 0.1, normalized : True, random_seed : 89, 
bias_direct: 0.0773002919496905
rmse_direct: 0.08847549293159397
bias_indirect: 0.035810719375783506
rmse_indirect: 0.04291878524531526
bias_total: 0.06313322378711204
rmse_total: 0.07548385996833958
bias_mr: 0.05259889045110458
rmse_mr: 0.06996693816238277
coverage: 0.0
