Experiment: expname : nonparametric_experiment, data : uniform, n_samples : 1000, mediator_dimension : 1, covariate_dimension : 1, alpha : 0.0, beta : 0.0, stochasticity : 1, gamma : 0.3, noise : uniform, 
Running with estimator : kme_g_computation, regularization : True, sample_splits : 1, reg_lambda : 0.001, reg_lambda_tilde : 0.001, kernel : gauss, density : gaussian, bandwidth : 0.3, bandwidth_mode : heuristic, epsilon : 0.1, normalized : True, random_seed : 3, 
bias_direct: 0.16276455232318388
rmse_direct: 0.18388110690612505
bias_indirect: 0.21367082407789068
rmse_indirect: 0.23613466737757036
bias_total: 0.05090627175470673
rmse_total: 0.05440216744809139
bias_mr: 0.16656371935634817
rmse_mr: 0.18795932387285857
coverage: 0.0
