Experiment: expname : nonparametric_experiment, data : uniform, n_samples : 1000, mediator_dimension : 1, covariate_dimension : 1, alpha : 0.0, beta : 0.0, stochasticity : 1, gamma : 0.3, noise : uniform, 
Running with estimator : ipw, regularization : True, sample_splits : 1, reg_lambda : 0.001, reg_lambda_tilde : 0.001, kernel : gauss, density : conditional_kernel, bandwidth : 0.3, bandwidth_mode : heuristic, epsilon : 0.1, normalized : True, random_seed : 59, 
bias_direct: 0.042345842379643096
rmse_direct: 0.06186573476322165
bias_indirect: 0.023709278761300637
rmse_indirect: 0.029820735293008223
bias_total: 0.05004411880476872
rmse_total: 0.06145825383798368
bias_mr: 0.05635533258335717
rmse_mr: 0.07160629559048988
coverage: 0.0
