Experiment: expname : nonparametric_experiment, data : uniform, n_samples : 500, mediator_dimension : 1, covariate_dimension : 1, alpha : 0.0, beta : 0.0, stochasticity : 1, gamma : 0.3, noise : uniform, 
Running with estimator : kme_g_computation, regularization : True, sample_splits : 1, reg_lambda : 0.001, reg_lambda_tilde : 0.001, kernel : gauss, density : gaussian, bandwidth : 0.3, bandwidth_mode : heuristic, epsilon : 0.1, normalized : True, random_seed : 53, 
bias_direct: 0.15258677104449073
rmse_direct: 0.17844307834094741
bias_indirect: 0.1745391986969576
rmse_indirect: 0.1982777499815918
bias_total: 0.04295371040887947
rmse_total: 0.054325801480787424
bias_mr: 0.1561730874011647
rmse_mr: 0.1819679387569065
coverage: 0.0
