Experiment: expname : baselines_experiment, data : uniform, n_samples : 1000, mediator_dimension : 1, covariate_dimension : 1, alpha : 0.5, beta : 0.25, stochasticity : 1, gamma : 0.3, noise : uniform, 
Running with estimator : ipw, regularization : True, sample_splits : 1, reg_lambda : 0.001, reg_lambda_tilde : 0.001, kernel : gauss, density : gaussian, bandwidth : 0.3, bandwidth_mode : heuristic, epsilon : 0.3, normalized : True, random_seed : 72, 
bias_direct: 0.1985284170203943
rmse_direct: 0.2528464727665493
bias_indirect: 0.06982758620689664
rmse_indirect: 0.07936276378669081
bias_total: 0.19251267677838244
rmse_total: 0.2252974220411734
bias_mr: 0.19016826852490443
rmse_mr: 0.24900068274087683
coverage: 0.0
