Experiment: expname : nonparametric_experiment, data : uniform, n_samples : 500, mediator_dimension : 1, covariate_dimension : 1, alpha : 0.0, beta : 0.0, stochasticity : 1, gamma : 0.3, noise : uniform, 
Running with estimator : kme_g_computation, regularization : True, sample_splits : 1, reg_lambda : 0.001, reg_lambda_tilde : 0.001, kernel : linear, density : conditional_kernel, bandwidth : 0.3, bandwidth_mode : heuristic, epsilon : 0.1, normalized : True, random_seed : 55, 
bias_direct: 0.17873803289842902
rmse_direct: 0.20297952773010555
bias_indirect: 0.12027666775457968
rmse_indirect: 0.1367008256762781
bias_total: 0.058461365143849316
rmse_total: 0.06644906247163315
bias_mr: 0.17979351205251035
rmse_mr: 0.20723701055469027
coverage: 0.0
