Experiment: expname : nonparametric_experiment, data : uniform, n_samples : 1000, mediator_dimension : 1, covariate_dimension : 1, alpha : 0.0, beta : 0.0, stochasticity : 1, gamma : 0.3, noise : uniform, 
Running with estimator : kme_dml, regularization : True, sample_splits : 1, reg_lambda : 0.001, reg_lambda_tilde : 0.001, kernel : linear, density : conditional_kernel, bandwidth : 0.3, bandwidth_mode : heuristic, epsilon : 0.1, normalized : True, random_seed : 87, 
bias_direct: 0.03857258114784192
rmse_direct: 0.04325206607513244
bias_indirect: 0.016265573943208406
rmse_indirect: 0.02189449089183044
bias_total: 0.0401418051220501
rmse_total: 0.048243620346641654
bias_mr: 0.03433088874762702
rmse_mr: 0.044790470904383685
coverage: 1.0
