Experiment: expname : nonparametric_experiment, data : uniform, n_samples : 5000, mediator_dimension : 1, covariate_dimension : 1, alpha : 0.0, beta : 0.0, stochasticity : 1, gamma : 0.3, noise : uniform, 
Running with estimator : kme_dml, regularization : True, sample_splits : 1, reg_lambda : 0.001, reg_lambda_tilde : 0.001, kernel : gauss, density : gaussian, bandwidth : 0.3, bandwidth_mode : heuristic, epsilon : 0.1, normalized : True, random_seed : 27, 
bias_direct: 0.018083490479064615
rmse_direct: 0.0200106752170894
bias_indirect: 0.00900417556558605
rmse_indirect: 0.01172091755566379
bias_total: 0.019482259782768085
rmse_total: 0.02275514215099689
bias_mr: 0.019221616454457767
rmse_mr: 0.022545097122492495
coverage: 1.0
