Experiment: expname : nonparametric_experiment, data : uniform, n_samples : 500, mediator_dimension : 1, covariate_dimension : 1, alpha : 0.0, beta : 0.0, stochasticity : 1, gamma : 0.3, noise : uniform, 
Running with estimator : ipw, regularization : True, sample_splits : 1, reg_lambda : 0.001, reg_lambda_tilde : 0.001, kernel : linear, density : gaussian, bandwidth : 0.3, bandwidth_mode : heuristic, epsilon : 0.1, normalized : True, random_seed : 83, 
bias_direct: 0.14781648132410802
rmse_direct: 0.17826605446410193
bias_indirect: 0.06982758620689661
rmse_indirect: 0.07936276378669078
bias_total: 0.16466714494243925
rmse_total: 0.18526439238637407
bias_mr: 0.13874557380355537
rmse_mr: 0.1701493215786763
coverage: 0.0
