Experiment: expname : baselines_experiment, data : uniform, n_samples : 500, mediator_dimension : 1, covariate_dimension : 1, alpha : 0.5, beta : 0.25, stochasticity : 1, gamma : 0.3, noise : uniform, 
Running with estimator : kme_g_computation, regularization : True, sample_splits : 1, reg_lambda : 0.001, reg_lambda_tilde : 0.001, kernel : gauss, density : gaussian, bandwidth : 0.3, bandwidth_mode : heuristic, epsilon : 0.3, normalized : True, random_seed : 58, 
bias_direct: 0.4223209708448689
rmse_direct: 0.5386336780204266
bias_indirect: 0.3816764906402599
rmse_indirect: 0.5156060512157463
bias_total: 0.09085623621452003
rmse_total: 0.10821986496200718
bias_mr: 0.42812915416255715
rmse_mr: 0.5449597032034875
coverage: 0.0
