Experiment: expname : nonparametric_experiment, data : uniform, n_samples : 500, mediator_dimension : 1, covariate_dimension : 1, alpha : 0.0, beta : 0.0, stochasticity : 1, gamma : 0.3, noise : uniform, 
Running with estimator : kme_dml, regularization : True, sample_splits : 1, reg_lambda : 0.001, reg_lambda_tilde : 0.001, kernel : linear, density : gaussian, bandwidth : 0.3, bandwidth_mode : heuristic, epsilon : 0.1, normalized : True, random_seed : 24, 
bias_direct: 0.025698432087326667
rmse_direct: 0.03237650353307567
bias_indirect: 0.04294859396507959
rmse_indirect: 0.053551631125209144
bias_total: 0.043993592767301755
rmse_total: 0.05517334137324429
bias_mr: 0.11846951008666004
rmse_mr: 0.12099580699874488
coverage: 1.0
