Experiment: expname : nonparametric_experiment, data : uniform, n_samples : 1000, mediator_dimension : 1, covariate_dimension : 1, alpha : 0.0, beta : 0.0, stochasticity : 1, gamma : 0.3, noise : uniform, 
Running with estimator : ipw, regularization : True, sample_splits : 1, reg_lambda : 0.001, reg_lambda_tilde : 0.001, kernel : gauss, density : conditional_kernel, bandwidth : 0.3, bandwidth_mode : heuristic, epsilon : 0.1, normalized : True, random_seed : 80, 
bias_direct: 0.037660296048016115
rmse_direct: 0.0505510581439758
bias_indirect: 0.06122698130580971
rmse_indirect: 0.06590805312910951
bias_total: 0.05992621381594737
rmse_total: 0.0706437637812389
bias_mr: 0.06072444300120595
rmse_mr: 0.06913655894376233
coverage: 0.0
