Experiment: expname : nonparametric_experiment, data : uniform, n_samples : 500, mediator_dimension : 1, covariate_dimension : 1, alpha : 0.0, beta : 0.0, stochasticity : 1, gamma : 0.3, noise : uniform, 
Running with estimator : kme_g_computation, regularization : True, sample_splits : 1, reg_lambda : 0.001, reg_lambda_tilde : 0.001, kernel : linear, density : gaussian, bandwidth : 0.3, bandwidth_mode : heuristic, epsilon : 0.1, normalized : True, random_seed : 11, 
bias_direct: 0.18801955150069344
rmse_direct: 0.2138173974447299
bias_indirect: 0.19389345908769273
rmse_indirect: 0.22037021409923702
bias_total: 0.005873907586999289
rmse_total: 0.007047913741692111
bias_mr: 0.19109069138355983
rmse_mr: 0.22146108561614436
coverage: 0.0
