Experiment: expname : nonparametric_experiment, data : uniform, n_samples : 500, mediator_dimension : 1, covariate_dimension : 1, alpha : 0.0, beta : 0.0, stochasticity : 1, gamma : 0.3, noise : uniform, 
Running with estimator : ipw, regularization : True, sample_splits : 1, reg_lambda : 0.001, reg_lambda_tilde : 0.001, kernel : linear, density : conditional_kernel, bandwidth : 0.3, bandwidth_mode : heuristic, epsilon : 0.1, normalized : True, random_seed : 67, 
bias_direct: 0.14224784416113345
rmse_direct: 0.1668180604691489
bias_indirect: 0.020690500832606623
rmse_indirect: 0.026604105789324685
bias_total: 0.12678681511016118
rmse_total: 0.15112539581240686
bias_mr: 0.14959829924980006
rmse_mr: 0.1685509939756358
coverage: 0.0
