Experiment: expname : baselines_experiment, data : uniform, n_samples : 5000, mediator_dimension : 1, covariate_dimension : 1, alpha : 0.5, beta : 0.25, stochasticity : 1, gamma : 0.3, noise : uniform, 
Running with estimator : ipw, regularization : True, sample_splits : 1, reg_lambda : 0.001, reg_lambda_tilde : 0.001, kernel : gauss, density : gaussian, bandwidth : 0.3, bandwidth_mode : heuristic, epsilon : 0.3, normalized : True, random_seed : 6, 
bias_direct: 0.07516713552481472
rmse_direct: 0.09651938147510329
bias_indirect: 0.06982758620689661
rmse_indirect: 0.0793627637866908
bias_total: 0.06711179970473934
rmse_total: 0.08274341601890027
bias_mr: 0.14978890529198544
rmse_mr: 0.18097505397613892
coverage: 0.0
