Experiment: expname : nonparametric_experiment, data : uniform, n_samples : 1000, mediator_dimension : 1, covariate_dimension : 1, alpha : 0.0, beta : 0.0, stochasticity : 1, gamma : 0.3, noise : uniform, 
Running with estimator : kme_g_computation, regularization : True, sample_splits : 1, reg_lambda : 0.001, reg_lambda_tilde : 0.001, kernel : gauss, density : gaussian, bandwidth : 0.3, bandwidth_mode : heuristic, epsilon : 0.1, normalized : True, random_seed : 9, 
bias_direct: 0.19607469267163274
rmse_direct: 0.22044075075748176
bias_indirect: 0.053508890896915254
rmse_indirect: 0.07825088728728205
bias_total: 0.14279325844383364
rmse_total: 0.15467765597361346
bias_mr: 0.1991085595992711
rmse_mr: 0.2249093801149199
coverage: 0.0
