Experiment: expname : nonparametric_experiment, data : uniform, n_samples : 1000, mediator_dimension : 1, covariate_dimension : 1, alpha : 0.0, beta : 0.0, stochasticity : 1, gamma : 0.3, noise : uniform, 
Running with estimator : ipw, regularization : True, sample_splits : 1, reg_lambda : 0.001, reg_lambda_tilde : 0.001, kernel : gauss, density : gaussian, bandwidth : 0.3, bandwidth_mode : heuristic, epsilon : 0.1, normalized : True, random_seed : 7, 
bias_direct: 0.18528066723881695
rmse_direct: 0.22395837380952344
bias_indirect: 0.06982758620689662
rmse_indirect: 0.07936276378669078
bias_total: 0.14953340174154492
rmse_total: 0.18064282750668947
bias_mr: 0.19387242212369946
rmse_mr: 0.21744533095218033
coverage: 0.0
