Experiment: expname : nonparametric_experiment, data : uniform, n_samples : 1000, mediator_dimension : 1, covariate_dimension : 1, alpha : 0.0, beta : 0.0, stochasticity : 1, gamma : 0.3, noise : uniform, 
Running with estimator : kme_g_computation, regularization : True, sample_splits : 1, reg_lambda : 0.001, reg_lambda_tilde : 0.001, kernel : linear, density : gaussian, bandwidth : 0.3, bandwidth_mode : heuristic, epsilon : 0.1, normalized : True, random_seed : 24, 
bias_direct: 0.17207132819360094
rmse_direct: 0.1954277867331029
bias_indirect: 0.16944876841921974
rmse_indirect: 0.19258757781614294
bias_total: 0.0035877428438856663
rmse_total: 0.00532744932967778
bias_mr: 0.17173752745132828
rmse_mr: 0.19577910641789756
coverage: 0.0
