Experiment: expname : nonparametric_experiment, data : uniform, n_samples : 500, mediator_dimension : 1, covariate_dimension : 1, alpha : 0.0, beta : 0.0, stochasticity : 1, gamma : 0.3, noise : uniform, 
Running with estimator : kme_g_computation, regularization : True, sample_splits : 1, reg_lambda : 0.001, reg_lambda_tilde : 0.001, kernel : linear, density : gaussian, bandwidth : 0.3, bandwidth_mode : heuristic, epsilon : 0.1, normalized : True, random_seed : 24, 
bias_direct: 0.18840829004317222
rmse_direct: 0.21443021428705386
bias_indirect: 0.15428944506770087
rmse_indirect: 0.1753581250698623
bias_total: 0.03411884497547139
rmse_total: 0.03936452359829013
bias_mr: 0.19620632568790344
rmse_mr: 0.23077087620119943
coverage: 0.0
