Experiment: expname : nonparametric_experiment, data : uniform, n_samples : 500, mediator_dimension : 1, covariate_dimension : 1, alpha : 0.0, beta : 0.0, stochasticity : 1, gamma : 0.3, noise : uniform, 
Running with estimator : kme_dml, regularization : True, sample_splits : 1, reg_lambda : 0.001, reg_lambda_tilde : 0.001, kernel : linear, density : gaussian, bandwidth : 0.3, bandwidth_mode : heuristic, epsilon : 0.1, normalized : True, random_seed : 34, 
bias_direct: 0.03726384949234106
rmse_direct: 0.061464942116799454
bias_indirect: 0.018320304304852732
rmse_indirect: 0.02645413025968959
bias_total: 0.051001820022964495
rmse_total: 0.07518190880719863
bias_mr: 0.06371457499796383
rmse_mr: 0.08015866337492239
coverage: 1.0
