Experiment: expname : nonparametric_experiment, data : uniform, n_samples : 500, mediator_dimension : 1, covariate_dimension : 1, alpha : 0.0, beta : 0.0, stochasticity : 1, gamma : 0.3, noise : uniform, 
Running with estimator : ipw, regularization : True, sample_splits : 1, reg_lambda : 0.001, reg_lambda_tilde : 0.001, kernel : linear, density : gaussian, bandwidth : 0.3, bandwidth_mode : heuristic, epsilon : 0.1, normalized : True, random_seed : 57, 
bias_direct: 0.1481241132548352
rmse_direct: 0.18174101663438127
bias_indirect: 0.06982758620689661
rmse_indirect: 0.07936276378669077
bias_total: 0.09614545826055047
rmse_total: 0.12148500973659969
bias_mr: 0.14722176181797972
rmse_mr: 0.1859251587561651
coverage: 0.0
