Experiment: expname : nonparametric_experiment, data : uniform, n_samples : 500, mediator_dimension : 1, covariate_dimension : 1, alpha : 0.0, beta : 0.0, stochasticity : 1, gamma : 0.3, noise : uniform, 
Running with estimator : kme_dml, regularization : True, sample_splits : 1, reg_lambda : 0.001, reg_lambda_tilde : 0.001, kernel : linear, density : conditional_kernel, bandwidth : 0.3, bandwidth_mode : heuristic, epsilon : 0.1, normalized : True, random_seed : 26, 
bias_direct: 0.10018272368442396
rmse_direct: 0.1108025680480652
bias_indirect: 0.03312229667579824
rmse_indirect: 0.03734438130906404
bias_total: 0.08621141769800234
rmse_total: 0.10027208507102718
bias_mr: 0.10166187697231194
rmse_mr: 0.11204490118070616
coverage: 0.9655172413793104
