Experiment: expname : nonparametric_experiment, data : uniform, n_samples : 5000, mediator_dimension : 1, covariate_dimension : 1, alpha : 0.0, beta : 0.0, stochasticity : 1, gamma : 0.3, noise : uniform, 
Running with estimator : kme_g_computation, regularization : True, sample_splits : 1, reg_lambda : 0.001, reg_lambda_tilde : 0.001, kernel : linear, density : gaussian, bandwidth : 0.3, bandwidth_mode : heuristic, epsilon : 0.1, normalized : True, random_seed : 87, 
bias_direct: 0.15596839116048505
rmse_direct: 0.1771726903185332
bias_indirect: 0.14861679540554168
rmse_indirect: 0.16891091237620753
bias_total: 0.007351595754943371
rmse_total: 0.00865430778634646
bias_mr: 0.156122354898668
rmse_mr: 0.17742001249989245
coverage: 0.0
