Experiment: expname : nonparametric_experiment, data : uniform, n_samples : 1000, mediator_dimension : 1, covariate_dimension : 1, alpha : 0.0, beta : 0.0, stochasticity : 1, gamma : 0.3, noise : uniform, 
Running with estimator : ipw, regularization : True, sample_splits : 1, reg_lambda : 0.001, reg_lambda_tilde : 0.001, kernel : linear, density : conditional_kernel, bandwidth : 0.3, bandwidth_mode : heuristic, epsilon : 0.1, normalized : True, random_seed : 16, 
bias_direct: 0.11679906541565298
rmse_direct: 0.14834814894052178
bias_indirect: 0.04777875324487321
rmse_indirect: 0.05444442451266987
bias_total: 0.08112116797000506
rmse_total: 0.10992563807092373
bias_mr: 0.09059525966219593
rmse_mr: 0.10996164783177356
coverage: 0.0
