Experiment: expname : nonparametric_experiment, data : uniform, n_samples : 5000, mediator_dimension : 1, covariate_dimension : 1, alpha : 0.0, beta : 0.0, stochasticity : 1, gamma : 0.3, noise : uniform, 
Running with estimator : kme_dml, regularization : True, sample_splits : 1, reg_lambda : 0.001, reg_lambda_tilde : 0.001, kernel : gauss, density : conditional_kernel, bandwidth : 0.3, bandwidth_mode : heuristic, epsilon : 0.1, normalized : True, random_seed : 18, 
bias_direct: 0.03033275031074629
rmse_direct: 0.03614407656700795
bias_indirect: 0.006507175423365729
rmse_indirect: 0.007896857228620173
bias_total: 0.026771477030316286
rmse_total: 0.03516139531069131
bias_mr: 0.02614670435896218
rmse_mr: 0.03506902171353902
coverage: 0.9310344827586207
