Experiment: expname : nonparametric_experiment, data : uniform, n_samples : 500, mediator_dimension : 1, covariate_dimension : 1, alpha : 0.0, beta : 0.0, stochasticity : 1, gamma : 0.3, noise : uniform, 
Running with estimator : kme_g_computation, regularization : True, sample_splits : 1, reg_lambda : 0.001, reg_lambda_tilde : 0.001, kernel : linear, density : conditional_kernel, bandwidth : 0.3, bandwidth_mode : heuristic, epsilon : 0.1, normalized : True, random_seed : 29, 
bias_direct: 0.17707784533372972
rmse_direct: 0.20167246160042324
bias_indirect: 0.18471999845961307
rmse_indirect: 0.2099440094109517
bias_total: 0.007642153125883323
rmse_total: 0.010838063814100327
bias_mr: 0.17610000009497165
rmse_mr: 0.20029186891033351
coverage: 0.0
