Experiment: expname : nonparametric_experiment, data : uniform, n_samples : 500, mediator_dimension : 1, covariate_dimension : 1, alpha : 0.0, beta : 0.0, stochasticity : 1, gamma : 0.3, noise : uniform, 
Running with estimator : kme_dml, regularization : True, sample_splits : 1, reg_lambda : 0.001, reg_lambda_tilde : 0.001, kernel : gauss, density : conditional_kernel, bandwidth : 0.3, bandwidth_mode : heuristic, epsilon : 0.1, normalized : True, random_seed : 6, 
bias_direct: 0.058953612914739585
rmse_direct: 0.08348938473775822
bias_indirect: 0.09040625516553956
rmse_indirect: 0.1020580612430129
bias_total: 0.14695708615492714
rmse_total: 0.17657395938386905
bias_mr: 0.09180988841923438
rmse_mr: 0.10627775478714846
coverage: 1.0
