Experiment: expname : nonparametric_experiment, data : uniform, n_samples : 5000, mediator_dimension : 1, covariate_dimension : 1, alpha : 0.0, beta : 0.0, stochasticity : 1, gamma : 0.3, noise : uniform, 
Running with estimator : kme_dml, regularization : True, sample_splits : 1, reg_lambda : 0.001, reg_lambda_tilde : 0.001, kernel : linear, density : gaussian, bandwidth : 0.3, bandwidth_mode : heuristic, epsilon : 0.1, normalized : True, random_seed : 17, 
bias_direct: 0.044288432719662936
rmse_direct: 0.05419374047695302
bias_indirect: 0.006303684054565143
rmse_indirect: 0.007264137497081674
bias_total: 0.044790045207170996
rmse_total: 0.05161852114132064
bias_mr: 0.03489652831734666
rmse_mr: 0.043255807289814555
coverage: 1.0
