Experiment: expname : nonparametric_experiment, data : uniform, n_samples : 500, mediator_dimension : 1, covariate_dimension : 1, alpha : 0.0, beta : 0.0, stochasticity : 1, gamma : 0.3, noise : uniform, 
Running with estimator : kme_g_computation, regularization : True, sample_splits : 1, reg_lambda : 0.001, reg_lambda_tilde : 0.001, kernel : linear, density : conditional_kernel, bandwidth : 0.3, bandwidth_mode : heuristic, epsilon : 0.1, normalized : True, random_seed : 41, 
bias_direct: 0.16368842491896587
rmse_direct: 0.1863024412791045
bias_indirect: 0.16730877464261365
rmse_indirect: 0.19015532103096283
bias_total: 0.004053903438953869
rmse_total: 0.0061168149181131766
bias_mr: 0.16270336409092057
rmse_mr: 0.1854520602138812
coverage: 0.0
