Experiment: expname : baselines_experiment, data : uniform, n_samples : 5000, mediator_dimension : 1, covariate_dimension : 1, alpha : 0.5, beta : 0.25, stochasticity : 1, gamma : 0.3, noise : uniform, 
Running with estimator : kme_g_computation, regularization : True, sample_splits : 1, reg_lambda : 0.001, reg_lambda_tilde : 0.001, kernel : gauss, density : gaussian, bandwidth : 0.3, bandwidth_mode : heuristic, epsilon : 0.3, normalized : True, random_seed : 97, 
bias_direct: 0.37099299719677675
rmse_direct: 0.48028986114401606
bias_indirect: 0.406052812323098
rmse_indirect: 0.5290575862874382
bias_total: 0.04218993405174259
rmse_total: 0.06836801551015528
bias_mr: 0.39482957060752305
rmse_mr: 0.5138009768428315
coverage: 0.0
