Experiment: expname : nonparametric_experiment, data : uniform, n_samples : 1000, mediator_dimension : 1, covariate_dimension : 1, alpha : 0.0, beta : 0.0, stochasticity : 1, gamma : 0.3, noise : uniform, 
Running with estimator : kme_dml, regularization : True, sample_splits : 1, reg_lambda : 0.001, reg_lambda_tilde : 0.001, kernel : gauss, density : conditional_kernel, bandwidth : 0.3, bandwidth_mode : heuristic, epsilon : 0.1, normalized : True, random_seed : 17, 
bias_direct: 0.05901058343164537
rmse_direct: 0.06637181289074337
bias_indirect: 0.022509898509268034
rmse_indirect: 0.03283014155749861
bias_total: 0.054330737167322465
rmse_total: 0.060089867711460895
bias_mr: 0.06065553011826883
rmse_mr: 0.06894841781109194
coverage: 1.0
