Experiment: expname : nonparametric_experiment, data : uniform, n_samples : 500, mediator_dimension : 1, covariate_dimension : 1, alpha : 0.0, beta : 0.0, stochasticity : 1, gamma : 0.3, noise : uniform, 
Running with estimator : kme_dml, regularization : True, sample_splits : 1, reg_lambda : 0.001, reg_lambda_tilde : 0.001, kernel : gauss, density : conditional_kernel, bandwidth : 0.3, bandwidth_mode : heuristic, epsilon : 0.1, normalized : True, random_seed : 63, 
bias_direct: 0.019511950316332387
rmse_direct: 0.02512642978637303
bias_indirect: 0.03319121492904061
rmse_indirect: 0.03607209372297445
bias_total: 0.04803680573411025
rmse_total: 0.053637902479927876
bias_mr: 0.027934311990341174
rmse_mr: 0.031700872231425356
coverage: 1.0
