Experiment: expname : baselines_experiment, data : uniform, n_samples : 5000, mediator_dimension : 1, covariate_dimension : 1, alpha : 0.5, beta : 0.25, stochasticity : 1, gamma : 0.3, noise : uniform, 
Running with estimator : linear, regularization : True, sample_splits : 1, reg_lambda : 0.001, reg_lambda_tilde : 0.001, kernel : gauss, density : gaussian, bandwidth : 0.3, bandwidth_mode : heuristic, epsilon : 0.3, normalized : True, random_seed : 5, 
bias_direct: 0.303295584784308
rmse_direct: 0.3471914434479754
bias_indirect: 0.00510528868354586
rmse_indirect: 0.005802431988048564
bias_total: 0.30776554865390154
rmse_total: 0.35215190486500747
bias_mr: 0.2868301279618375
rmse_mr: 0.3060099549464561
coverage: 0.0
