Experiment: expname : baselines_experiment, data : uniform, n_samples : 5000, mediator_dimension : 1, covariate_dimension : 1, alpha : 0.5, beta : 0.25, stochasticity : 1, gamma : 0.3, noise : uniform, 
Running with estimator : linear, regularization : True, sample_splits : 1, reg_lambda : 0.001, reg_lambda_tilde : 0.001, kernel : gauss, density : gaussian, bandwidth : 0.3, bandwidth_mode : heuristic, epsilon : 0.3, normalized : True, random_seed : 98, 
bias_direct: 0.301234742205611
rmse_direct: 0.3449133097548655
bias_indirect: 0.001962822472495144
rmse_indirect: 0.0022308520844224054
bias_total: 0.3029533023259734
rmse_total: 0.346812678717205
bias_mr: 0.28488391958946335
rmse_mr: 0.30373320081260546
coverage: 0.0
