Experiment: expname : baselines_experiment, data : uniform, n_samples : 1000, mediator_dimension : 1, covariate_dimension : 1, alpha : 0.5, beta : 0.25, stochasticity : 1, gamma : 0.3, noise : uniform, 
Running with estimator : ipw, regularization : True, sample_splits : 1, reg_lambda : 0.001, reg_lambda_tilde : 0.001, kernel : gauss, density : gaussian, bandwidth : 0.3, bandwidth_mode : heuristic, epsilon : 0.3, normalized : True, random_seed : 48, 
bias_direct: 0.11370386506988513
rmse_direct: 0.14690508412727055
bias_indirect: 0.06982758620689661
rmse_indirect: 0.07936276378669078
bias_total: 0.0991104415071363
rmse_total: 0.12124890825028807
bias_mr: 0.17180483127423674
rmse_mr: 0.1939948890525963
coverage: 0.0
