Experiment: expname : nonparametric_experiment, data : uniform, n_samples : 5000, mediator_dimension : 1, covariate_dimension : 1, alpha : 0.0, beta : 0.0, stochasticity : 1, gamma : 0.3, noise : uniform, 
Running with estimator : kme_dml, regularization : True, sample_splits : 1, reg_lambda : 0.001, reg_lambda_tilde : 0.001, kernel : linear, density : conditional_kernel, bandwidth : 0.3, bandwidth_mode : heuristic, epsilon : 0.1, normalized : True, random_seed : 12, 
bias_direct: 0.030480676814438556
rmse_direct: 0.035249867265738644
bias_indirect: 0.018023143827887566
rmse_indirect: 0.021395599326625776
bias_total: 0.04647451295581953
rmse_total: 0.05423848914295872
bias_mr: 0.018219937364941787
rmse_mr: 0.02188907463045973
coverage: 1.0
