Experiment: expname : nonparametric_experiment, data : uniform, n_samples : 5000, mediator_dimension : 1, covariate_dimension : 1, alpha : 0.0, beta : 0.0, stochasticity : 1, gamma : 0.3, noise : uniform, 
Running with estimator : kme_dml, regularization : True, sample_splits : 1, reg_lambda : 0.001, reg_lambda_tilde : 0.001, kernel : gauss, density : gaussian, bandwidth : 0.3, bandwidth_mode : heuristic, epsilon : 0.1, normalized : True, random_seed : 44, 
bias_direct: 0.04877114522725588
rmse_direct: 0.056636711362543085
bias_indirect: 0.012473078528003707
rmse_indirect: 0.016323311180652444
bias_total: 0.04610681905963521
rmse_total: 0.051756521678319595
bias_mr: 0.041515614299562825
rmse_mr: 0.047618847582232005
coverage: 0.896551724137931
