Experiment: expname : nonparametric_experiment, data : uniform, n_samples : 5000, mediator_dimension : 1, covariate_dimension : 1, alpha : 0.0, beta : 0.0, stochasticity : 1, gamma : 0.3, noise : uniform, 
Running with estimator : kme_dml, regularization : True, sample_splits : 1, reg_lambda : 0.001, reg_lambda_tilde : 0.001, kernel : linear, density : gaussian, bandwidth : 0.3, bandwidth_mode : heuristic, epsilon : 0.1, normalized : True, random_seed : 12, 
bias_direct: 0.03341028091051748
rmse_direct: 0.03841947997263551
bias_indirect: 0.01533160750675032
rmse_indirect: 0.01648671101043859
bias_total: 0.04614538427188015
rmse_total: 0.05341655192765966
bias_mr: 0.01763495585738949
rmse_mr: 0.021805566999917737
coverage: 1.0
