Experiment: expname : nonparametric_experiment, data : uniform, n_samples : 500, mediator_dimension : 1, covariate_dimension : 1, alpha : 0.0, beta : 0.0, stochasticity : 1, gamma : 0.3, noise : uniform, 
Running with estimator : kme_dml, regularization : True, sample_splits : 1, reg_lambda : 0.001, reg_lambda_tilde : 0.001, kernel : linear, density : conditional_kernel, bandwidth : 0.3, bandwidth_mode : heuristic, epsilon : 0.1, normalized : True, random_seed : 62, 
bias_direct: 0.08462024879980809
rmse_direct: 0.09696433403392545
bias_indirect: 0.019893909776853746
rmse_indirect: 0.02233695601754627
bias_total: 0.09013316901691004
rmse_total: 0.09829069402342924
bias_mr: 0.10221714098384613
rmse_mr: 0.1195696285162118
coverage: 1.0
