Experiment: expname : baselines_experiment, data : uniform, n_samples : 5000, mediator_dimension : 1, covariate_dimension : 1, alpha : 0.5, beta : 0.25, stochasticity : 1, gamma : 0.3, noise : uniform, 
Running with estimator : kme_dml, regularization : True, sample_splits : 1, reg_lambda : 0.001, reg_lambda_tilde : 0.001, kernel : gauss, density : gaussian, bandwidth : 0.3, bandwidth_mode : heuristic, epsilon : 0.3, normalized : True, random_seed : 63, 
bias_direct: 0.059184112171977214
rmse_direct: 0.06835664447828427
bias_indirect: 0.012144287373227772
rmse_indirect: 0.015845791227169708
bias_total: 0.04927225554146235
rmse_total: 0.06158899128425579
bias_mr: 0.03923564317217047
rmse_mr: 0.043817866593503174
coverage: 0.9655172413793104
