Experiment: expname : nonparametric_experiment, data : uniform, n_samples : 1000, mediator_dimension : 1, covariate_dimension : 1, alpha : 0.0, beta : 0.0, stochasticity : 1, gamma : 0.3, noise : uniform, 
Running with estimator : kme_dml, regularization : True, sample_splits : 1, reg_lambda : 0.001, reg_lambda_tilde : 0.001, kernel : gauss, density : gaussian, bandwidth : 0.3, bandwidth_mode : heuristic, epsilon : 0.1, normalized : True, random_seed : 86, 
bias_direct: 0.03849842411258249
rmse_direct: 0.04881614220201589
bias_indirect: 0.011144825858429007
rmse_indirect: 0.015963208290171196
bias_total: 0.04560110139993752
rmse_total: 0.05278813505078928
bias_mr: 0.08061037179360062
rmse_mr: 0.09745798699511214
coverage: 0.8620689655172413
