Experiment: expname : nonparametric_experiment, data : uniform, n_samples : 500, mediator_dimension : 1, covariate_dimension : 1, alpha : 0.0, beta : 0.0, stochasticity : 1, gamma : 0.3, noise : uniform, 
Running with estimator : kme_g_computation, regularization : True, sample_splits : 1, reg_lambda : 0.001, reg_lambda_tilde : 0.001, kernel : gauss, density : gaussian, bandwidth : 0.3, bandwidth_mode : heuristic, epsilon : 0.1, normalized : True, random_seed : 66, 
bias_direct: 0.13193432277049572
rmse_direct: 0.179479479688128
bias_indirect: 0.1193050944177573
rmse_indirect: 0.1354289285712316
bias_total: 0.09538991199009077
rmse_total: 0.11755125598000288
bias_mr: 0.1861506999757258
rmse_mr: 0.21081517543047054
coverage: 0.0
