Experiment: expname : baselines_experiment, data : uniform, n_samples : 1000, mediator_dimension : 1, covariate_dimension : 1, alpha : 0.5, beta : 0.25, stochasticity : 1, gamma : 0.3, noise : uniform, 
Running with estimator : linear, regularization : True, sample_splits : 1, reg_lambda : 0.001, reg_lambda_tilde : 0.001, kernel : gauss, density : gaussian, bandwidth : 0.3, bandwidth_mode : heuristic, epsilon : 0.3, normalized : True, random_seed : 69, 
bias_direct: 0.34210796714153546
rmse_direct: 0.39009983684942384
bias_indirect: 4.0051621133100655e-05
rmse_indirect: 4.552079657804898e-05
bias_total: 0.3420679155204023
rmse_total: 0.3900595378807644
bias_mr: 0.33081353059825813
rmse_mr: 0.3515549852008129
coverage: 0.0
