Experiment: expname : nonparametric_experiment, data : uniform, n_samples : 1000, mediator_dimension : 1, covariate_dimension : 1, alpha : 0.0, beta : 0.0, stochasticity : 1, gamma : 0.3, noise : uniform, 
Running with estimator : kme_g_computation, regularization : True, sample_splits : 1, reg_lambda : 0.001, reg_lambda_tilde : 0.001, kernel : gauss, density : conditional_kernel, bandwidth : 0.3, bandwidth_mode : heuristic, epsilon : 0.1, normalized : True, random_seed : 65, 
bias_direct: 0.16057761353379027
rmse_direct: 0.18165499937769264
bias_indirect: 0.19053017447321804
rmse_indirect: 0.2216280353913348
bias_total: 0.030132287950483002
rmse_total: 0.04700247121110919
bias_mr: 0.16948002379162033
rmse_mr: 0.19267995564001947
coverage: 0.0
