Experiment: expname : baselines_experiment, data : uniform, n_samples : 5000, mediator_dimension : 1, covariate_dimension : 1, alpha : 0.5, beta : 0.25, stochasticity : 1, gamma : 0.3, noise : uniform, 
Running with estimator : kme_g_computation, regularization : True, sample_splits : 1, reg_lambda : 0.001, reg_lambda_tilde : 0.001, kernel : gauss, density : gaussian, bandwidth : 0.3, bandwidth_mode : heuristic, epsilon : 0.3, normalized : True, random_seed : 2, 
bias_direct: 0.3785281634683454
rmse_direct: 0.49431052842484813
bias_indirect: 0.41077487886084285
rmse_indirect: 0.5398378776565113
bias_total: 0.041875705532772756
rmse_total: 0.06096840822757832
bias_mr: 0.39043675481601814
rmse_mr: 0.5108691469083011
coverage: 0.0
