Experiment: expname : baselines_experiment, data : uniform, n_samples : 500, mediator_dimension : 1, covariate_dimension : 1, alpha : 0.5, beta : 0.25, stochasticity : 1, gamma : 0.3, noise : uniform, 
Running with estimator : ipw, regularization : True, sample_splits : 1, reg_lambda : 0.001, reg_lambda_tilde : 0.001, kernel : gauss, density : gaussian, bandwidth : 0.3, bandwidth_mode : heuristic, epsilon : 0.3, normalized : True, random_seed : 1, 
bias_direct: 0.19590436581478315
rmse_direct: 0.22557090991160655
bias_indirect: 0.0698275862068966
rmse_indirect: 0.07936276378669078
bias_total: 0.18728294778649188
rmse_total: 0.2417172386841294
bias_mr: 0.15533519754799643
rmse_mr: 0.19748302131080314
coverage: 0.0
