Experiment: expname : baselines_experiment, data : uniform, n_samples : 5000, mediator_dimension : 1, covariate_dimension : 1, alpha : 0.5, beta : 0.25, stochasticity : 1, gamma : 0.3, noise : uniform, 
Running with estimator : kme_g_computation, regularization : True, sample_splits : 1, reg_lambda : 0.001, reg_lambda_tilde : 0.001, kernel : gauss, density : gaussian, bandwidth : 0.3, bandwidth_mode : heuristic, epsilon : 0.3, normalized : True, random_seed : 53, 
bias_direct: 0.3543387063912602
rmse_direct: 0.4631961904888388
bias_indirect: 0.41641888334393046
rmse_indirect: 0.5349444803015577
bias_total: 0.062080176952670325
rmse_total: 0.08546476935949396
bias_mr: 0.3857888737084502
rmse_mr: 0.5049762849284193
coverage: 0.0
