Experiment: expname : nonparametric_experiment, data : uniform, n_samples : 1000, mediator_dimension : 1, covariate_dimension : 1, alpha : 0.0, beta : 0.0, stochasticity : 1, gamma : 0.3, noise : uniform, 
Running with estimator : kme_dml, regularization : True, sample_splits : 1, reg_lambda : 0.001, reg_lambda_tilde : 0.001, kernel : gauss, density : gaussian, bandwidth : 0.3, bandwidth_mode : heuristic, epsilon : 0.1, normalized : True, random_seed : 34, 
bias_direct: 0.04910970180292178
rmse_direct: 0.05705436713725231
bias_indirect: 0.020947916652197328
rmse_indirect: 0.02610887823615349
bias_total: 0.05333170904530797
rmse_total: 0.058928031008787476
bias_mr: 0.060847310901682584
rmse_mr: 0.07132277347060105
coverage: 1.0
