Experiment: expname : nonparametric_experiment, data : uniform, n_samples : 500, mediator_dimension : 1, covariate_dimension : 1, alpha : 0.0, beta : 0.0, stochasticity : 1, gamma : 0.3, noise : uniform, 
Running with estimator : kme_g_computation, regularization : True, sample_splits : 1, reg_lambda : 0.001, reg_lambda_tilde : 0.001, kernel : linear, density : gaussian, bandwidth : 0.3, bandwidth_mode : heuristic, epsilon : 0.1, normalized : True, random_seed : 50, 
bias_direct: 0.1506286704736383
rmse_direct: 0.17316255144576467
bias_indirect: 0.13883983103964412
rmse_indirect: 0.15779887008421084
bias_total: 0.01638718288568885
rmse_total: 0.02426318621828026
bias_mr: 0.14976557612078115
rmse_mr: 0.1727088748624219
coverage: 0.0
