Experiment: expname : nonparametric_experiment, data : uniform, n_samples : 500, mediator_dimension : 1, covariate_dimension : 1, alpha : 0.0, beta : 0.0, stochasticity : 1, gamma : 0.3, noise : uniform, 
Running with estimator : kme_g_computation, regularization : True, sample_splits : 1, reg_lambda : 0.001, reg_lambda_tilde : 0.001, kernel : gauss, density : gaussian, bandwidth : 0.3, bandwidth_mode : heuristic, epsilon : 0.1, normalized : True, random_seed : 74, 
bias_direct: 0.14618005481688073
rmse_direct: 0.16304922792432647
bias_indirect: 0.13123829158339922
rmse_indirect: 0.1546374775538355
bias_total: 0.019709988162693183
rmse_total: 0.024624429481616226
bias_mr: 0.15013202305574097
rmse_mr: 0.1730581705372855
coverage: 0.0
