Experiment: expname : nonparametric_experiment, data : uniform, n_samples : 500, mediator_dimension : 1, covariate_dimension : 1, alpha : 0.0, beta : 0.0, stochasticity : 1, gamma : 0.3, noise : uniform, 
Running with estimator : kme_dml, regularization : True, sample_splits : 1, reg_lambda : 0.001, reg_lambda_tilde : 0.001, kernel : linear, density : conditional_kernel, bandwidth : 0.3, bandwidth_mode : heuristic, epsilon : 0.1, normalized : True, random_seed : 93, 
bias_direct: 0.05116870490129148
rmse_direct: 0.09321602613519439
bias_indirect: 0.013762174110087603
rmse_indirect: 0.01541843954204975
bias_total: 0.04443222392242065
rmse_total: 0.09124878835640021
bias_mr: 0.08874875475657394
rmse_mr: 0.12604445852849258
coverage: 0.8620689655172413
