Experiment: expname : nonparametric_experiment, data : uniform, n_samples : 1000, mediator_dimension : 1, covariate_dimension : 1, alpha : 0.0, beta : 0.0, stochasticity : 1, gamma : 0.3, noise : uniform, 
Running with estimator : kme_g_computation, regularization : True, sample_splits : 1, reg_lambda : 0.001, reg_lambda_tilde : 0.001, kernel : gauss, density : conditional_kernel, bandwidth : 0.3, bandwidth_mode : heuristic, epsilon : 0.1, normalized : True, random_seed : 70, 
bias_direct: 0.15249696535168605
rmse_direct: 0.17989558387958826
bias_indirect: 0.17128640053580788
rmse_indirect: 0.21733527642036812
bias_total: 0.05495302249698973
rmse_total: 0.07345178040872759
bias_mr: 0.16472819632878982
rmse_mr: 0.1940781336326181
coverage: 0.0
