Experiment: expname : nonparametric_experiment, data : uniform, n_samples : 5000, mediator_dimension : 1, covariate_dimension : 1, alpha : 0.0, beta : 0.0, stochasticity : 1, gamma : 0.3, noise : uniform, 
Running with estimator : kme_dml, regularization : True, sample_splits : 1, reg_lambda : 0.001, reg_lambda_tilde : 0.001, kernel : linear, density : gaussian, bandwidth : 0.3, bandwidth_mode : heuristic, epsilon : 0.1, normalized : True, random_seed : 67, 
bias_direct: 0.043250854821631435
rmse_direct: 0.05028045202077241
bias_indirect: 0.015755981801038554
rmse_indirect: 0.01868636047350939
bias_total: 0.049737556249345526
rmse_total: 0.05599866551137825
bias_mr: 0.034654004282425606
rmse_mr: 0.039401738182651254
coverage: 1.0
