Experiment: expname : baselines_experiment, data : uniform, n_samples : 500, mediator_dimension : 1, covariate_dimension : 1, alpha : 0.5, beta : 0.25, stochasticity : 1, gamma : 0.3, noise : uniform, 
Running with estimator : ipw, regularization : True, sample_splits : 1, reg_lambda : 0.001, reg_lambda_tilde : 0.001, kernel : gauss, density : gaussian, bandwidth : 0.3, bandwidth_mode : heuristic, epsilon : 0.3, normalized : True, random_seed : 2, 
bias_direct: 0.09994533650041271
rmse_direct: 0.11432422348783527
bias_indirect: 0.0698275862068966
rmse_indirect: 0.07936276378669078
bias_total: 0.08704086718757065
rmse_total: 0.10304658001485788
bias_mr: 0.09656302789775989
rmse_mr: 0.12378393544949225
coverage: 0.0
