Experiment: expname : nonparametric_experiment, data : uniform, n_samples : 5000, mediator_dimension : 1, covariate_dimension : 1, alpha : 0.0, beta : 0.0, stochasticity : 1, gamma : 0.3, noise : uniform, 
Running with estimator : kme_g_computation, regularization : True, sample_splits : 1, reg_lambda : 0.001, reg_lambda_tilde : 0.001, kernel : gauss, density : conditional_kernel, bandwidth : 0.3, bandwidth_mode : heuristic, epsilon : 0.1, normalized : True, random_seed : 60, 
bias_direct: 0.17311135690293306
rmse_direct: 0.19718284000067463
bias_indirect: 0.18569520685108676
rmse_indirect: 0.21323670858164762
bias_total: 0.025642991977693805
rmse_total: 0.03305387336853323
bias_mr: 0.17154935567265664
rmse_mr: 0.19625370240712603
coverage: 0.0
