Experiment: expname : nonparametric_experiment, data : uniform, n_samples : 500, mediator_dimension : 1, covariate_dimension : 1, alpha : 0.0, beta : 0.0, stochasticity : 1, gamma : 0.3, noise : uniform, 
Running with estimator : kme_dml, regularization : True, sample_splits : 1, reg_lambda : 0.001, reg_lambda_tilde : 0.001, kernel : gauss, density : gaussian, bandwidth : 0.3, bandwidth_mode : heuristic, epsilon : 0.1, normalized : True, random_seed : 59, 
bias_direct: 0.06135501360188053
rmse_direct: 0.06825354455751048
bias_indirect: 0.01745175966926119
rmse_indirect: 0.02225312250874145
bias_total: 0.05064639445953474
rmse_total: 0.05613178971869182
bias_mr: 0.0705297382376229
rmse_mr: 0.08012130110896322
coverage: 1.0
