Experiment: expname : nonparametric_experiment, data : uniform, n_samples : 5000, mediator_dimension : 1, covariate_dimension : 1, alpha : 0.0, beta : 0.0, stochasticity : 1, gamma : 0.3, noise : uniform, 
Running with estimator : ipw, regularization : True, sample_splits : 1, reg_lambda : 0.001, reg_lambda_tilde : 0.001, kernel : gauss, density : conditional_kernel, bandwidth : 0.3, bandwidth_mode : heuristic, epsilon : 0.1, normalized : True, random_seed : 0, 
bias_direct: 0.09745749078313513
rmse_direct: 0.12834844632955314
bias_indirect: 0.019195817946010968
rmse_indirect: 0.021615277511278546
bias_total: 0.10458049873203196
rmse_total: 0.13006257155486087
bias_mr: 0.06795305054019918
rmse_mr: 0.09097295063914884
coverage: 0.0
