Experiment: expname : baselines_experiment, data : uniform, n_samples : 5000, mediator_dimension : 1, covariate_dimension : 1, alpha : 0.5, beta : 0.25, stochasticity : 1, gamma : 0.3, noise : uniform, 
Running with estimator : kme_g_computation, regularization : True, sample_splits : 1, reg_lambda : 0.001, reg_lambda_tilde : 0.001, kernel : gauss, density : gaussian, bandwidth : 0.3, bandwidth_mode : heuristic, epsilon : 0.3, normalized : True, random_seed : 45, 
bias_direct: 0.3806890250616091
rmse_direct: 0.49334921767880024
bias_indirect: 0.421869154229789
rmse_indirect: 0.543123597084265
bias_total: 0.04226605197706241
rmse_total: 0.05484323808083251
bias_mr: 0.40334589702060797
rmse_mr: 0.5250998875285251
coverage: 0.0
