Experiment: expname : nonparametric_experiment, data : uniform, n_samples : 1000, mediator_dimension : 1, covariate_dimension : 1, alpha : 0.0, beta : 0.0, stochasticity : 1, gamma : 0.3, noise : uniform, 
Running with estimator : ipw, regularization : True, sample_splits : 1, reg_lambda : 0.001, reg_lambda_tilde : 0.001, kernel : gauss, density : conditional_kernel, bandwidth : 0.3, bandwidth_mode : heuristic, epsilon : 0.1, normalized : True, random_seed : 66, 
bias_direct: 0.08111156655089885
rmse_direct: 0.09784692543321484
bias_indirect: 0.03304545105460869
rmse_indirect: 0.04022070921981462
bias_total: 0.08660391293662859
rmse_total: 0.10054878497344098
bias_mr: 0.07014519382715756
rmse_mr: 0.08785816681834875
coverage: 0.0
