Experiment: expname : nonparametric_experiment, data : uniform, n_samples : 1000, mediator_dimension : 1, covariate_dimension : 1, alpha : 0.0, beta : 0.0, stochasticity : 1, gamma : 0.3, noise : uniform, 
Running with estimator : ipw, regularization : True, sample_splits : 1, reg_lambda : 0.001, reg_lambda_tilde : 0.001, kernel : gauss, density : conditional_kernel, bandwidth : 0.3, bandwidth_mode : heuristic, epsilon : 0.1, normalized : True, random_seed : 54, 
bias_direct: 0.06118946256421862
rmse_direct: 0.08614062602555916
bias_indirect: 0.043216690901407666
rmse_indirect: 0.0483994191492991
bias_total: 0.08506592034427757
rmse_total: 0.10476346368319703
bias_mr: 0.07014308737524486
rmse_mr: 0.08646552606526416
coverage: 0.0
