Experiment: expname : baselines_experiment, data : uniform, n_samples : 1000, mediator_dimension : 1, covariate_dimension : 1, alpha : 0.5, beta : 0.25, stochasticity : 1, gamma : 0.3, noise : uniform, 
Running with estimator : ipw, regularization : True, sample_splits : 1, reg_lambda : 0.001, reg_lambda_tilde : 0.001, kernel : gauss, density : gaussian, bandwidth : 0.3, bandwidth_mode : heuristic, epsilon : 0.3, normalized : True, random_seed : 56, 
bias_direct: 0.18136436853124221
rmse_direct: 0.23082532465001096
bias_indirect: 0.06982758620689661
rmse_indirect: 0.07936276378669078
bias_total: 0.18774907879195832
rmse_total: 0.218531701088624
bias_mr: 0.2231688528160752
rmse_mr: 0.28427133573322083
coverage: 0.0
