Experiment: expname : nonparametric_experiment, data : uniform, n_samples : 500, mediator_dimension : 1, covariate_dimension : 1, alpha : 0.0, beta : 0.0, stochasticity : 1, gamma : 0.3, noise : uniform, 
Running with estimator : kme_g_computation, regularization : True, sample_splits : 1, reg_lambda : 0.001, reg_lambda_tilde : 0.001, kernel : linear, density : conditional_kernel, bandwidth : 0.3, bandwidth_mode : heuristic, epsilon : 0.1, normalized : True, random_seed : 52, 
bias_direct: 0.13431700763845206
rmse_direct: 0.15374064984736735
bias_indirect: 0.13062263891535428
rmse_indirect: 0.1484596218529495
bias_total: 0.019458590628530663
rmse_total: 0.026093490470429522
bias_mr: 0.15244346297477318
rmse_mr: 0.18392236255693376
coverage: 0.0
