Experiment: expname : nonparametric_experiment, data : uniform, n_samples : 500, mediator_dimension : 1, covariate_dimension : 1, alpha : 0.0, beta : 0.0, stochasticity : 1, gamma : 0.3, noise : uniform, 
Running with estimator : kme_dml, regularization : True, sample_splits : 1, reg_lambda : 0.001, reg_lambda_tilde : 0.001, kernel : linear, density : gaussian, bandwidth : 0.3, bandwidth_mode : heuristic, epsilon : 0.1, normalized : True, random_seed : 51, 
bias_direct: 0.05412725284253049
rmse_direct: 0.0632529201837067
bias_indirect: 0.03377320523184286
rmse_indirect: 0.04077822962349381
bias_total: 0.04134684708059605
rmse_total: 0.04858024237581499
bias_mr: 0.07679439137755677
rmse_mr: 0.09667813482922014
coverage: 1.0
