Experiment: expname : nonparametric_experiment, data : uniform, n_samples : 1000, mediator_dimension : 1, covariate_dimension : 1, alpha : 0.0, beta : 0.0, stochasticity : 1, gamma : 0.3, noise : uniform, 
Running with estimator : kme_dml, regularization : True, sample_splits : 1, reg_lambda : 0.001, reg_lambda_tilde : 0.001, kernel : linear, density : conditional_kernel, bandwidth : 0.3, bandwidth_mode : heuristic, epsilon : 0.1, normalized : True, random_seed : 13, 
bias_direct: 0.07501079545305096
rmse_direct: 0.09778846976432418
bias_indirect: 0.029563824357615016
rmse_indirect: 0.0353120510420195
bias_total: 0.07219735881059682
rmse_total: 0.09626266895686135
bias_mr: 0.09929642857119114
rmse_mr: 0.11514346725828363
coverage: 0.7241379310344828
