Experiment: expname : nonparametric_experiment, data : uniform, n_samples : 5000, mediator_dimension : 1, covariate_dimension : 1, alpha : 0.0, beta : 0.0, stochasticity : 1, gamma : 0.3, noise : uniform, 
Running with estimator : kme_g_computation, regularization : True, sample_splits : 1, reg_lambda : 0.001, reg_lambda_tilde : 0.001, kernel : linear, density : gaussian, bandwidth : 0.3, bandwidth_mode : heuristic, epsilon : 0.1, normalized : True, random_seed : 77, 
bias_direct: 0.17310980323477831
rmse_direct: 0.196752540649455
bias_indirect: 0.16456879508698433
rmse_indirect: 0.18704116162909945
bias_total: 0.008541008147793992
rmse_total: 0.009711818935557512
bias_mr: 0.1726034614558689
rmse_mr: 0.1972807467982328
coverage: 0.0
