Experiment: expname : nonparametric_experiment, data : uniform, n_samples : 5000, mediator_dimension : 1, covariate_dimension : 1, alpha : 0.0, beta : 0.0, stochasticity : 1, gamma : 0.3, noise : uniform, 
Running with estimator : kme_dml, regularization : True, sample_splits : 1, reg_lambda : 0.001, reg_lambda_tilde : 0.001, kernel : linear, density : gaussian, bandwidth : 0.3, bandwidth_mode : heuristic, epsilon : 0.1, normalized : True, random_seed : 40, 
bias_direct: 0.027069423556930636
rmse_direct: 0.03187076171179354
bias_indirect: 0.02194045497783275
rmse_indirect: 0.02380177241529002
bias_total: 0.020171822011710246
rmse_total: 0.027276685947715266
bias_mr: 0.04422284616664356
rmse_mr: 0.05015282591525284
coverage: 1.0
