Experiment: expname : nonparametric_experiment, data : uniform, n_samples : 1000, mediator_dimension : 1, covariate_dimension : 1, alpha : 0.0, beta : 0.0, stochasticity : 1, gamma : 0.3, noise : uniform, 
Running with estimator : ipw, regularization : True, sample_splits : 1, reg_lambda : 0.001, reg_lambda_tilde : 0.001, kernel : linear, density : conditional_kernel, bandwidth : 0.3, bandwidth_mode : heuristic, epsilon : 0.1, normalized : True, random_seed : 26, 
bias_direct: 0.09630402227318037
rmse_direct: 0.12501924978789025
bias_indirect: 0.023051885566311568
rmse_indirect: 0.03401595558015343
bias_total: 0.09761296149532449
rmse_total: 0.12242409845575206
bias_mr: 0.0993708962845627
rmse_mr: 0.11679695386400288
coverage: 0.0
