Experiment: expname : nonparametric_experiment, data : uniform, n_samples : 1000, mediator_dimension : 1, covariate_dimension : 1, alpha : 0.0, beta : 0.0, stochasticity : 1, gamma : 0.3, noise : uniform, 
Running with estimator : kme_g_computation, regularization : True, sample_splits : 1, reg_lambda : 0.001, reg_lambda_tilde : 0.001, kernel : gauss, density : conditional_kernel, bandwidth : 0.3, bandwidth_mode : heuristic, epsilon : 0.1, normalized : True, random_seed : 20, 
bias_direct: 0.1579431865945665
rmse_direct: 0.17785670164238135
bias_indirect: 0.19208541914590782
rmse_indirect: 0.21478789983693503
bias_total: 0.0388818097116458
rmse_total: 0.04930939503813869
bias_mr: 0.162094682471453
rmse_mr: 0.18388413475660992
coverage: 0.0
