Experiment: expname : nonparametric_experiment, data : uniform, n_samples : 5000, mediator_dimension : 1, covariate_dimension : 1, alpha : 0.0, beta : 0.0, stochasticity : 1, gamma : 0.3, noise : uniform, 
Running with estimator : kme_dml, regularization : True, sample_splits : 1, reg_lambda : 0.001, reg_lambda_tilde : 0.001, kernel : linear, density : conditional_kernel, bandwidth : 0.3, bandwidth_mode : heuristic, epsilon : 0.1, normalized : True, random_seed : 83, 
bias_direct: 0.027908440703140424
rmse_direct: 0.04035984672304227
bias_indirect: 0.012481792604501793
rmse_indirect: 0.015071026124717831
bias_total: 0.02734759283924844
rmse_total: 0.038122936063329796
bias_mr: 0.02695892360557829
rmse_mr: 0.04122510637730392
coverage: 0.8620689655172413
