Experiment: expname : nonparametric_experiment, data : uniform, n_samples : 500, mediator_dimension : 1, covariate_dimension : 1, alpha : 0.0, beta : 0.0, stochasticity : 1, gamma : 0.3, noise : uniform, 
Running with estimator : ipw, regularization : True, sample_splits : 1, reg_lambda : 0.001, reg_lambda_tilde : 0.001, kernel : gauss, density : conditional_kernel, bandwidth : 0.3, bandwidth_mode : heuristic, epsilon : 0.1, normalized : True, random_seed : 26, 
bias_direct: 0.1606820305585545
rmse_direct: 0.21212227689708626
bias_indirect: 0.04303256916330703
rmse_indirect: 0.05792909031400417
bias_total: 0.15606341178220254
rmse_total: 0.2035000598706777
bias_mr: 0.14428810667770825
rmse_mr: 0.1855874725677499
coverage: 0.0
