Experiment: expname : baselines_experiment, data : uniform, n_samples : 1000, mediator_dimension : 1, covariate_dimension : 1, alpha : 0.5, beta : 0.25, stochasticity : 1, gamma : 0.3, noise : uniform, 
Running with estimator : kme_g_computation, regularization : True, sample_splits : 1, reg_lambda : 0.001, reg_lambda_tilde : 0.001, kernel : gauss, density : gaussian, bandwidth : 0.3, bandwidth_mode : heuristic, epsilon : 0.3, normalized : True, random_seed : 32, 
bias_direct: 0.3959151717149107
rmse_direct: 0.5094250828057181
bias_indirect: 0.44260736354489666
rmse_indirect: 0.5703921138836298
bias_total: 0.050048388228113805
rmse_total: 0.06821377923202
bias_mr: 0.40297769197434
rmse_mr: 0.5172608803733261
coverage: 0.0
