Experiment: expname : nonparametric_experiment, data : uniform, n_samples : 500, mediator_dimension : 1, covariate_dimension : 1, alpha : 0.0, beta : 0.0, stochasticity : 1, gamma : 0.3, noise : uniform, 
Running with estimator : kme_dml, regularization : True, sample_splits : 1, reg_lambda : 0.001, reg_lambda_tilde : 0.001, kernel : linear, density : conditional_kernel, bandwidth : 0.3, bandwidth_mode : heuristic, epsilon : 0.1, normalized : True, random_seed : 1, 
bias_direct: 0.06439553955279553
rmse_direct: 0.08785739379930209
bias_indirect: 0.0336717476228267
rmse_indirect: 0.041321765669054114
bias_total: 0.0925072164218608
rmse_total: 0.12417185846509855
bias_mr: 0.06696884041987784
rmse_mr: 0.08798852731767164
coverage: 1.0
