Experiment: expname : nonparametric_experiment, data : uniform, n_samples : 1000, mediator_dimension : 1, covariate_dimension : 1, alpha : 0.0, beta : 0.0, stochasticity : 1, gamma : 0.3, noise : uniform, 
Running with estimator : kme_dml, regularization : True, sample_splits : 1, reg_lambda : 0.001, reg_lambda_tilde : 0.001, kernel : linear, density : conditional_kernel, bandwidth : 0.3, bandwidth_mode : heuristic, epsilon : 0.1, normalized : True, random_seed : 15, 
bias_direct: 0.14950045119885824
rmse_direct: 0.17060287642656752
bias_indirect: 0.032005505879985366
rmse_indirect: 0.0393033995005167
bias_total: 0.12005734582835052
rmse_total: 0.13593192320476627
bias_mr: 0.07970098930967114
rmse_mr: 0.09572188394914295
coverage: 0.8275862068965517
