Experiment: expname : nonparametric_experiment, data : uniform, n_samples : 1000, mediator_dimension : 1, covariate_dimension : 1, alpha : 0.0, beta : 0.0, stochasticity : 1, gamma : 0.3, noise : uniform, 
Running with estimator : kme_dml, regularization : True, sample_splits : 1, reg_lambda : 0.001, reg_lambda_tilde : 0.001, kernel : gauss, density : gaussian, bandwidth : 0.3, bandwidth_mode : heuristic, epsilon : 0.1, normalized : True, random_seed : 58, 
bias_direct: 0.06276462453123784
rmse_direct: 0.07453941643391383
bias_indirect: 0.01626676215443758
rmse_indirect: 0.018853772129020195
bias_total: 0.05194355305780194
rmse_total: 0.06320656703340105
bias_mr: 0.04025616876572377
rmse_mr: 0.056715077331232266
coverage: 1.0
