Experiment: expname : baselines_experiment, data : uniform, n_samples : 1000, mediator_dimension : 1, covariate_dimension : 1, alpha : 0.5, beta : 0.25, stochasticity : 1, gamma : 0.3, noise : uniform, 
Running with estimator : kme_g_computation, regularization : True, sample_splits : 1, reg_lambda : 0.001, reg_lambda_tilde : 0.001, kernel : gauss, density : gaussian, bandwidth : 0.3, bandwidth_mode : heuristic, epsilon : 0.3, normalized : True, random_seed : 72, 
bias_direct: 0.3424638646526671
rmse_direct: 0.4444707072566729
bias_indirect: 0.3984957702041153
rmse_indirect: 0.5342244560922343
bias_total: 0.09370780356858273
rmse_total: 0.14882189460530543
bias_mr: 0.40045016782836446
rmse_mr: 0.5154377474986995
coverage: 0.0
