Experiment: expname : baselines_experiment, data : uniform, n_samples : 5000, mediator_dimension : 1, covariate_dimension : 1, alpha : 0.5, beta : 0.25, stochasticity : 1, gamma : 0.3, noise : uniform, 
Running with estimator : ipw, regularization : True, sample_splits : 1, reg_lambda : 0.001, reg_lambda_tilde : 0.001, kernel : gauss, density : gaussian, bandwidth : 0.3, bandwidth_mode : heuristic, epsilon : 0.3, normalized : True, random_seed : 17, 
bias_direct: 0.06632771843121103
rmse_direct: 0.08175600268605826
bias_indirect: 0.06982758620689661
rmse_indirect: 0.07936276378669078
bias_total: 0.03183961537375131
rmse_total: 0.03894924870732591
bias_mr: 0.09790285207800749
rmse_mr: 0.14943201317927576
coverage: 0.0
