Experiment: expname : nonparametric_experiment, data : uniform, n_samples : 5000, mediator_dimension : 1, covariate_dimension : 1, alpha : 0.0, beta : 0.0, stochasticity : 1, gamma : 0.3, noise : uniform, 
Running with estimator : kme_dml, regularization : True, sample_splits : 1, reg_lambda : 0.001, reg_lambda_tilde : 0.001, kernel : gauss, density : gaussian, bandwidth : 0.3, bandwidth_mode : heuristic, epsilon : 0.1, normalized : True, random_seed : 16, 
bias_direct: 0.02084742772180796
rmse_direct: 0.02434559275907194
bias_indirect: 0.010310813627568008
rmse_indirect: 0.013008104087592657
bias_total: 0.029791936781379178
rmse_total: 0.034075926975852364
bias_mr: 0.04755567936281217
rmse_mr: 0.05190912825162462
coverage: 0.8620689655172413
