Experiment: expname : baselines_experiment, data : uniform, n_samples : 5000, mediator_dimension : 1, covariate_dimension : 1, alpha : 0.5, beta : 0.25, stochasticity : 1, gamma : 0.3, noise : uniform, 
Running with estimator : ipw, regularization : True, sample_splits : 1, reg_lambda : 0.001, reg_lambda_tilde : 0.001, kernel : gauss, density : gaussian, bandwidth : 0.3, bandwidth_mode : heuristic, epsilon : 0.3, normalized : True, random_seed : 98, 
bias_direct: 0.0998415404821861
rmse_direct: 0.12010928334387187
bias_indirect: 0.06982758620689662
rmse_indirect: 0.0793627637866908
bias_total: 0.07115618350617835
rmse_total: 0.08443808701787567
bias_mr: 0.1257389323622855
rmse_mr: 0.16872503833411592
coverage: 0.0
