Experiment: expname : nonparametric_experiment, data : uniform, n_samples : 5000, mediator_dimension : 1, covariate_dimension : 1, alpha : 0.0, beta : 0.0, stochasticity : 1, gamma : 0.3, noise : uniform, 
Running with estimator : kme_g_computation, regularization : True, sample_splits : 1, reg_lambda : 0.001, reg_lambda_tilde : 0.001, kernel : linear, density : gaussian, bandwidth : 0.3, bandwidth_mode : heuristic, epsilon : 0.1, normalized : True, random_seed : 4, 
bias_direct: 0.15338833783841802
rmse_direct: 0.17420032582585654
bias_indirect: 0.15285108881757245
rmse_indirect: 0.17372340326515515
bias_total: 0.003313193589173659
rmse_total: 0.004426501793951852
bias_mr: 0.15346608568847506
rmse_mr: 0.1744368047987594
coverage: 0.0
