Experiment: expname : nonparametric_experiment, data : uniform, n_samples : 5000, mediator_dimension : 1, covariate_dimension : 1, alpha : 0.0, beta : 0.0, stochasticity : 1, gamma : 0.3, noise : uniform, 
Running with estimator : kme_dml, regularization : True, sample_splits : 1, reg_lambda : 0.001, reg_lambda_tilde : 0.001, kernel : gauss, density : gaussian, bandwidth : 0.3, bandwidth_mode : heuristic, epsilon : 0.1, normalized : True, random_seed : 25, 
bias_direct: 0.027994802708834487
rmse_direct: 0.03294011045093624
bias_indirect: 0.009153155123008948
rmse_indirect: 0.014284577973188526
bias_total: 0.01993942053193837
rmse_total: 0.023825765842689625
bias_mr: 0.016278054497512486
rmse_mr: 0.02220188718249298
coverage: 1.0
