Experiment: expname : nonparametric_experiment, data : uniform, n_samples : 5000, mediator_dimension : 1, covariate_dimension : 1, alpha : 0.0, beta : 0.0, stochasticity : 1, gamma : 0.3, noise : uniform, 
Running with estimator : kme_g_computation, regularization : True, sample_splits : 1, reg_lambda : 0.001, reg_lambda_tilde : 0.001, kernel : gauss, density : gaussian, bandwidth : 0.3, bandwidth_mode : heuristic, epsilon : 0.1, normalized : True, random_seed : 45, 
bias_direct: 0.1716926649847139
rmse_direct: 0.19347124169538335
bias_indirect: 0.16602126684191656
rmse_indirect: 0.1898344604505881
bias_total: 0.016378844957107105
rmse_total: 0.01980766098987948
bias_mr: 0.18074579282453818
rmse_mr: 0.206019227994613
coverage: 0.0
