Experiment: expname : baselines_experiment, data : uniform, n_samples : 1000, mediator_dimension : 1, covariate_dimension : 1, alpha : 0.5, beta : 0.25, stochasticity : 1, gamma : 0.3, noise : uniform, 
Running with estimator : kme_g_computation, regularization : True, sample_splits : 1, reg_lambda : 0.001, reg_lambda_tilde : 0.001, kernel : gauss, density : gaussian, bandwidth : 0.3, bandwidth_mode : heuristic, epsilon : 0.3, normalized : True, random_seed : 37, 
bias_direct: 0.396706977015972
rmse_direct: 0.5142177961874174
bias_indirect: 0.39429581351786447
rmse_indirect: 0.5190817386814087
bias_total: 0.045245242989075965
rmse_total: 0.057281264072104696
bias_mr: 0.39635476504156375
rmse_mr: 0.5184552010642819
coverage: 0.0
