Experiment: expname : nonparametric_experiment, data : uniform, n_samples : 5000, mediator_dimension : 1, covariate_dimension : 1, alpha : 0.0, beta : 0.0, stochasticity : 1, gamma : 0.3, noise : uniform, 
Running with estimator : kme_dml, regularization : True, sample_splits : 1, reg_lambda : 0.001, reg_lambda_tilde : 0.001, kernel : gauss, density : conditional_kernel, bandwidth : 0.3, bandwidth_mode : heuristic, epsilon : 0.1, normalized : True, random_seed : 84, 
bias_direct: 0.042810292890725674
rmse_direct: 0.06207370252667986
bias_indirect: 0.012781883281281181
rmse_indirect: 0.014286626355348445
bias_total: 0.04966552495205011
rmse_total: 0.07179227654892974
bias_mr: 0.03907681262089479
rmse_mr: 0.049032484975210976
coverage: 0.8620689655172413
