Experiment: expname : nonparametric_experiment, data : uniform, n_samples : 500, mediator_dimension : 1, covariate_dimension : 1, alpha : 0.0, beta : 0.0, stochasticity : 1, gamma : 0.3, noise : uniform, 
Running with estimator : kme_g_computation, regularization : True, sample_splits : 1, reg_lambda : 0.001, reg_lambda_tilde : 0.001, kernel : linear, density : gaussian, bandwidth : 0.3, bandwidth_mode : heuristic, epsilon : 0.1, normalized : True, random_seed : 15, 
bias_direct: 0.14755903611127705
rmse_direct: 0.16863091871374697
bias_indirect: 0.13390578037752338
rmse_indirect: 0.15219114525363553
bias_total: 0.013653255733753674
rmse_total: 0.019910686770116533
bias_mr: 0.1481421490008996
rmse_mr: 0.1717118851405347
coverage: 0.0
