Experiment: expname : nonparametric_experiment, data : uniform, n_samples : 1000, mediator_dimension : 1, covariate_dimension : 1, alpha : 0.0, beta : 0.0, stochasticity : 1, gamma : 0.3, noise : uniform, 
Running with estimator : ipw, regularization : True, sample_splits : 1, reg_lambda : 0.001, reg_lambda_tilde : 0.001, kernel : linear, density : gaussian, bandwidth : 0.3, bandwidth_mode : heuristic, epsilon : 0.1, normalized : True, random_seed : 95, 
bias_direct: 0.1097328874663136
rmse_direct: 0.14645452163077846
bias_indirect: 0.06982758620689661
rmse_indirect: 0.07936276378669078
bias_total: 0.07734823738003431
rmse_total: 0.0962922313375296
bias_mr: 0.11861605227621733
rmse_mr: 0.1539417490275791
coverage: 0.0
