Experiment: expname : nonparametric_experiment, data : uniform, n_samples : 5000, mediator_dimension : 1, covariate_dimension : 1, alpha : 0.0, beta : 0.0, stochasticity : 1, gamma : 0.3, noise : uniform, 
Running with estimator : kme_g_computation, regularization : True, sample_splits : 1, reg_lambda : 0.001, reg_lambda_tilde : 0.001, kernel : linear, density : conditional_kernel, bandwidth : 0.3, bandwidth_mode : heuristic, epsilon : 0.1, normalized : True, random_seed : 50, 
bias_direct: 0.16177011946127723
rmse_direct: 0.18375957429237474
bias_indirect: 0.16090626188801396
rmse_indirect: 0.18287850643308406
bias_total: 0.002153899865998121
rmse_total: 0.002992407703993135
bias_mr: 0.16270630608514636
rmse_mr: 0.18648983177121686
coverage: 0.0
