Experiment: expname : baselines_experiment, data : uniform, n_samples : 500, mediator_dimension : 1, covariate_dimension : 1, alpha : 0.5, beta : 0.25, stochasticity : 1, gamma : 0.3, noise : uniform, 
Running with estimator : linear, regularization : True, sample_splits : 1, reg_lambda : 0.001, reg_lambda_tilde : 0.001, kernel : gauss, density : gaussian, bandwidth : 0.3, bandwidth_mode : heuristic, epsilon : 0.3, normalized : True, random_seed : 3, 
bias_direct: 0.36353037072082467
rmse_direct: 0.41181052030088344
bias_indirect: 0.010648353725036535
rmse_indirect: 0.012102420079268582
bias_total: 0.37417872444586103
rmse_total: 0.42270908854485895
bias_mr: 0.352138938575844
rmse_mr: 0.37412129799983596
coverage: 0.0
