Experiment: expname : nonparametric_experiment, data : uniform, n_samples : 500, mediator_dimension : 1, covariate_dimension : 1, alpha : 0.0, beta : 0.0, stochasticity : 1, gamma : 0.3, noise : uniform, 
Running with estimator : kme_g_computation, regularization : True, sample_splits : 1, reg_lambda : 0.001, reg_lambda_tilde : 0.001, kernel : gauss, density : conditional_kernel, bandwidth : 0.3, bandwidth_mode : heuristic, epsilon : 0.1, normalized : True, random_seed : 94, 
bias_direct: 0.20618801390954192
rmse_direct: 0.23293727372676803
bias_indirect: 0.174048686044084
rmse_indirect: 0.19937676311865396
bias_total: 0.032156131287345055
rmse_total: 0.04275346800070434
bias_mr: 0.2069657865888544
rmse_mr: 0.23489417488224737
coverage: 0.0
