Experiment: expname : nonparametric_experiment, data : uniform, n_samples : 500, mediator_dimension : 1, covariate_dimension : 1, alpha : 0.0, beta : 0.0, stochasticity : 1, gamma : 0.3, noise : uniform, 
Running with estimator : kme_g_computation, regularization : True, sample_splits : 1, reg_lambda : 0.001, reg_lambda_tilde : 0.001, kernel : linear, density : conditional_kernel, bandwidth : 0.3, bandwidth_mode : heuristic, epsilon : 0.1, normalized : True, random_seed : 71, 
bias_direct: 0.16405869573377055
rmse_direct: 0.1880654081700553
bias_indirect: 0.1902764717339905
rmse_indirect: 0.21625934719121606
bias_total: 0.02621777600021997
rmse_total: 0.03403384614385277
bias_mr: 0.16238563828660227
rmse_mr: 0.18590528770209017
coverage: 0.0
