Experiment: expname : nonparametric_experiment, data : uniform, n_samples : 1000, mediator_dimension : 1, covariate_dimension : 1, alpha : 0.0, beta : 0.0, stochasticity : 1, gamma : 0.3, noise : uniform, 
Running with estimator : kme_g_computation, regularization : True, sample_splits : 1, reg_lambda : 0.001, reg_lambda_tilde : 0.001, kernel : linear, density : conditional_kernel, bandwidth : 0.3, bandwidth_mode : heuristic, epsilon : 0.1, normalized : True, random_seed : 56, 
bias_direct: 0.17386781968398926
rmse_direct: 0.19763469548811163
bias_indirect: 0.1756080560979018
rmse_indirect: 0.19958786584450186
bias_total: 0.0017402364139125033
rmse_total: 0.0020371085294848086
bias_mr: 0.1768314151127503
rmse_mr: 0.20490720823090408
coverage: 0.0
