Experiment: expname : nonparametric_experiment, data : uniform, n_samples : 1000, mediator_dimension : 1, covariate_dimension : 1, alpha : 0.0, beta : 0.0, stochasticity : 1, gamma : 0.3, noise : uniform, 
Running with estimator : kme_dml, regularization : True, sample_splits : 1, reg_lambda : 0.001, reg_lambda_tilde : 0.001, kernel : gauss, density : gaussian, bandwidth : 0.3, bandwidth_mode : heuristic, epsilon : 0.1, normalized : True, random_seed : 57, 
bias_direct: 0.04721950045365133
rmse_direct: 0.058971259406854354
bias_indirect: 0.023190934318736117
rmse_indirect: 0.0286864701313711
bias_total: 0.06919682924022688
rmse_total: 0.07920939485232553
bias_mr: 0.04255120617186248
rmse_mr: 0.054831680655297685
coverage: 1.0
