Experiment: expname : nonparametric_experiment, data : uniform, n_samples : 1000, mediator_dimension : 1, covariate_dimension : 1, alpha : 0.0, beta : 0.0, stochasticity : 1, gamma : 0.3, noise : uniform, 
Running with estimator : ipw, regularization : True, sample_splits : 1, reg_lambda : 0.001, reg_lambda_tilde : 0.001, kernel : linear, density : conditional_kernel, bandwidth : 0.3, bandwidth_mode : heuristic, epsilon : 0.1, normalized : True, random_seed : 10, 
bias_direct: 0.11210407715368663
rmse_direct: 0.1370350977513733
bias_indirect: 0.015446426330663392
rmse_indirect: 0.018288155670497405
bias_total: 0.10146686295797697
rmse_total: 0.12242983915237184
bias_mr: 0.08884937895407344
rmse_mr: 0.10157034036334858
coverage: 0.0
