Experiment: expname : nonparametric_experiment, data : uniform, n_samples : 500, mediator_dimension : 1, covariate_dimension : 1, alpha : 0.0, beta : 0.0, stochasticity : 1, gamma : 0.3, noise : uniform, 
Running with estimator : kme_g_computation, regularization : True, sample_splits : 1, reg_lambda : 0.001, reg_lambda_tilde : 0.001, kernel : gauss, density : gaussian, bandwidth : 0.3, bandwidth_mode : heuristic, epsilon : 0.1, normalized : True, random_seed : 32, 
bias_direct: 0.1443846212643301
rmse_direct: 0.16342165448623736
bias_indirect: 0.18131265729788207
rmse_indirect: 0.20229525534743364
bias_total: 0.052942427378241876
rmse_total: 0.06884660991608256
bias_mr: 0.18828791111157817
rmse_mr: 0.23600337164390872
coverage: 0.0
