Experiment: expname : nonparametric_experiment, data : uniform, n_samples : 5000, mediator_dimension : 1, covariate_dimension : 1, alpha : 0.0, beta : 0.0, stochasticity : 1, gamma : 0.3, noise : uniform, 
Running with estimator : kme_dml, regularization : True, sample_splits : 1, reg_lambda : 0.001, reg_lambda_tilde : 0.001, kernel : linear, density : conditional_kernel, bandwidth : 0.3, bandwidth_mode : heuristic, epsilon : 0.1, normalized : True, random_seed : 31, 
bias_direct: 0.03863288987950704
rmse_direct: 0.045390410727031864
bias_indirect: 0.026347743571165986
rmse_indirect: 0.03064256848891926
bias_total: 0.038942281105799795
rmse_total: 0.05361737534638178
bias_mr: 0.026346028787485588
rmse_mr: 0.032045503267404296
coverage: 1.0
