Experiment: expname : nonparametric_experiment, data : uniform, n_samples : 1000, mediator_dimension : 1, covariate_dimension : 1, alpha : 0.0, beta : 0.0, stochasticity : 1, gamma : 0.3, noise : uniform, 
Running with estimator : kme_dml, regularization : True, sample_splits : 1, reg_lambda : 0.001, reg_lambda_tilde : 0.001, kernel : linear, density : conditional_kernel, bandwidth : 0.3, bandwidth_mode : heuristic, epsilon : 0.1, normalized : True, random_seed : 20, 
bias_direct: 0.09283431622262225
rmse_direct: 0.10599615655565628
bias_indirect: 0.011422609417826534
rmse_indirect: 0.016183382260849297
bias_total: 0.09953378415962359
rmse_total: 0.1133341846183991
bias_mr: 0.05404453345384316
rmse_mr: 0.062547497625241
coverage: 1.0
