Experiment: expname : nonparametric_experiment, data : uniform, n_samples : 5000, mediator_dimension : 1, covariate_dimension : 1, alpha : 0.0, beta : 0.0, stochasticity : 1, gamma : 0.3, noise : uniform, 
Running with estimator : kme_dml, regularization : True, sample_splits : 1, reg_lambda : 0.001, reg_lambda_tilde : 0.001, kernel : linear, density : gaussian, bandwidth : 0.3, bandwidth_mode : heuristic, epsilon : 0.1, normalized : True, random_seed : 96, 
bias_direct: 0.0364605141805231
rmse_direct: 0.04088604236774922
bias_indirect: 0.013958243605967726
rmse_indirect: 0.01707501591222248
bias_total: 0.025139893124059728
rmse_total: 0.02679002061535202
bias_mr: 0.02914239145733578
rmse_mr: 0.032674611251722635
coverage: 1.0
