Experiment: expname : baselines_experiment, data : uniform, n_samples : 1000, mediator_dimension : 1, covariate_dimension : 1, alpha : 0.5, beta : 0.25, stochasticity : 1, gamma : 0.3, noise : uniform, 
Running with estimator : ipw, regularization : True, sample_splits : 1, reg_lambda : 0.001, reg_lambda_tilde : 0.001, kernel : gauss, density : gaussian, bandwidth : 0.3, bandwidth_mode : heuristic, epsilon : 0.3, normalized : True, random_seed : 43, 
bias_direct: 0.15178129684064276
rmse_direct: 0.18904611534320628
bias_indirect: 0.06982758620689661
rmse_indirect: 0.07936276378669078
bias_total: 0.16793328538369312
rmse_total: 0.1847519122220243
bias_mr: 0.244022391598745
rmse_mr: 0.2762380212638051
coverage: 0.0
