Experiment: expname : baselines_experiment, data : uniform, n_samples : 500, mediator_dimension : 1, covariate_dimension : 1, alpha : 0.5, beta : 0.25, stochasticity : 1, gamma : 0.3, noise : uniform, 
Running with estimator : linear, regularization : True, sample_splits : 1, reg_lambda : 0.001, reg_lambda_tilde : 0.001, kernel : gauss, density : gaussian, bandwidth : 0.3, bandwidth_mode : heuristic, epsilon : 0.3, normalized : True, random_seed : 58, 
bias_direct: 0.2555594715666679
rmse_direct: 0.29240860296837595
bias_indirect: 0.007659256650687258
rmse_indirect: 0.008705152352668567
bias_total: 0.2613805066211902
rmse_total: 0.2992847904734667
bias_mr: 0.2294074274148651
rmse_mr: 0.24934612458220312
coverage: 0.0
