Experiment: expname : nonparametric_experiment, data : uniform, n_samples : 5000, mediator_dimension : 1, covariate_dimension : 1, alpha : 0.0, beta : 0.0, stochasticity : 1, gamma : 0.3, noise : uniform, 
Running with estimator : kme_g_computation, regularization : True, sample_splits : 1, reg_lambda : 0.001, reg_lambda_tilde : 0.001, kernel : gauss, density : conditional_kernel, bandwidth : 0.3, bandwidth_mode : heuristic, epsilon : 0.1, normalized : True, random_seed : 68, 
bias_direct: 0.16589275387289124
rmse_direct: 0.186353550968792
bias_indirect: 0.1653849075164099
rmse_indirect: 0.19337772781753118
bias_total: 0.0253788351198312
rmse_total: 0.03115013626465017
bias_mr: 0.17096062694207131
rmse_mr: 0.19256682540251216
coverage: 0.0
