Experiment: expname : nonparametric_experiment, data : uniform, n_samples : 5000, mediator_dimension : 1, covariate_dimension : 1, alpha : 0.0, beta : 0.0, stochasticity : 1, gamma : 0.3, noise : uniform, 
Running with estimator : ipw, regularization : True, sample_splits : 1, reg_lambda : 0.001, reg_lambda_tilde : 0.001, kernel : linear, density : conditional_kernel, bandwidth : 0.3, bandwidth_mode : heuristic, epsilon : 0.1, normalized : True, random_seed : 83, 
bias_direct: 0.033086663470427366
rmse_direct: 0.04055771498430824
bias_indirect: 0.028577225263875523
rmse_indirect: 0.03128319631081783
bias_total: 0.04238089838208585
rmse_total: 0.05626049484052977
bias_mr: 0.03465876578770045
rmse_mr: 0.04444311547954717
coverage: 0.0
