Experiment: expname : baselines_experiment, data : uniform, n_samples : 1000, mediator_dimension : 1, covariate_dimension : 1, alpha : 0.5, beta : 0.25, stochasticity : 1, gamma : 0.3, noise : uniform, 
Running with estimator : ipw, regularization : True, sample_splits : 1, reg_lambda : 0.001, reg_lambda_tilde : 0.001, kernel : gauss, density : gaussian, bandwidth : 0.3, bandwidth_mode : heuristic, epsilon : 0.3, normalized : True, random_seed : 24, 
bias_direct: 0.2224214740536808
rmse_direct: 0.26808110098465815
bias_indirect: 0.06982758620689658
rmse_indirect: 0.07936276378669077
bias_total: 0.21786117794975132
rmse_total: 0.25836560495706445
bias_mr: 0.11310278480985014
rmse_mr: 0.15395544037640235
coverage: 0.0
