Experiment: expname : nonparametric_experiment, data : uniform, n_samples : 1000, mediator_dimension : 1, covariate_dimension : 1, alpha : 0.0, beta : 0.0, stochasticity : 1, gamma : 0.3, noise : uniform, 
Running with estimator : kme_dml, regularization : True, sample_splits : 1, reg_lambda : 0.001, reg_lambda_tilde : 0.001, kernel : gauss, density : gaussian, bandwidth : 0.3, bandwidth_mode : heuristic, epsilon : 0.1, normalized : True, random_seed : 91, 
bias_direct: 0.05789953728541554
rmse_direct: 0.06919126665851949
bias_indirect: 0.01860593645234829
rmse_indirect: 0.022199054979955824
bias_total: 0.06323276029278234
rmse_total: 0.07500772924868535
bias_mr: 0.03658648046216575
rmse_mr: 0.04238283451383978
coverage: 1.0
