Experiment: expname : nonparametric_experiment, data : uniform, n_samples : 500, mediator_dimension : 1, covariate_dimension : 1, alpha : 0.0, beta : 0.0, stochasticity : 1, gamma : 0.3, noise : uniform, 
Running with estimator : ipw, regularization : True, sample_splits : 1, reg_lambda : 0.001, reg_lambda_tilde : 0.001, kernel : linear, density : gaussian, bandwidth : 0.3, bandwidth_mode : heuristic, epsilon : 0.1, normalized : True, random_seed : 12, 
bias_direct: 0.08921780190764193
rmse_direct: 0.11732445066740095
bias_indirect: 0.06982758620689661
rmse_indirect: 0.07936276378669078
bias_total: 0.11577074798197386
rmse_total: 0.14883605601579059
bias_mr: 0.13265393677177856
rmse_mr: 0.16436753409387322
coverage: 0.0
