Experiment: expname : baselines_experiment, data : uniform, n_samples : 5000, mediator_dimension : 1, covariate_dimension : 1, alpha : 0.5, beta : 0.25, stochasticity : 1, gamma : 0.3, noise : uniform, 
Running with estimator : linear, regularization : True, sample_splits : 1, reg_lambda : 0.001, reg_lambda_tilde : 0.001, kernel : gauss, density : gaussian, bandwidth : 0.3, bandwidth_mode : heuristic, epsilon : 0.3, normalized : True, random_seed : 58, 
bias_direct: 0.30245801240922576
rmse_direct: 0.3462648740447777
bias_indirect: 0.004902122329785089
rmse_indirect: 0.005571522626594412
bias_total: 0.29816593196936947
rmse_total: 0.3415316020631582
bias_mr: 0.286133894199016
rmse_mr: 0.3050639574527469
coverage: 0.0
