Experiment: expname : nonparametric_experiment, data : uniform, n_samples : 500, mediator_dimension : 1, covariate_dimension : 1, alpha : 0.0, beta : 0.0, stochasticity : 1, gamma : 0.3, noise : uniform, 
Running with estimator : kme_g_computation, regularization : True, sample_splits : 1, reg_lambda : 0.001, reg_lambda_tilde : 0.001, kernel : gauss, density : gaussian, bandwidth : 0.3, bandwidth_mode : heuristic, epsilon : 0.1, normalized : True, random_seed : 75, 
bias_direct: 0.1609765626521225
rmse_direct: 0.18691737895458024
bias_indirect: 0.19104268331888935
rmse_indirect: 0.21808793080134656
bias_total: 0.030179877120848405
rmse_total: 0.03659967266328208
bias_mr: 0.1619003183089532
rmse_mr: 0.1847615858122352
coverage: 0.0
