Experiment: expname : baselines_experiment, data : uniform, n_samples : 500, mediator_dimension : 1, covariate_dimension : 1, alpha : 0.5, beta : 0.25, stochasticity : 1, gamma : 0.3, noise : uniform, 
Running with estimator : ipw, regularization : True, sample_splits : 1, reg_lambda : 0.001, reg_lambda_tilde : 0.001, kernel : gauss, density : gaussian, bandwidth : 0.3, bandwidth_mode : heuristic, epsilon : 0.3, normalized : True, random_seed : 49, 
bias_direct: 0.21617437189568062
rmse_direct: 0.2623478019058363
bias_indirect: 0.06982758620689661
rmse_indirect: 0.07936276378669078
bias_total: 0.20353841985725632
rmse_total: 0.23159511864880766
bias_mr: 0.2181916704587907
rmse_mr: 0.2661025623974032
coverage: 0.0
