Experiment: expname : nonparametric_experiment, data : uniform, n_samples : 500, mediator_dimension : 1, covariate_dimension : 1, alpha : 0.0, beta : 0.0, stochasticity : 1, gamma : 0.3, noise : uniform, 
Running with estimator : kme_g_computation, regularization : True, sample_splits : 1, reg_lambda : 0.001, reg_lambda_tilde : 0.001, kernel : gauss, density : gaussian, bandwidth : 0.3, bandwidth_mode : heuristic, epsilon : 0.1, normalized : True, random_seed : 64, 
bias_direct: 0.16413335666197848
rmse_direct: 0.1899412915839651
bias_indirect: 0.27409759122066374
rmse_indirect: 0.30994744790431
bias_total: 0.11207315059752164
rmse_total: 0.13993074144593032
bias_mr: 0.19537250791411712
rmse_mr: 0.2360245600344125
coverage: 0.0
