Experiment: expname : nonparametric_experiment, data : uniform, n_samples : 1000, mediator_dimension : 1, covariate_dimension : 1, alpha : 0.0, beta : 0.0, stochasticity : 1, gamma : 0.3, noise : uniform, 
Running with estimator : kme_dml, regularization : True, sample_splits : 1, reg_lambda : 0.001, reg_lambda_tilde : 0.001, kernel : linear, density : conditional_kernel, bandwidth : 0.3, bandwidth_mode : heuristic, epsilon : 0.1, normalized : True, random_seed : 77, 
bias_direct: 0.044929593416167875
rmse_direct: 0.05718322755256912
bias_indirect: 0.016804801695245654
rmse_indirect: 0.020762917282911096
bias_total: 0.043394225959629086
rmse_total: 0.05232139652518335
bias_mr: 0.03903526570130782
rmse_mr: 0.05882657106556144
coverage: 1.0
