Experiment: expname : nonparametric_experiment, data : uniform, n_samples : 5000, mediator_dimension : 1, covariate_dimension : 1, alpha : 0.0, beta : 0.0, stochasticity : 1, gamma : 0.3, noise : uniform, 
Running with estimator : kme_dml, regularization : True, sample_splits : 1, reg_lambda : 0.001, reg_lambda_tilde : 0.001, kernel : gauss, density : gaussian, bandwidth : 0.3, bandwidth_mode : heuristic, epsilon : 0.1, normalized : True, random_seed : 30, 
bias_direct: 0.03943014734742715
rmse_direct: 0.047964909589004706
bias_indirect: 0.007272925993308702
rmse_indirect: 0.009181315886633918
bias_total: 0.038017948553301734
rmse_total: 0.04831731255699372
bias_mr: 0.03334871869451105
rmse_mr: 0.04120588886499483
coverage: 1.0
