Experiment: expname : baselines_experiment, data : uniform, n_samples : 5000, mediator_dimension : 1, covariate_dimension : 1, alpha : 0.5, beta : 0.25, stochasticity : 1, gamma : 0.3, noise : uniform, 
Running with estimator : linear, regularization : True, sample_splits : 1, reg_lambda : 0.001, reg_lambda_tilde : 0.001, kernel : gauss, density : gaussian, bandwidth : 0.3, bandwidth_mode : heuristic, epsilon : 0.3, normalized : True, random_seed : 55, 
bias_direct: 0.3173913368275146
rmse_direct: 0.3629187406835758
bias_indirect: 0.01016823577855384
rmse_indirect: 0.011556740509827964
bias_total: 0.30848848150140307
rmse_total: 0.3529565784858695
bias_mr: 0.30296511497339607
rmse_mr: 0.3225974560519052
coverage: 0.0
