Experiment: expname : nonparametric_experiment, data : uniform, n_samples : 5000, mediator_dimension : 1, covariate_dimension : 1, alpha : 0.0, beta : 0.0, stochasticity : 1, gamma : 0.3, noise : uniform, 
Running with estimator : ipw, regularization : True, sample_splits : 1, reg_lambda : 0.001, reg_lambda_tilde : 0.001, kernel : gauss, density : conditional_kernel, bandwidth : 0.3, bandwidth_mode : heuristic, epsilon : 0.1, normalized : True, random_seed : 57, 
bias_direct: 0.0670945342191621
rmse_direct: 0.07852376649954998
bias_indirect: 0.04916101331157243
rmse_indirect: 0.05607331215249474
bias_total: 0.05670527242157589
rmse_total: 0.06642116878339291
bias_mr: 0.04415418157338808
rmse_mr: 0.05224125786549817
coverage: 0.0
