Experiment: expname : nonparametric_experiment, data : uniform, n_samples : 5000, mediator_dimension : 1, covariate_dimension : 1, alpha : 0.0, beta : 0.0, stochasticity : 1, gamma : 0.3, noise : uniform, 
Running with estimator : kme_dml, regularization : True, sample_splits : 1, reg_lambda : 0.001, reg_lambda_tilde : 0.001, kernel : gauss, density : gaussian, bandwidth : 0.3, bandwidth_mode : heuristic, epsilon : 0.1, normalized : True, random_seed : 35, 
bias_direct: 0.033462868520478695
rmse_direct: 0.04338637907829211
bias_indirect: 0.02835943181856447
rmse_indirect: 0.03106717267820445
bias_total: 0.04242406689178823
rmse_total: 0.04972339368644973
bias_mr: 0.03238456122949203
rmse_mr: 0.03616439028903283
coverage: 1.0
