Experiment: expname : nonparametric_experiment, data : uniform, n_samples : 1000, mediator_dimension : 1, covariate_dimension : 1, alpha : 0.0, beta : 0.0, stochasticity : 1, gamma : 0.3, noise : uniform, 
Running with estimator : kme_g_computation, regularization : True, sample_splits : 1, reg_lambda : 0.001, reg_lambda_tilde : 0.001, kernel : linear, density : gaussian, bandwidth : 0.3, bandwidth_mode : heuristic, epsilon : 0.1, normalized : True, random_seed : 58, 
bias_direct: 0.16156792358060684
rmse_direct: 0.18352327393247442
bias_indirect: 0.14290582384113507
rmse_indirect: 0.1624201058706858
bias_total: 0.01866209973947175
rmse_total: 0.021305869348334488
bias_mr: 0.16229714329014913
rmse_mr: 0.18527832899490151
coverage: 0.0
