Experiment: expname : nonparametric_experiment, data : uniform, n_samples : 1000, mediator_dimension : 1, covariate_dimension : 1, alpha : 0.0, beta : 0.0, stochasticity : 1, gamma : 0.3, noise : uniform, 
Running with estimator : kme_g_computation, regularization : True, sample_splits : 1, reg_lambda : 0.001, reg_lambda_tilde : 0.001, kernel : linear, density : gaussian, bandwidth : 0.3, bandwidth_mode : heuristic, epsilon : 0.1, normalized : True, random_seed : 40, 
bias_direct: 0.1550163931043193
rmse_direct: 0.17725084998243026
bias_indirect: 0.15049985474140187
rmse_indirect: 0.171051056647793
bias_total: 0.010421213908443921
rmse_total: 0.014439470991802388
bias_mr: 0.16084340005402287
rmse_mr: 0.18922974817538962
coverage: 0.0
