Experiment: expname : nonparametric_experiment, data : uniform, n_samples : 500, mediator_dimension : 1, covariate_dimension : 1, alpha : 0.0, beta : 0.0, stochasticity : 1, gamma : 0.3, noise : uniform, 
Running with estimator : kme_g_computation, regularization : True, sample_splits : 1, reg_lambda : 0.001, reg_lambda_tilde : 0.001, kernel : linear, density : conditional_kernel, bandwidth : 0.3, bandwidth_mode : heuristic, epsilon : 0.1, normalized : True, random_seed : 96, 
bias_direct: 0.19630374275133236
rmse_direct: 0.22478985319825243
bias_indirect: 0.2118008292381183
rmse_indirect: 0.2407228471317438
bias_total: 0.01701722901520039
rmse_total: 0.02569806112205869
bias_mr: 0.1956260402843531
rmse_mr: 0.2240606018673481
coverage: 0.0
