Experiment: expname : baselines_experiment, data : uniform, n_samples : 5000, mediator_dimension : 1, covariate_dimension : 1, alpha : 0.5, beta : 0.25, stochasticity : 1, gamma : 0.3, noise : uniform, 
Running with estimator : kme_g_computation, regularization : True, sample_splits : 1, reg_lambda : 0.001, reg_lambda_tilde : 0.001, kernel : gauss, density : gaussian, bandwidth : 0.3, bandwidth_mode : heuristic, epsilon : 0.3, normalized : True, random_seed : 8, 
bias_direct: 0.36963009213337333
rmse_direct: 0.47716315624322164
bias_indirect: 0.3988388955056228
rmse_indirect: 0.5154748329521914
bias_total: 0.03289049774510262
rmse_total: 0.043398379865679675
bias_mr: 0.3984316158574904
rmse_mr: 0.5178893603135236
coverage: 0.0
