Experiment: expname : nonparametric_experiment, data : uniform, n_samples : 500, mediator_dimension : 1, covariate_dimension : 1, alpha : 0.0, beta : 0.0, stochasticity : 1, gamma : 0.3, noise : uniform, 
Running with estimator : kme_dml, regularization : True, sample_splits : 1, reg_lambda : 0.001, reg_lambda_tilde : 0.001, kernel : linear, density : conditional_kernel, bandwidth : 0.3, bandwidth_mode : heuristic, epsilon : 0.1, normalized : True, random_seed : 85, 
bias_direct: 0.08969216648936781
rmse_direct: 0.12944545265502552
bias_indirect: 0.026254345061615687
rmse_indirect: 0.03481499842301059
bias_total: 0.0946065856925452
rmse_total: 0.11944315994331797
bias_mr: 0.10563600582632694
rmse_mr: 0.1218510293984874
coverage: 1.0
