Experiment: expname : baselines_experiment, data : uniform, n_samples : 5000, mediator_dimension : 1, covariate_dimension : 1, alpha : 0.5, beta : 0.25, stochasticity : 1, gamma : 0.3, noise : uniform, 
Running with estimator : linear, regularization : True, sample_splits : 1, reg_lambda : 0.001, reg_lambda_tilde : 0.001, kernel : gauss, density : gaussian, bandwidth : 0.3, bandwidth_mode : heuristic, epsilon : 0.3, normalized : True, random_seed : 18, 
bias_direct: 0.3013993440946767
rmse_direct: 0.34509505753049646
bias_indirect: 0.004322253706145363
rmse_indirect: 0.00491247110977873
bias_total: 0.29761497084974053
rmse_total: 0.3409258415125587
bias_mr: 0.2853386971192928
rmse_mr: 0.3042614211534273
coverage: 0.0
