Experiment: expname : nonparametric_experiment, data : uniform, n_samples : 1000, mediator_dimension : 1, covariate_dimension : 1, alpha : 0.0, beta : 0.0, stochasticity : 1, gamma : 0.3, noise : uniform, 
Running with estimator : kme_g_computation, regularization : True, sample_splits : 1, reg_lambda : 0.001, reg_lambda_tilde : 0.001, kernel : gauss, density : conditional_kernel, bandwidth : 0.3, bandwidth_mode : heuristic, epsilon : 0.1, normalized : True, random_seed : 4, 
bias_direct: 0.1404994125555658
rmse_direct: 0.16772162571307014
bias_indirect: 0.2026361016931093
rmse_indirect: 0.22858298147681183
bias_total: 0.06213668913754349
rmse_total: 0.07503376526855184
bias_mr: 0.1418211539881129
rmse_mr: 0.16421762836418385
coverage: 0.0
