Experiment: expname : nonparametric_experiment, data : uniform, n_samples : 500, mediator_dimension : 1, covariate_dimension : 1, alpha : 0.0, beta : 0.0, stochasticity : 1, gamma : 0.3, noise : uniform, 
Running with estimator : kme_dml, regularization : True, sample_splits : 1, reg_lambda : 0.001, reg_lambda_tilde : 0.001, kernel : linear, density : conditional_kernel, bandwidth : 0.3, bandwidth_mode : heuristic, epsilon : 0.1, normalized : True, random_seed : 82, 
bias_direct: 0.04689823526631019
rmse_direct: 0.058799557779000144
bias_indirect: 0.01576238165507544
rmse_indirect: 0.017455453605704403
bias_total: 0.04664024933254657
rmse_total: 0.06119373702708563
bias_mr: 0.05188677243178071
rmse_mr: 0.0600594366294199
coverage: 1.0
