Experiment: expname : nonparametric_experiment, data : uniform, n_samples : 500, mediator_dimension : 1, covariate_dimension : 1, alpha : 0.0, beta : 0.0, stochasticity : 1, gamma : 0.3, noise : uniform, 
Running with estimator : kme_dml, regularization : True, sample_splits : 1, reg_lambda : 0.001, reg_lambda_tilde : 0.001, kernel : gauss, density : gaussian, bandwidth : 0.3, bandwidth_mode : heuristic, epsilon : 0.1, normalized : True, random_seed : 30, 
bias_direct: 0.08905495997659933
rmse_direct: 0.10580701944311673
bias_indirect: 0.014706717717273231
rmse_indirect: 0.017756420632385778
bias_total: 0.09166171584419787
rmse_total: 0.10474002834746682
bias_mr: 0.08168548785089189
rmse_mr: 0.09898416126914326
coverage: 1.0
