Experiment: expname : nonparametric_experiment, data : uniform, n_samples : 500, mediator_dimension : 1, covariate_dimension : 1, alpha : 0.0, beta : 0.0, stochasticity : 1, gamma : 0.3, noise : uniform, 
Running with estimator : kme_dml, regularization : True, sample_splits : 1, reg_lambda : 0.001, reg_lambda_tilde : 0.001, kernel : linear, density : conditional_kernel, bandwidth : 0.3, bandwidth_mode : heuristic, epsilon : 0.1, normalized : True, random_seed : 3, 
bias_direct: 0.09926832705849845
rmse_direct: 0.10640225234999315
bias_indirect: 0.01639123799577002
rmse_indirect: 0.02035380081792044
bias_total: 0.11222146965544733
rmse_total: 0.11864225199926663
bias_mr: 0.08785382284599466
rmse_mr: 0.11107063029501636
coverage: 1.0
