Experiment: expname : baselines_experiment, data : uniform, n_samples : 500, mediator_dimension : 1, covariate_dimension : 1, alpha : 0.5, beta : 0.25, stochasticity : 1, gamma : 0.3, noise : uniform, 
Running with estimator : kme_g_computation, regularization : True, sample_splits : 1, reg_lambda : 0.001, reg_lambda_tilde : 0.001, kernel : gauss, density : gaussian, bandwidth : 0.3, bandwidth_mode : heuristic, epsilon : 0.3, normalized : True, random_seed : 3, 
bias_direct: 0.3352012773598517
rmse_direct: 0.4489919758497178
bias_indirect: 0.503419103209172
rmse_indirect: 0.6275040404134179
bias_total: 0.1682178258493203
rmse_total: 0.19370762263056712
bias_mr: 0.37469536892563304
rmse_mr: 0.4982127050161899
coverage: 0.0
