Experiment: expname : nonparametric_experiment, data : uniform, n_samples : 1000, mediator_dimension : 1, covariate_dimension : 1, alpha : 0.0, beta : 0.0, stochasticity : 1, gamma : 0.3, noise : uniform, 
Running with estimator : kme_g_computation, regularization : True, sample_splits : 1, reg_lambda : 0.001, reg_lambda_tilde : 0.001, kernel : gauss, density : conditional_kernel, bandwidth : 0.3, bandwidth_mode : heuristic, epsilon : 0.1, normalized : True, random_seed : 73, 
bias_direct: 0.17536799624850594
rmse_direct: 0.19642835612965934
bias_indirect: 0.16539229404667793
rmse_indirect: 0.19901253770749072
bias_total: 0.04830880721409509
rmse_total: 0.06082557860344711
bias_mr: 0.19262157790980153
rmse_mr: 0.23563990732764414
coverage: 0.0
