Experiment: expname : nonparametric_experiment, data : uniform, n_samples : 5000, mediator_dimension : 1, covariate_dimension : 1, alpha : 0.0, beta : 0.0, stochasticity : 1, gamma : 0.3, noise : uniform, 
Running with estimator : ipw, regularization : True, sample_splits : 1, reg_lambda : 0.001, reg_lambda_tilde : 0.001, kernel : gauss, density : gaussian, bandwidth : 0.3, bandwidth_mode : heuristic, epsilon : 0.1, normalized : True, random_seed : 10, 
bias_direct: 0.10518332904678473
rmse_direct: 0.13149955774083966
bias_indirect: 0.06982758620689661
rmse_indirect: 0.0793627637866908
bias_total: 0.052963123660746
rmse_total: 0.06641700838306158
bias_mr: 0.10679874351888433
rmse_mr: 0.1366968951385991
coverage: 0.0
