Experiment: expname : nonparametric_experiment, data : uniform, n_samples : 500, mediator_dimension : 1, covariate_dimension : 1, alpha : 0.0, beta : 0.0, stochasticity : 1, gamma : 0.3, noise : uniform, 
Running with estimator : kme_dml, regularization : True, sample_splits : 1, reg_lambda : 0.001, reg_lambda_tilde : 0.001, kernel : gauss, density : gaussian, bandwidth : 0.3, bandwidth_mode : heuristic, epsilon : 0.1, normalized : True, random_seed : 99, 
bias_direct: 0.049276416689016604
rmse_direct: 0.05841406311582206
bias_indirect: 0.05842565074380018
rmse_indirect: 0.06960909420211239
bias_total: 0.05681244769768862
rmse_total: 0.06868824546798473
bias_mr: 0.11890182880288509
rmse_mr: 0.12700178978696972
coverage: 0.8620689655172413
