Experiment: expname : nonparametric_experiment, data : uniform, n_samples : 1000, mediator_dimension : 1, covariate_dimension : 1, alpha : 0.0, beta : 0.0, stochasticity : 1, gamma : 0.3, noise : uniform, 
Running with estimator : kme_dml, regularization : True, sample_splits : 1, reg_lambda : 0.001, reg_lambda_tilde : 0.001, kernel : gauss, density : gaussian, bandwidth : 0.3, bandwidth_mode : heuristic, epsilon : 0.1, normalized : True, random_seed : 54, 
bias_direct: 0.06487309749172042
rmse_direct: 0.07266691077652987
bias_indirect: 0.007799662136090157
rmse_indirect: 0.011274926518032757
bias_total: 0.06112430899291232
rmse_total: 0.06939675240776884
bias_mr: 0.06451954165593367
rmse_mr: 0.0729301028620988
coverage: 1.0
