Experiment: expname : nonparametric_experiment, data : uniform, n_samples : 5000, mediator_dimension : 1, covariate_dimension : 1, alpha : 0.0, beta : 0.0, stochasticity : 1, gamma : 0.3, noise : uniform, 
Running with estimator : kme_dml, regularization : True, sample_splits : 1, reg_lambda : 0.001, reg_lambda_tilde : 0.001, kernel : gauss, density : conditional_kernel, bandwidth : 0.3, bandwidth_mode : heuristic, epsilon : 0.1, normalized : True, random_seed : 77, 
bias_direct: 0.032286050050101704
rmse_direct: 0.04385692198407049
bias_indirect: 0.015006111748343733
rmse_indirect: 0.01870575241601721
bias_total: 0.0346479684167816
rmse_total: 0.04414114138776738
bias_mr: 0.04824977768536142
rmse_mr: 0.05699947660910447
coverage: 0.7931034482758621
