Experiment: expname : nonparametric_experiment, data : uniform, n_samples : 1000, mediator_dimension : 1, covariate_dimension : 1, alpha : 0.0, beta : 0.0, stochasticity : 1, gamma : 0.3, noise : uniform, 
Running with estimator : kme_dml, regularization : True, sample_splits : 1, reg_lambda : 0.001, reg_lambda_tilde : 0.001, kernel : linear, density : conditional_kernel, bandwidth : 0.3, bandwidth_mode : heuristic, epsilon : 0.1, normalized : True, random_seed : 22, 
bias_direct: 0.07074213907561122
rmse_direct: 0.07641943602236417
bias_indirect: 0.020256894734165812
rmse_indirect: 0.02398593501881433
bias_total: 0.06133052384402772
rmse_total: 0.07319490376791528
bias_mr: 0.07961493336576073
rmse_mr: 0.09988791719414253
coverage: 0.8275862068965517
