Experiment: expname : baselines_experiment, data : uniform, n_samples : 500, mediator_dimension : 1, covariate_dimension : 1, alpha : 0.5, beta : 0.25, stochasticity : 1, gamma : 0.3, noise : uniform, 
Running with estimator : kme_g_computation, regularization : True, sample_splits : 1, reg_lambda : 0.001, reg_lambda_tilde : 0.001, kernel : gauss, density : gaussian, bandwidth : 0.3, bandwidth_mode : heuristic, epsilon : 0.3, normalized : True, random_seed : 47, 
bias_direct: 0.3590759491742997
rmse_direct: 0.4739630818010802
bias_indirect: 0.3724919752885485
rmse_indirect: 0.5135064790398586
bias_total: 0.044406425323836665
rmse_total: 0.05959464335309899
bias_mr: 0.42229872512917344
rmse_mr: 0.5515797932637548
coverage: 0.0
