Experiment: expname : nonparametric_experiment, data : uniform, n_samples : 500, mediator_dimension : 1, covariate_dimension : 1, alpha : 0.0, beta : 0.0, stochasticity : 1, gamma : 0.3, noise : uniform, 
Running with estimator : kme_g_computation, regularization : True, sample_splits : 1, reg_lambda : 0.001, reg_lambda_tilde : 0.001, kernel : gauss, density : conditional_kernel, bandwidth : 0.3, bandwidth_mode : heuristic, epsilon : 0.1, normalized : True, random_seed : 30, 
bias_direct: 0.13772807031335454
rmse_direct: 0.16028660037124567
bias_indirect: 0.11427068465051309
rmse_indirect: 0.17254777271409016
bias_total: 0.07117612225750865
rmse_total: 0.08643040549466957
bias_mr: 0.14855949249067507
rmse_mr: 0.1750640469500381
coverage: 0.0
