Experiment: expname : baselines_experiment, data : uniform, n_samples : 5000, mediator_dimension : 1, covariate_dimension : 1, alpha : 0.5, beta : 0.25, stochasticity : 1, gamma : 0.3, noise : uniform, 
Running with estimator : linear, regularization : True, sample_splits : 1, reg_lambda : 0.001, reg_lambda_tilde : 0.001, kernel : gauss, density : gaussian, bandwidth : 0.3, bandwidth_mode : heuristic, epsilon : 0.3, normalized : True, random_seed : 56, 
bias_direct: 0.30745370450258797
rmse_direct: 0.3518050056341903
bias_indirect: 0.0012386737380200746
rmse_indirect: 0.0014078185516536643
bias_total: 0.3063691768297438
rmse_total: 0.3505995305153703
bias_mr: 0.29183603333420033
rmse_mr: 0.31092431708319535
coverage: 0.0
