Experiment: expname : baselines_experiment, data : uniform, n_samples : 1000, mediator_dimension : 1, covariate_dimension : 1, alpha : 0.5, beta : 0.25, stochasticity : 1, gamma : 0.3, noise : uniform, 
Running with estimator : linear, regularization : True, sample_splits : 1, reg_lambda : 0.001, reg_lambda_tilde : 0.001, kernel : gauss, density : gaussian, bandwidth : 0.3, bandwidth_mode : heuristic, epsilon : 0.3, normalized : True, random_seed : 6, 
bias_direct: 0.2967701889205011
rmse_direct: 0.33999786206454036
bias_indirect: 0.003454211980792812
rmse_indirect: 0.003925895543468491
bias_total: 0.2937458344306514
rmse_total: 0.3366839702801522
bias_mr: 0.27932073440807614
rmse_mr: 0.29841768634725646
coverage: 0.0
