Experiment: expname : nonparametric_experiment, data : uniform, n_samples : 1000, mediator_dimension : 1, covariate_dimension : 1, alpha : 0.0, beta : 0.0, stochasticity : 1, gamma : 0.3, noise : uniform, 
Running with estimator : kme_dml, regularization : True, sample_splits : 1, reg_lambda : 0.001, reg_lambda_tilde : 0.001, kernel : linear, density : conditional_kernel, bandwidth : 0.3, bandwidth_mode : heuristic, epsilon : 0.1, normalized : True, random_seed : 0, 
bias_direct: 0.054802779078031355
rmse_direct: 0.06654254835669984
bias_indirect: 0.050235322403813995
rmse_indirect: 0.0553741240118744
bias_total: 0.058225216311984455
rmse_total: 0.0731024149082168
bias_mr: 0.06859596764232748
rmse_mr: 0.08421816301416488
coverage: 0.9310344827586207
