Experiment: expname : baselines_experiment, data : uniform, n_samples : 5000, mediator_dimension : 1, covariate_dimension : 1, alpha : 0.5, beta : 0.25, stochasticity : 1, gamma : 0.3, noise : uniform, 
Running with estimator : linear, regularization : True, sample_splits : 1, reg_lambda : 0.001, reg_lambda_tilde : 0.001, kernel : gauss, density : gaussian, bandwidth : 0.3, bandwidth_mode : heuristic, epsilon : 0.3, normalized : True, random_seed : 86, 
bias_direct: 0.2936528141750348
rmse_direct: 0.3365822533782786
bias_indirect: 0.0104493081914467
rmse_indirect: 0.011876194249003155
bias_total: 0.2845038643363016
rmse_total: 0.32664128939766196
bias_mr: 0.2765553160224296
rmse_mr: 0.29533054344462956
coverage: 0.0
