Experiment: expname : baselines_experiment, data : uniform, n_samples : 5000, mediator_dimension : 1, covariate_dimension : 1, alpha : 0.5, beta : 0.25, stochasticity : 1, gamma : 0.3, noise : uniform, 
Running with estimator : ipw, regularization : True, sample_splits : 1, reg_lambda : 0.001, reg_lambda_tilde : 0.001, kernel : gauss, density : gaussian, bandwidth : 0.3, bandwidth_mode : heuristic, epsilon : 0.3, normalized : True, random_seed : 64, 
bias_direct: 0.10124365967757998
rmse_direct: 0.12275659034743132
bias_indirect: 0.06982758620689658
rmse_indirect: 0.07936276378669077
bias_total: 0.05394367988287795
rmse_total: 0.06301717895942763
bias_mr: 0.11942888937246386
rmse_mr: 0.1699550912268972
coverage: 0.0
