Experiment: expname : nonparametric_experiment, data : uniform, n_samples : 500, mediator_dimension : 1, covariate_dimension : 1, alpha : 0.0, beta : 0.0, stochasticity : 1, gamma : 0.3, noise : uniform, 
Running with estimator : ipw, regularization : True, sample_splits : 1, reg_lambda : 0.001, reg_lambda_tilde : 0.001, kernel : linear, density : conditional_kernel, bandwidth : 0.3, bandwidth_mode : heuristic, epsilon : 0.1, normalized : True, random_seed : 16, 
bias_direct: 0.1644002075920703
rmse_direct: 0.19048422106356794
bias_indirect: 0.05431302673880209
rmse_indirect: 0.060721215164502164
bias_total: 0.16069055267910676
rmse_total: 0.18945862828598922
bias_mr: 0.0802327464389711
rmse_mr: 0.09185914838794798
coverage: 0.0
