Experiment: expname : nonparametric_experiment, data : uniform, n_samples : 5000, mediator_dimension : 1, covariate_dimension : 1, alpha : 0.0, beta : 0.0, stochasticity : 1, gamma : 0.3, noise : uniform, 
Running with estimator : kme_dml, regularization : True, sample_splits : 1, reg_lambda : 0.001, reg_lambda_tilde : 0.001, kernel : gauss, density : conditional_kernel, bandwidth : 0.3, bandwidth_mode : heuristic, epsilon : 0.1, normalized : True, random_seed : 49, 
bias_direct: 0.06170365797898731
rmse_direct: 0.06996010827867452
bias_indirect: 0.016963265571833
rmse_indirect: 0.024824293927184514
bias_total: 0.0749456837319607
rmse_total: 0.08274055988699111
bias_mr: 0.047602092889919845
rmse_mr: 0.059124635937403074
coverage: 0.8275862068965517
