Experiment: expname : nonparametric_experiment, data : uniform, n_samples : 5000, mediator_dimension : 1, covariate_dimension : 1, alpha : 0.0, beta : 0.0, stochasticity : 1, gamma : 0.3, noise : uniform, 
Running with estimator : kme_dml, regularization : True, sample_splits : 1, reg_lambda : 0.001, reg_lambda_tilde : 0.001, kernel : linear, density : gaussian, bandwidth : 0.3, bandwidth_mode : heuristic, epsilon : 0.1, normalized : True, random_seed : 95, 
bias_direct: 0.05116169433480989
rmse_direct: 0.05636620552953391
bias_indirect: 0.021924010031125256
rmse_indirect: 0.027746785014623895
bias_total: 0.045053792260494406
rmse_total: 0.04824933641771284
bias_mr: 0.05195156418742082
rmse_mr: 0.06252433252328195
coverage: 0.7931034482758621
