Experiment: expname : nonparametric_experiment, data : uniform, n_samples : 1000, mediator_dimension : 1, covariate_dimension : 1, alpha : 0.0, beta : 0.0, stochasticity : 1, gamma : 0.3, noise : uniform, 
Running with estimator : ipw, regularization : True, sample_splits : 1, reg_lambda : 0.001, reg_lambda_tilde : 0.001, kernel : gauss, density : conditional_kernel, bandwidth : 0.3, bandwidth_mode : heuristic, epsilon : 0.1, normalized : True, random_seed : 14, 
bias_direct: 0.23534684721367366
rmse_direct: 0.258209491772884
bias_indirect: 0.03286882139700829
rmse_indirect: 0.03872227552231525
bias_total: 0.22386292546916792
rmse_total: 0.24582547154709594
bias_mr: 0.11806792756568853
rmse_mr: 0.13871411636649583
coverage: 0.0
