Experiment: expname : nonparametric_experiment, data : uniform, n_samples : 5000, mediator_dimension : 1, covariate_dimension : 1, alpha : 0.0, beta : 0.0, stochasticity : 1, gamma : 0.3, noise : uniform, 
Running with estimator : kme_dml, regularization : True, sample_splits : 1, reg_lambda : 0.001, reg_lambda_tilde : 0.001, kernel : gauss, density : conditional_kernel, bandwidth : 0.3, bandwidth_mode : heuristic, epsilon : 0.1, normalized : True, random_seed : 80, 
bias_direct: 0.03750242706302396
rmse_direct: 0.04191495638379069
bias_indirect: 0.0074407953099671935
rmse_indirect: 0.008159361288589403
bias_total: 0.03693102243520276
rmse_total: 0.042120974139912906
bias_mr: 0.023341661306771146
rmse_mr: 0.03033959131537534
coverage: 1.0
