Experiment: expname : nonparametric_experiment, data : uniform, n_samples : 500, mediator_dimension : 1, covariate_dimension : 1, alpha : 0.0, beta : 0.0, stochasticity : 1, gamma : 0.3, noise : uniform, 
Running with estimator : kme_g_computation, regularization : True, sample_splits : 1, reg_lambda : 0.001, reg_lambda_tilde : 0.001, kernel : gauss, density : gaussian, bandwidth : 0.3, bandwidth_mode : heuristic, epsilon : 0.1, normalized : True, random_seed : 98, 
bias_direct: 0.20754096410792658
rmse_direct: 0.23212024182808985
bias_indirect: 0.25106239688275767
rmse_indirect: 0.274352113733143
bias_total: 0.04758925627349642
rmse_total: 0.05248742111320185
bias_mr: 0.20336976096996479
rmse_mr: 0.23143498485344755
coverage: 0.0
