Experiment: expname : nonparametric_experiment, data : uniform, n_samples : 1000, mediator_dimension : 1, covariate_dimension : 1, alpha : 0.0, beta : 0.0, stochasticity : 1, gamma : 0.3, noise : uniform, 
Running with estimator : ipw, regularization : True, sample_splits : 1, reg_lambda : 0.001, reg_lambda_tilde : 0.001, kernel : gauss, density : gaussian, bandwidth : 0.3, bandwidth_mode : heuristic, epsilon : 0.1, normalized : True, random_seed : 62, 
bias_direct: 0.19101947633623373
rmse_direct: 0.23106333835628015
bias_indirect: 0.06982758620689661
rmse_indirect: 0.07936276378669078
bias_total: 0.1919505108189922
rmse_total: 0.2209421169651955
bias_mr: 0.11550840510269038
rmse_mr: 0.1465927451226652
coverage: 0.0
