Experiment: expname : nonparametric_experiment, data : uniform, n_samples : 1000, mediator_dimension : 1, covariate_dimension : 1, alpha : 0.0, beta : 0.0, stochasticity : 1, gamma : 0.3, noise : uniform, 
Running with estimator : kme_dml, regularization : True, sample_splits : 1, reg_lambda : 0.001, reg_lambda_tilde : 0.001, kernel : linear, density : conditional_kernel, bandwidth : 0.3, bandwidth_mode : heuristic, epsilon : 0.1, normalized : True, random_seed : 5, 
bias_direct: 0.03816728741757198
rmse_direct: 0.058651778928761125
bias_indirect: 0.01568679731566214
rmse_indirect: 0.01820263143099807
bias_total: 0.04860486602460548
rmse_total: 0.06763289408244044
bias_mr: 0.05152804515096441
rmse_mr: 0.06806542308528443
coverage: 0.9655172413793104
