Experiment: expname : nonparametric_experiment, data : uniform, n_samples : 5000, mediator_dimension : 1, covariate_dimension : 1, alpha : 0.0, beta : 0.0, stochasticity : 1, gamma : 0.3, noise : uniform, 
Running with estimator : kme_dml, regularization : True, sample_splits : 1, reg_lambda : 0.001, reg_lambda_tilde : 0.001, kernel : linear, density : conditional_kernel, bandwidth : 0.3, bandwidth_mode : heuristic, epsilon : 0.1, normalized : True, random_seed : 79, 
bias_direct: 0.03557216901969263
rmse_direct: 0.04220956634926363
bias_indirect: 0.008414620313963221
rmse_indirect: 0.009683858818821786
bias_total: 0.03889651770256282
rmse_total: 0.04819487167803203
bias_mr: 0.043807687989205826
rmse_mr: 0.051378446994074324
coverage: 0.7931034482758621
