Experiment: expname : baselines_experiment, data : uniform, n_samples : 5000, mediator_dimension : 1, covariate_dimension : 1, alpha : 0.5, beta : 0.25, stochasticity : 1, gamma : 0.3, noise : uniform, 
Running with estimator : ipw, regularization : True, sample_splits : 1, reg_lambda : 0.001, reg_lambda_tilde : 0.001, kernel : gauss, density : gaussian, bandwidth : 0.3, bandwidth_mode : heuristic, epsilon : 0.3, normalized : True, random_seed : 68, 
bias_direct: 0.12500911076147536
rmse_direct: 0.1497262274490708
bias_indirect: 0.0698275862068966
rmse_indirect: 0.07936276378669077
bias_total: 0.12015478828714929
rmse_total: 0.13143846962787628
bias_mr: 0.08275415861705179
rmse_mr: 0.12917082753255496
coverage: 0.0
