Experiment: expname : nonparametric_experiment, data : uniform, n_samples : 500, mediator_dimension : 1, covariate_dimension : 1, alpha : 0.0, beta : 0.0, stochasticity : 1, gamma : 0.3, noise : uniform, 
Running with estimator : kme_g_computation, regularization : True, sample_splits : 1, reg_lambda : 0.001, reg_lambda_tilde : 0.001, kernel : linear, density : gaussian, bandwidth : 0.3, bandwidth_mode : heuristic, epsilon : 0.1, normalized : True, random_seed : 58, 
bias_direct: 0.1608828936219199
rmse_direct: 0.1832859373462315
bias_indirect: 0.11803125238964036
rmse_indirect: 0.1341488216434119
bias_total: 0.04285164123227957
rmse_total: 0.049512002828557
bias_mr: 0.16075410795016196
rmse_mr: 0.1851916942012877
coverage: 0.0
