Experiment: expname : nonparametric_experiment, data : uniform, n_samples : 5000, mediator_dimension : 1, covariate_dimension : 1, alpha : 0.0, beta : 0.0, stochasticity : 1, gamma : 0.3, noise : uniform, 
Running with estimator : kme_dml, regularization : True, sample_splits : 1, reg_lambda : 0.001, reg_lambda_tilde : 0.001, kernel : gauss, density : conditional_kernel, bandwidth : 0.3, bandwidth_mode : heuristic, epsilon : 0.1, normalized : True, random_seed : 88, 
bias_direct: 0.029568134025758447
rmse_direct: 0.04024979583075864
bias_indirect: 0.012240690517639027
rmse_indirect: 0.01406077312055394
bias_total: 0.02870003204669689
rmse_total: 0.03534346481545125
bias_mr: 0.01735824231621615
rmse_mr: 0.02094117194329969
coverage: 1.0
