Experiment: expname : nonparametric_experiment, data : uniform, n_samples : 1000, mediator_dimension : 1, covariate_dimension : 1, alpha : 0.0, beta : 0.0, stochasticity : 1, gamma : 0.3, noise : uniform, 
Running with estimator : kme_dml, regularization : True, sample_splits : 1, reg_lambda : 0.001, reg_lambda_tilde : 0.001, kernel : linear, density : conditional_kernel, bandwidth : 0.3, bandwidth_mode : heuristic, epsilon : 0.1, normalized : True, random_seed : 71, 
bias_direct: 0.03667671966591493
rmse_direct: 0.050062193933279917
bias_indirect: 0.0172560595384641
rmse_indirect: 0.02150671422696572
bias_total: 0.029334163191248482
rmse_total: 0.03747586415604856
bias_mr: 0.036746374455631836
rmse_mr: 0.05097818666038868
coverage: 1.0
