Experiment: expname : baselines_experiment, data : uniform, n_samples : 5000, mediator_dimension : 1, covariate_dimension : 1, alpha : 0.5, beta : 0.25, stochasticity : 1, gamma : 0.3, noise : uniform, 
Running with estimator : kme_dml, regularization : True, sample_splits : 1, reg_lambda : 0.001, reg_lambda_tilde : 0.001, kernel : gauss, density : gaussian, bandwidth : 0.3, bandwidth_mode : heuristic, epsilon : 0.3, normalized : True, random_seed : 50, 
bias_direct: 0.04384158639234769
rmse_direct: 0.049301513184718475
bias_indirect: 0.010900842250997503
rmse_indirect: 0.013816048444012017
bias_total: 0.04859288613278786
rmse_total: 0.05414394958300521
bias_mr: 0.04780685416966235
rmse_mr: 0.06179594625435429
coverage: 0.896551724137931
