Experiment: expname : baselines_experiment, data : uniform, n_samples : 500, mediator_dimension : 1, covariate_dimension : 1, alpha : 0.5, beta : 0.25, stochasticity : 1, gamma : 0.3, noise : uniform, 
Running with estimator : ipw, regularization : True, sample_splits : 1, reg_lambda : 0.001, reg_lambda_tilde : 0.001, kernel : gauss, density : gaussian, bandwidth : 0.3, bandwidth_mode : heuristic, epsilon : 0.3, normalized : True, random_seed : 36, 
bias_direct: 0.15097796005142514
rmse_direct: 0.20764389369380007
bias_indirect: 0.0698275862068966
rmse_indirect: 0.07936276378669078
bias_total: 0.11922944733617809
rmse_total: 0.15275226147852403
bias_mr: 0.1790765097285605
rmse_mr: 0.2845633554195115
coverage: 0.0
