Experiment: expname : baselines_experiment, data : uniform, n_samples : 5000, mediator_dimension : 1, covariate_dimension : 1, alpha : 0.5, beta : 0.25, stochasticity : 1, gamma : 0.3, noise : uniform, 
Running with estimator : ipw, regularization : True, sample_splits : 1, reg_lambda : 0.001, reg_lambda_tilde : 0.001, kernel : gauss, density : gaussian, bandwidth : 0.3, bandwidth_mode : heuristic, epsilon : 0.3, normalized : True, random_seed : 37, 
bias_direct: 0.05907902411370976
rmse_direct: 0.07428146364631873
bias_indirect: 0.0698275862068966
rmse_indirect: 0.07936276378669078
bias_total: 0.03472647385774777
rmse_total: 0.044153207467908344
bias_mr: 0.11595107873785138
rmse_mr: 0.1535878718553703
coverage: 0.0
