Experiment: expname : baselines_experiment, data : uniform, n_samples : 500, mediator_dimension : 1, covariate_dimension : 1, alpha : 0.5, beta : 0.25, stochasticity : 1, gamma : 0.3, noise : uniform, 
Running with estimator : linear, regularization : True, sample_splits : 1, reg_lambda : 0.001, reg_lambda_tilde : 0.001, kernel : gauss, density : gaussian, bandwidth : 0.3, bandwidth_mode : heuristic, epsilon : 0.3, normalized : True, random_seed : 59, 
bias_direct: 0.298295142776365
rmse_direct: 0.3416737256218775
bias_indirect: 0.0012603633300589834
rmse_indirect: 0.0014324699260333143
bias_total: 0.2993986608920166
rmse_total: 0.34288846702416803
bias_mr: 0.2814014705546468
rmse_mr: 0.30020958228255046
coverage: 0.0
