Experiment: expname : nonparametric_experiment, data : uniform, n_samples : 5000, mediator_dimension : 1, covariate_dimension : 1, alpha : 0.0, beta : 0.0, stochasticity : 1, gamma : 0.3, noise : uniform, 
Running with estimator : kme_dml, regularization : True, sample_splits : 1, reg_lambda : 0.001, reg_lambda_tilde : 0.001, kernel : gauss, density : gaussian, bandwidth : 0.3, bandwidth_mode : heuristic, epsilon : 0.1, normalized : True, random_seed : 38, 
bias_direct: 0.029077663967423048
rmse_direct: 0.03498703738340662
bias_indirect: 0.006308253514234841
rmse_indirect: 0.007347912338050068
bias_total: 0.03165061396256444
rmse_total: 0.038202971309255485
bias_mr: 0.01895207417389262
rmse_mr: 0.02481203694983536
coverage: 1.0
