Experiment: expname : nonparametric_experiment, data : uniform, n_samples : 1000, mediator_dimension : 1, covariate_dimension : 1, alpha : 0.0, beta : 0.0, stochasticity : 1, gamma : 0.3, noise : uniform, 
Running with estimator : kme_dml, regularization : True, sample_splits : 1, reg_lambda : 0.001, reg_lambda_tilde : 0.001, kernel : linear, density : gaussian, bandwidth : 0.3, bandwidth_mode : heuristic, epsilon : 0.1, normalized : True, random_seed : 91, 
bias_direct: 0.06494598547942607
rmse_direct: 0.07716243636079013
bias_indirect: 0.009608089043668723
rmse_indirect: 0.011891364077724226
bias_total: 0.06162452546893903
rmse_total: 0.07363827538162696
bias_mr: 0.03463742086474255
rmse_mr: 0.040917988540193524
coverage: 1.0
