Experiment: expname : nonparametric_experiment, data : uniform, n_samples : 5000, mediator_dimension : 1, covariate_dimension : 1, alpha : 0.0, beta : 0.0, stochasticity : 1, gamma : 0.3, noise : uniform, 
Running with estimator : kme_dml, regularization : True, sample_splits : 1, reg_lambda : 0.001, reg_lambda_tilde : 0.001, kernel : linear, density : gaussian, bandwidth : 0.3, bandwidth_mode : heuristic, epsilon : 0.1, normalized : True, random_seed : 89, 
bias_direct: 0.022007261022596643
rmse_direct: 0.028450089027076485
bias_indirect: 0.013347292674610059
rmse_indirect: 0.014097530168710919
bias_total: 0.028488645106602945
rmse_total: 0.03751001263562178
bias_mr: 0.023451971676108057
rmse_mr: 0.027296996087498002
coverage: 1.0
