Experiment: expname : nonparametric_experiment, data : uniform, n_samples : 500, mediator_dimension : 1, covariate_dimension : 1, alpha : 0.0, beta : 0.0, stochasticity : 1, gamma : 0.3, noise : uniform, 
Running with estimator : kme_dml, regularization : True, sample_splits : 1, reg_lambda : 0.001, reg_lambda_tilde : 0.001, kernel : gauss, density : gaussian, bandwidth : 0.3, bandwidth_mode : heuristic, epsilon : 0.1, normalized : True, random_seed : 86, 
bias_direct: 0.03788811390256348
rmse_direct: 0.04802461274487978
bias_indirect: 0.015389155675860744
rmse_indirect: 0.020863289710499958
bias_total: 0.05039169973173273
rmse_total: 0.05904362978460697
bias_mr: 0.12964936734714314
rmse_mr: 0.14152504804892327
coverage: 0.7931034482758621
