Experiment: expname : nonparametric_experiment, data : uniform, n_samples : 1000, mediator_dimension : 1, covariate_dimension : 1, alpha : 0.0, beta : 0.0, stochasticity : 1, gamma : 0.3, noise : uniform, 
Running with estimator : kme_dml, regularization : True, sample_splits : 1, reg_lambda : 0.001, reg_lambda_tilde : 0.001, kernel : linear, density : gaussian, bandwidth : 0.3, bandwidth_mode : heuristic, epsilon : 0.1, normalized : True, random_seed : 64, 
bias_direct: 0.02396515271423163
rmse_direct: 0.03161144405933308
bias_indirect: 0.012968412421337455
rmse_indirect: 0.01498794378837753
bias_total: 0.02101988438236435
rmse_total: 0.025855662038954477
bias_mr: 0.025472154504578428
rmse_mr: 0.02846722386844577
coverage: 1.0
