Experiment: expname : nonparametric_experiment, data : uniform, n_samples : 500, mediator_dimension : 1, covariate_dimension : 1, alpha : 0.0, beta : 0.0, stochasticity : 1, gamma : 0.3, noise : uniform, 
Running with estimator : kme_dml, regularization : True, sample_splits : 1, reg_lambda : 0.001, reg_lambda_tilde : 0.001, kernel : linear, density : gaussian, bandwidth : 0.3, bandwidth_mode : heuristic, epsilon : 0.1, normalized : True, random_seed : 88, 
bias_direct: 0.08340110281131702
rmse_direct: 0.11050510569679954
bias_indirect: 0.027025095494032116
rmse_indirect: 0.029852509643159508
bias_total: 0.08756046476974035
rmse_total: 0.12666968562156686
bias_mr: 0.056333949734363585
rmse_mr: 0.0825125033629913
coverage: 1.0
