Experiment: expname : nonparametric_experiment, data : uniform, n_samples : 1000, mediator_dimension : 1, covariate_dimension : 1, alpha : 0.0, beta : 0.0, stochasticity : 1, gamma : 0.3, noise : uniform, 
Running with estimator : kme_g_computation, regularization : True, sample_splits : 1, reg_lambda : 0.001, reg_lambda_tilde : 0.001, kernel : gauss, density : gaussian, bandwidth : 0.3, bandwidth_mode : heuristic, epsilon : 0.1, normalized : True, random_seed : 97, 
bias_direct: 0.12706716187741277
rmse_direct: 0.15155267270203432
bias_indirect: 0.11515021119444493
rmse_indirect: 0.13759135991951746
bias_total: 0.0377647764712185
rmse_total: 0.04570511719348222
bias_mr: 0.1493582715536974
rmse_mr: 0.18416211960914958
coverage: 0.0
