Experiment: expname : nonparametric_experiment, data : uniform, n_samples : 500, mediator_dimension : 1, covariate_dimension : 1, alpha : 0.0, beta : 0.0, stochasticity : 1, gamma : 0.3, noise : uniform, 
Running with estimator : kme_g_computation, regularization : True, sample_splits : 1, reg_lambda : 0.001, reg_lambda_tilde : 0.001, kernel : gauss, density : gaussian, bandwidth : 0.3, bandwidth_mode : heuristic, epsilon : 0.1, normalized : True, random_seed : 1, 
bias_direct: 0.17852165815823068
rmse_direct: 0.19718115577037226
bias_indirect: 0.09389004360887812
rmse_indirect: 0.12717760703559125
bias_total: 0.0962350938082158
rmse_total: 0.11868553085074406
bias_mr: 0.2050937577407262
rmse_mr: 0.23759213203459073
coverage: 0.0
