Experiment: expname : nonparametric_experiment, data : uniform, n_samples : 5000, mediator_dimension : 1, covariate_dimension : 1, alpha : 0.0, beta : 0.0, stochasticity : 1, gamma : 0.3, noise : uniform, 
Running with estimator : kme_dml, regularization : True, sample_splits : 1, reg_lambda : 0.001, reg_lambda_tilde : 0.001, kernel : gauss, density : conditional_kernel, bandwidth : 0.3, bandwidth_mode : heuristic, epsilon : 0.1, normalized : True, random_seed : 44, 
bias_direct: 0.046613463366584396
rmse_direct: 0.054234450289663096
bias_indirect: 0.009678911152762988
rmse_indirect: 0.012686734570729845
bias_total: 0.045249370558230494
rmse_total: 0.0506291682313392
bias_mr: 0.040324906095783056
rmse_mr: 0.045941694998860805
coverage: 0.9655172413793104
