Experiment: expname : nonparametric_experiment, data : uniform, n_samples : 5000, mediator_dimension : 1, covariate_dimension : 1, alpha : 0.0, beta : 0.0, stochasticity : 1, gamma : 0.3, noise : uniform, 
Running with estimator : kme_dml, regularization : True, sample_splits : 1, reg_lambda : 0.001, reg_lambda_tilde : 0.001, kernel : gauss, density : gaussian, bandwidth : 0.3, bandwidth_mode : heuristic, epsilon : 0.1, normalized : True, random_seed : 94, 
bias_direct: 0.016972018146432774
rmse_direct: 0.02117150557898875
bias_indirect: 0.00731709413508999
rmse_indirect: 0.009432928713253809
bias_total: 0.022523908494399045
rmse_total: 0.027022126428645335
bias_mr: 0.044002598530655884
rmse_mr: 0.047576272469081436
coverage: 1.0
