Experiment: expname : nonparametric_experiment, data : uniform, n_samples : 5000, mediator_dimension : 1, covariate_dimension : 1, alpha : 0.0, beta : 0.0, stochasticity : 1, gamma : 0.3, noise : uniform, 
Running with estimator : kme_dml, regularization : True, sample_splits : 1, reg_lambda : 0.001, reg_lambda_tilde : 0.001, kernel : gauss, density : gaussian, bandwidth : 0.3, bandwidth_mode : heuristic, epsilon : 0.1, normalized : True, random_seed : 95, 
bias_direct: 0.05181903807679326
rmse_direct: 0.056884277798840935
bias_indirect: 0.021052181584046026
rmse_indirect: 0.02686046823379637
bias_total: 0.04516059744468973
rmse_total: 0.0484650402604043
bias_mr: 0.05421102472815257
rmse_mr: 0.06443826625293123
coverage: 0.7586206896551724
