Experiment: expname : nonparametric_experiment, data : uniform, n_samples : 5000, mediator_dimension : 1, covariate_dimension : 1, alpha : 0.0, beta : 0.0, stochasticity : 1, gamma : 0.3, noise : uniform, 
Running with estimator : kme_dml, regularization : True, sample_splits : 1, reg_lambda : 0.001, reg_lambda_tilde : 0.001, kernel : gauss, density : conditional_kernel, bandwidth : 0.3, bandwidth_mode : heuristic, epsilon : 0.1, normalized : True, random_seed : 62, 
bias_direct: 0.019585512649203687
rmse_direct: 0.026375876435857735
bias_indirect: 0.005898041406063613
rmse_indirect: 0.008147347911966524
bias_total: 0.02117066773328195
rmse_total: 0.02920050979235988
bias_mr: 0.020033412863631198
rmse_mr: 0.022469329033127903
coverage: 1.0
