Experiment: expname : nonparametric_experiment, data : uniform, n_samples : 5000, mediator_dimension : 1, covariate_dimension : 1, alpha : 0.0, beta : 0.0, stochasticity : 1, gamma : 0.3, noise : uniform, 
Running with estimator : kme_dml, regularization : True, sample_splits : 1, reg_lambda : 0.001, reg_lambda_tilde : 0.001, kernel : linear, density : conditional_kernel, bandwidth : 0.3, bandwidth_mode : heuristic, epsilon : 0.1, normalized : True, random_seed : 33, 
bias_direct: 0.04607357572308602
rmse_direct: 0.052415111877507976
bias_indirect: 0.009051622991480934
rmse_indirect: 0.010009749235748005
bias_total: 0.051735750861840915
rmse_total: 0.05947428660104835
bias_mr: 0.039317721040369256
rmse_mr: 0.04736539381119362
coverage: 0.896551724137931
