Experiment: expname : nonparametric_experiment, data : uniform, n_samples : 1000, mediator_dimension : 1, covariate_dimension : 1, alpha : 0.0, beta : 0.0, stochasticity : 1, gamma : 0.3, noise : uniform, 
Running with estimator : kme_g_computation, regularization : True, sample_splits : 1, reg_lambda : 0.001, reg_lambda_tilde : 0.001, kernel : linear, density : gaussian, bandwidth : 0.3, bandwidth_mode : heuristic, epsilon : 0.1, normalized : True, random_seed : 23, 
bias_direct: 0.16723717847382946
rmse_direct: 0.19297903369731464
bias_indirect: 0.19283229366605636
rmse_indirect: 0.21916418371336563
bias_total: 0.02593648172321314
rmse_total: 0.03829263296212125
bias_mr: 0.16571378637668369
rmse_mr: 0.1909324672062856
coverage: 0.0
