Experiment: expname : nonparametric_experiment, data : uniform, n_samples : 5000, mediator_dimension : 1, covariate_dimension : 1, alpha : 0.0, beta : 0.0, stochasticity : 1, gamma : 0.3, noise : uniform, 
Running with estimator : kme_dml, regularization : True, sample_splits : 1, reg_lambda : 0.001, reg_lambda_tilde : 0.001, kernel : linear, density : conditional_kernel, bandwidth : 0.3, bandwidth_mode : heuristic, epsilon : 0.1, normalized : True, random_seed : 74, 
bias_direct: 0.03643340311754143
rmse_direct: 0.042793836309833036
bias_indirect: 0.012176631593161813
rmse_indirect: 0.015687793300129597
bias_total: 0.03911824896244163
rmse_total: 0.04777130303425097
bias_mr: 0.05631418806559719
rmse_mr: 0.06742550596591236
coverage: 0.7931034482758621
