Experiment: expname : nonparametric_experiment, data : uniform, n_samples : 1000, mediator_dimension : 1, covariate_dimension : 1, alpha : 0.0, beta : 0.0, stochasticity : 1, gamma : 0.3, noise : uniform, 
Running with estimator : kme_g_computation, regularization : True, sample_splits : 1, reg_lambda : 0.001, reg_lambda_tilde : 0.001, kernel : gauss, density : conditional_kernel, bandwidth : 0.3, bandwidth_mode : heuristic, epsilon : 0.1, normalized : True, random_seed : 71, 
bias_direct: 0.1513883750636816
rmse_direct: 0.17063044177978592
bias_indirect: 0.1318564728297159
rmse_indirect: 0.1508207794581024
bias_total: 0.019531902233965687
rmse_total: 0.02075422683941304
bias_mr: 0.1602252131504308
rmse_mr: 0.1832044791137168
coverage: 0.0
