Experiment: expname : nonparametric_experiment, data : uniform, n_samples : 5000, mediator_dimension : 1, covariate_dimension : 1, alpha : 0.0, beta : 0.0, stochasticity : 1, gamma : 0.3, noise : uniform, 
Running with estimator : kme_g_computation, regularization : True, sample_splits : 1, reg_lambda : 0.001, reg_lambda_tilde : 0.001, kernel : gauss, density : conditional_kernel, bandwidth : 0.3, bandwidth_mode : heuristic, epsilon : 0.1, normalized : True, random_seed : 89, 
bias_direct: 0.16256133899212571
rmse_direct: 0.18478040838428403
bias_indirect: 0.16005309584330765
rmse_indirect: 0.18398809300047467
bias_total: 0.02065545594204295
rmse_total: 0.02569196992724545
bias_mr: 0.16633796291964745
rmse_mr: 0.18988286190601003
coverage: 0.0
