Experiment: expname : nonparametric_experiment, data : uniform, n_samples : 500, mediator_dimension : 1, covariate_dimension : 1, alpha : 0.0, beta : 0.0, stochasticity : 1, gamma : 0.3, noise : uniform, 
Running with estimator : ipw, regularization : True, sample_splits : 1, reg_lambda : 0.001, reg_lambda_tilde : 0.001, kernel : gauss, density : gaussian, bandwidth : 0.3, bandwidth_mode : heuristic, epsilon : 0.1, normalized : True, random_seed : 30, 
bias_direct: 0.18824865440610924
rmse_direct: 0.2267601205266382
bias_indirect: 0.06982758620689661
rmse_indirect: 0.0793627637866908
bias_total: 0.18264585232476485
rmse_total: 0.20831900971368567
bias_mr: 0.12677278279371537
rmse_mr: 0.14889386984081845
coverage: 0.0
