Experiment: expname : baselines_experiment, data : uniform, n_samples : 500, mediator_dimension : 1, covariate_dimension : 1, alpha : 0.5, beta : 0.25, stochasticity : 1, gamma : 0.3, noise : uniform, 
Running with estimator : ipw, regularization : True, sample_splits : 1, reg_lambda : 0.001, reg_lambda_tilde : 0.001, kernel : gauss, density : gaussian, bandwidth : 0.3, bandwidth_mode : heuristic, epsilon : 0.3, normalized : True, random_seed : 31, 
bias_direct: 0.15891043613222064
rmse_direct: 0.20950006464130752
bias_indirect: 0.06982758620689662
rmse_indirect: 0.0793627637866908
bias_total: 0.13874310282130625
rmse_total: 0.1761168203924073
bias_mr: 0.20441913772651096
rmse_mr: 0.24413315156544946
coverage: 0.0
