Experiment: expname : nonparametric_experiment, data : uniform, n_samples : 1000, mediator_dimension : 1, covariate_dimension : 1, alpha : 0.0, beta : 0.0, stochasticity : 1, gamma : 0.3, noise : uniform, 
Running with estimator : kme_g_computation, regularization : True, sample_splits : 1, reg_lambda : 0.001, reg_lambda_tilde : 0.001, kernel : linear, density : conditional_kernel, bandwidth : 0.3, bandwidth_mode : heuristic, epsilon : 0.1, normalized : True, random_seed : 78, 
bias_direct: 0.1690765709242015
rmse_direct: 0.1922796389491027
bias_indirect: 0.16684908613465504
rmse_indirect: 0.18963288990184743
bias_total: 0.0023120824994408737
rmse_total: 0.0035069509361299604
bias_mr: 0.16932798606767396
rmse_mr: 0.19309443634499904
coverage: 0.0
