Experiment: expname : nonparametric_experiment, data : uniform, n_samples : 500, mediator_dimension : 1, covariate_dimension : 1, alpha : 0.0, beta : 0.0, stochasticity : 1, gamma : 0.3, noise : uniform, 
Running with estimator : kme_dml, regularization : True, sample_splits : 1, reg_lambda : 0.001, reg_lambda_tilde : 0.001, kernel : linear, density : conditional_kernel, bandwidth : 0.3, bandwidth_mode : heuristic, epsilon : 0.1, normalized : True, random_seed : 57, 
bias_direct: 0.06748029818552063
rmse_direct: 0.0825676578795621
bias_indirect: 0.011264097586664225
rmse_indirect: 0.016962370952150828
bias_total: 0.058835466722491424
rmse_total: 0.06920111243360391
bias_mr: 0.08396688569832153
rmse_mr: 0.10976221254745659
coverage: 0.896551724137931
