Experiment: expname : nonparametric_experiment, data : uniform, n_samples : 5000, mediator_dimension : 1, covariate_dimension : 1, alpha : 0.0, beta : 0.0, stochasticity : 1, gamma : 0.3, noise : uniform, 
Running with estimator : ipw, regularization : True, sample_splits : 1, reg_lambda : 0.001, reg_lambda_tilde : 0.001, kernel : linear, density : gaussian, bandwidth : 0.3, bandwidth_mode : heuristic, epsilon : 0.1, normalized : True, random_seed : 60, 
bias_direct: 0.08975316303586235
rmse_direct: 0.10048870550671606
bias_indirect: 0.0698275862068966
rmse_indirect: 0.07936276378669078
bias_total: 0.03229266043273889
rmse_total: 0.038715321396616736
bias_mr: 0.09070842866947247
rmse_mr: 0.10262287753384942
coverage: 0.0
