Experiment: expname : nonparametric_experiment, data : uniform, n_samples : 500, mediator_dimension : 1, covariate_dimension : 1, alpha : 0.0, beta : 0.0, stochasticity : 1, gamma : 0.3, noise : uniform, 
Running with estimator : kme_dml, regularization : True, sample_splits : 1, reg_lambda : 0.001, reg_lambda_tilde : 0.001, kernel : linear, density : conditional_kernel, bandwidth : 0.3, bandwidth_mode : heuristic, epsilon : 0.1, normalized : True, random_seed : 76, 
bias_direct: 0.14614830549322533
rmse_direct: 0.1652224144195678
bias_indirect: 0.012839906997838983
rmse_indirect: 0.01587423555805508
bias_total: 0.15846535315624022
rmse_total: 0.1804165682631258
bias_mr: 0.15723487672891132
rmse_mr: 0.1810891524417487
coverage: 0.6206896551724138
