Experiment: expname : baselines_experiment, data : uniform, n_samples : 1000, mediator_dimension : 1, covariate_dimension : 1, alpha : 0.5, beta : 0.25, stochasticity : 1, gamma : 0.3, noise : uniform, 
Running with estimator : ipw, regularization : True, sample_splits : 1, reg_lambda : 0.001, reg_lambda_tilde : 0.001, kernel : gauss, density : gaussian, bandwidth : 0.3, bandwidth_mode : heuristic, epsilon : 0.3, normalized : True, random_seed : 64, 
bias_direct: 0.09865384765898735
rmse_direct: 0.11670781637120854
bias_indirect: 0.0698275862068966
rmse_indirect: 0.07936276378669078
bias_total: 0.07556378692023143
rmse_total: 0.08934030456004463
bias_mr: 0.13463893330745935
rmse_mr: 0.17116524158734486
coverage: 0.0
