Experiment: expname : nonparametric_experiment, data : uniform, n_samples : 500, mediator_dimension : 1, covariate_dimension : 1, alpha : 0.0, beta : 0.0, stochasticity : 1, gamma : 0.3, noise : uniform, 
Running with estimator : kme_dml, regularization : True, sample_splits : 1, reg_lambda : 0.001, reg_lambda_tilde : 0.001, kernel : linear, density : gaussian, bandwidth : 0.3, bandwidth_mode : heuristic, epsilon : 0.1, normalized : True, random_seed : 22, 
bias_direct: 0.052991991992924786
rmse_direct: 0.06272552028722031
bias_indirect: 0.021416051702688604
rmse_indirect: 0.02914804573104734
bias_total: 0.062348652567668576
rmse_total: 0.07390062729514606
bias_mr: 0.11987946844595984
rmse_mr: 0.12955098471747964
coverage: 0.9310344827586207
