Experiment: expname : nonparametric_experiment, data : uniform, n_samples : 500, mediator_dimension : 1, covariate_dimension : 1, alpha : 0.0, beta : 0.0, stochasticity : 1, gamma : 0.3, noise : uniform, 
Running with estimator : kme_dml, regularization : True, sample_splits : 1, reg_lambda : 0.001, reg_lambda_tilde : 0.001, kernel : linear, density : gaussian, bandwidth : 0.3, bandwidth_mode : heuristic, epsilon : 0.1, normalized : True, random_seed : 79, 
bias_direct: 0.09075032322142457
rmse_direct: 0.10493021145919328
bias_indirect: 0.027843290973322582
rmse_indirect: 0.032248842857701875
bias_total: 0.0635013104518052
rmse_total: 0.07700184868239249
bias_mr: 0.050092431209578084
rmse_mr: 0.05862924755170975
coverage: 1.0
