Experiment: expname : baselines_experiment, data : uniform, n_samples : 5000, mediator_dimension : 1, covariate_dimension : 1, alpha : 0.5, beta : 0.25, stochasticity : 1, gamma : 0.3, noise : uniform, 
Running with estimator : ipw, regularization : True, sample_splits : 1, reg_lambda : 0.001, reg_lambda_tilde : 0.001, kernel : gauss, density : gaussian, bandwidth : 0.3, bandwidth_mode : heuristic, epsilon : 0.3, normalized : True, random_seed : 65, 
bias_direct: 0.08648927177422307
rmse_direct: 0.10597779007941499
bias_indirect: 0.06982758620689664
rmse_indirect: 0.0793627637866908
bias_total: 0.05471088907316964
rmse_total: 0.06431767301511654
bias_mr: 0.1097571452710833
rmse_mr: 0.14443828571489037
coverage: 0.0
