Experiment: expname : nonparametric_experiment, data : uniform, n_samples : 500, mediator_dimension : 1, covariate_dimension : 1, alpha : 0.0, beta : 0.0, stochasticity : 1, gamma : 0.3, noise : uniform, 
Running with estimator : kme_dml, regularization : True, sample_splits : 1, reg_lambda : 0.001, reg_lambda_tilde : 0.001, kernel : linear, density : gaussian, bandwidth : 0.3, bandwidth_mode : heuristic, epsilon : 0.1, normalized : True, random_seed : 0, 
bias_direct: 0.09410082155588904
rmse_direct: 0.10952771725899031
bias_indirect: 0.02632836125032452
rmse_indirect: 0.03859709411287144
bias_total: 0.06947092362587994
rmse_total: 0.09218914529879794
bias_mr: 0.04872364661741044
rmse_mr: 0.061226208368444175
coverage: 1.0
