Experiment: expname : nonparametric_experiment, data : uniform, n_samples : 5000, mediator_dimension : 1, covariate_dimension : 1, alpha : 0.0, beta : 0.0, stochasticity : 1, gamma : 0.3, noise : uniform, 
Running with estimator : kme_dml, regularization : True, sample_splits : 1, reg_lambda : 0.001, reg_lambda_tilde : 0.001, kernel : linear, density : conditional_kernel, bandwidth : 0.3, bandwidth_mode : heuristic, epsilon : 0.1, normalized : True, random_seed : 14, 
bias_direct: 0.037468524136071615
rmse_direct: 0.04542014955438255
bias_indirect: 0.008514367838199543
rmse_indirect: 0.014394824843832664
bias_total: 0.03486040315242001
rmse_total: 0.04150987997201559
bias_mr: 0.03320745035023549
rmse_mr: 0.042771702379057475
coverage: 0.9310344827586207
