Experiment: expname : nonparametric_experiment, data : uniform, n_samples : 5000, mediator_dimension : 1, covariate_dimension : 1, alpha : 0.0, beta : 0.0, stochasticity : 1, gamma : 0.3, noise : uniform, 
Running with estimator : ipw, regularization : True, sample_splits : 1, reg_lambda : 0.001, reg_lambda_tilde : 0.001, kernel : linear, density : conditional_kernel, bandwidth : 0.3, bandwidth_mode : heuristic, epsilon : 0.1, normalized : True, random_seed : 16, 
bias_direct: 0.04148338287094218
rmse_direct: 0.051094014531612046
bias_indirect: 0.020255979264496224
rmse_indirect: 0.026297500923231198
bias_total: 0.04235166304837774
rmse_total: 0.05312891956414964
bias_mr: 0.061082094765456424
rmse_mr: 0.07031162893811894
coverage: 0.0
