Experiment: expname : baselines_experiment, data : uniform, n_samples : 5000, mediator_dimension : 1, covariate_dimension : 1, alpha : 0.5, beta : 0.25, stochasticity : 1, gamma : 0.3, noise : uniform, 
Running with estimator : linear, regularization : True, sample_splits : 1, reg_lambda : 0.001, reg_lambda_tilde : 0.001, kernel : gauss, density : gaussian, bandwidth : 0.3, bandwidth_mode : heuristic, epsilon : 0.3, normalized : True, random_seed : 24, 
bias_direct: 0.2807257249687207
rmse_direct: 0.322574269357912
bias_indirect: 0.0025963087716342676
rmse_indirect: 0.002950842939780337
bias_total: 0.28299893753766275
rmse_total: 0.32501852455738117
bias_mr: 0.2616047851088749
rmse_mr: 0.2801153826937252
coverage: 0.0
