Experiment: expname : baselines_experiment, data : uniform, n_samples : 500, mediator_dimension : 1, covariate_dimension : 1, alpha : 0.5, beta : 0.25, stochasticity : 1, gamma : 0.3, noise : uniform, 
Running with estimator : linear, regularization : True, sample_splits : 1, reg_lambda : 0.001, reg_lambda_tilde : 0.001, kernel : gauss, density : gaussian, bandwidth : 0.3, bandwidth_mode : heuristic, epsilon : 0.3, normalized : True, random_seed : 77, 
bias_direct: 0.3196922437612173
rmse_direct: 0.3655086881195139
bias_indirect: 0.0012876840259760352
rmse_indirect: 0.0014635213493222222
bias_total: 0.3185648048584739
rmse_total: 0.364238860869675
bias_mr: 0.3068472507735801
rmse_mr: 0.32734290668146826
coverage: 0.0
