Experiment: expname : nonparametric_experiment, data : uniform, n_samples : 5000, mediator_dimension : 1, covariate_dimension : 1, alpha : 0.0, beta : 0.0, stochasticity : 1, gamma : 0.3, noise : uniform, 
Running with estimator : ipw, regularization : True, sample_splits : 1, reg_lambda : 0.001, reg_lambda_tilde : 0.001, kernel : gauss, density : gaussian, bandwidth : 0.3, bandwidth_mode : heuristic, epsilon : 0.1, normalized : True, random_seed : 3, 
bias_direct: 0.08393131677241826
rmse_direct: 0.09310924419490582
bias_indirect: 0.06982758620689662
rmse_indirect: 0.0793627637866908
bias_total: 0.03231515486445443
rmse_total: 0.035959025310568944
bias_mr: 0.08391754469000479
rmse_mr: 0.10013363083156383
coverage: 0.0
