Experiment: expname : nonparametric_experiment, data : uniform, n_samples : 500, mediator_dimension : 1, covariate_dimension : 1, alpha : 0.0, beta : 0.0, stochasticity : 1, gamma : 0.3, noise : uniform, 
Running with estimator : ipw, regularization : True, sample_splits : 1, reg_lambda : 0.001, reg_lambda_tilde : 0.001, kernel : linear, density : conditional_kernel, bandwidth : 0.3, bandwidth_mode : heuristic, epsilon : 0.1, normalized : True, random_seed : 30, 
bias_direct: 0.20484807604172486
rmse_direct: 0.22700654600744646
bias_indirect: 0.011220714630319912
rmse_indirect: 0.015280510881177139
bias_total: 0.193627361411405
rmse_total: 0.21509047202688988
bias_mr: 0.10097486632971872
rmse_mr: 0.12368161670188955
coverage: 0.0
