Experiment: expname : nonparametric_experiment, data : uniform, n_samples : 1000, mediator_dimension : 1, covariate_dimension : 1, alpha : 0.0, beta : 0.0, stochasticity : 1, gamma : 0.3, noise : uniform, 
Running with estimator : kme_dml, regularization : True, sample_splits : 1, reg_lambda : 0.001, reg_lambda_tilde : 0.001, kernel : linear, density : gaussian, bandwidth : 0.3, bandwidth_mode : heuristic, epsilon : 0.1, normalized : True, random_seed : 76, 
bias_direct: 0.046107415966012096
rmse_direct: 0.05090989933674287
bias_indirect: 0.012604928355902725
rmse_indirect: 0.016695365463409394
bias_total: 0.04804407094280499
rmse_total: 0.05288922511430274
bias_mr: 0.11471073021924266
rmse_mr: 0.12319758514281186
coverage: 0.7931034482758621
