Experiment: expname : nonparametric_experiment, data : uniform, n_samples : 5000, mediator_dimension : 1, covariate_dimension : 1, alpha : 0.0, beta : 0.0, stochasticity : 1, gamma : 0.3, noise : uniform, 
Running with estimator : kme_g_computation, regularization : True, sample_splits : 1, reg_lambda : 0.001, reg_lambda_tilde : 0.001, kernel : gauss, density : conditional_kernel, bandwidth : 0.3, bandwidth_mode : heuristic, epsilon : 0.1, normalized : True, random_seed : 24, 
bias_direct: 0.1666617746197861
rmse_direct: 0.18803258827588834
bias_indirect: 0.16082869737459393
rmse_indirect: 0.18030439907631154
bias_total: 0.006200916218155914
rmse_total: 0.009894368904934182
bias_mr: 0.17317676294717102
rmse_mr: 0.19644382890695278
coverage: 0.0
