Experiment: expname : nonparametric_experiment, data : uniform, n_samples : 1000, mediator_dimension : 1, covariate_dimension : 1, alpha : 0.0, beta : 0.0, stochasticity : 1, gamma : 0.3, noise : uniform, 
Running with estimator : ipw, regularization : True, sample_splits : 1, reg_lambda : 0.001, reg_lambda_tilde : 0.001, kernel : gauss, density : gaussian, bandwidth : 0.3, bandwidth_mode : heuristic, epsilon : 0.1, normalized : True, random_seed : 37, 
bias_direct: 0.09683290519119285
rmse_direct: 0.11849794359549558
bias_indirect: 0.06982758620689661
rmse_indirect: 0.07936276378669078
bias_total: 0.09439838651328286
rmse_total: 0.12135655266810631
bias_mr: 0.08607379272511358
rmse_mr: 0.10735438723093703
coverage: 0.0
