Experiment: expname : nonparametric_experiment, data : uniform, n_samples : 5000, mediator_dimension : 1, covariate_dimension : 1, alpha : 0.0, beta : 0.0, stochasticity : 1, gamma : 0.3, noise : uniform, 
Running with estimator : kme_dml, regularization : True, sample_splits : 1, reg_lambda : 0.001, reg_lambda_tilde : 0.001, kernel : linear, density : conditional_kernel, bandwidth : 0.3, bandwidth_mode : heuristic, epsilon : 0.1, normalized : True, random_seed : 13, 
bias_direct: 0.04189119477855303
rmse_direct: 0.051196697554803744
bias_indirect: 0.01702278032446111
rmse_indirect: 0.019860510070169892
bias_total: 0.05634483509159938
rmse_total: 0.06604438132216019
bias_mr: 0.024266437164744702
rmse_mr: 0.02957095106124864
coverage: 1.0
