Experiment: expname : nonparametric_experiment, data : uniform, n_samples : 500, mediator_dimension : 1, covariate_dimension : 1, alpha : 0.0, beta : 0.0, stochasticity : 1, gamma : 0.3, noise : uniform, 
Running with estimator : kme_g_computation, regularization : True, sample_splits : 1, reg_lambda : 0.001, reg_lambda_tilde : 0.001, kernel : linear, density : conditional_kernel, bandwidth : 0.3, bandwidth_mode : heuristic, epsilon : 0.1, normalized : True, random_seed : 38, 
bias_direct: 0.14035443340546264
rmse_direct: 0.16162159666271597
bias_indirect: 0.09887654752130459
rmse_indirect: 0.11237838507074105
bias_total: 0.04147788588415804
rmse_total: 0.05199841339414796
bias_mr: 0.1383306302472115
rmse_mr: 0.15756304099405424
coverage: 0.0
