Experiment: expname : nonparametric_experiment, data : uniform, n_samples : 5000, mediator_dimension : 1, covariate_dimension : 1, alpha : 0.0, beta : 0.0, stochasticity : 1, gamma : 0.3, noise : uniform, 
Running with estimator : kme_dml, regularization : True, sample_splits : 1, reg_lambda : 0.001, reg_lambda_tilde : 0.001, kernel : linear, density : gaussian, bandwidth : 0.3, bandwidth_mode : heuristic, epsilon : 0.1, normalized : True, random_seed : 56, 
bias_direct: 0.02136149094204604
rmse_direct: 0.029178136472591813
bias_indirect: 0.009471538945206644
rmse_indirect: 0.010971730120860968
bias_total: 0.021035198607442438
rmse_total: 0.02996112348838573
bias_mr: 0.02162506994505647
rmse_mr: 0.02826117939390765
coverage: 1.0
