Experiment: expname : nonparametric_experiment, data : uniform, n_samples : 1000, mediator_dimension : 1, covariate_dimension : 1, alpha : 0.0, beta : 0.0, stochasticity : 1, gamma : 0.3, noise : uniform, 
Running with estimator : kme_dml, regularization : True, sample_splits : 1, reg_lambda : 0.001, reg_lambda_tilde : 0.001, kernel : gauss, density : gaussian, bandwidth : 0.3, bandwidth_mode : heuristic, epsilon : 0.1, normalized : True, random_seed : 31, 
bias_direct: 0.08564498380057792
rmse_direct: 0.10107749661473711
bias_indirect: 0.017210581383091873
rmse_indirect: 0.02173790067387438
bias_total: 0.0840390706901848
rmse_total: 0.09833853671583406
bias_mr: 0.07725880391770738
rmse_mr: 0.09109922646216218
coverage: 1.0
