Experiment: expname : nonparametric_experiment, data : uniform, n_samples : 500, mediator_dimension : 1, covariate_dimension : 1, alpha : 0.0, beta : 0.0, stochasticity : 1, gamma : 0.3, noise : uniform, 
Running with estimator : kme_dml, regularization : True, sample_splits : 1, reg_lambda : 0.001, reg_lambda_tilde : 0.001, kernel : linear, density : gaussian, bandwidth : 0.3, bandwidth_mode : heuristic, epsilon : 0.1, normalized : True, random_seed : 5, 
bias_direct: 0.07387174916662739
rmse_direct: 0.10830900698500265
bias_indirect: 0.019589046734335286
rmse_indirect: 0.022578773715744828
bias_total: 0.09150499674513618
rmse_total: 0.1207107411839287
bias_mr: 0.06929598629889214
rmse_mr: 0.08710154274780067
coverage: 0.9655172413793104
