Experiment: expname : nonparametric_experiment, data : uniform, n_samples : 1000, mediator_dimension : 1, covariate_dimension : 1, alpha : 0.0, beta : 0.0, stochasticity : 1, gamma : 0.3, noise : uniform, 
Running with estimator : kme_g_computation, regularization : True, sample_splits : 1, reg_lambda : 0.001, reg_lambda_tilde : 0.001, kernel : linear, density : conditional_kernel, bandwidth : 0.3, bandwidth_mode : heuristic, epsilon : 0.1, normalized : True, random_seed : 22, 
bias_direct: 0.1727512412224463
rmse_direct: 0.19713714595380138
bias_indirect: 0.17505972393596872
rmse_indirect: 0.1989646630712619
bias_total: 0.008339714747135395
rmse_total: 0.011324905855134508
bias_mr: 0.17503666627860595
rmse_mr: 0.20402709086734225
coverage: 0.0
