Experiment: expname : nonparametric_experiment, data : uniform, n_samples : 500, mediator_dimension : 1, covariate_dimension : 1, alpha : 0.0, beta : 0.0, stochasticity : 1, gamma : 0.3, noise : uniform, 
Running with estimator : kme_dml, regularization : True, sample_splits : 1, reg_lambda : 0.001, reg_lambda_tilde : 0.001, kernel : linear, density : conditional_kernel, bandwidth : 0.3, bandwidth_mode : heuristic, epsilon : 0.1, normalized : True, random_seed : 16, 
bias_direct: 0.10756776788191241
rmse_direct: 0.12417281085696534
bias_indirect: 0.023776142002541287
rmse_indirect: 0.027209722043765417
bias_total: 0.08725736855195013
rmse_total: 0.10692809061865982
bias_mr: 0.05341711762120411
rmse_mr: 0.06613620289121963
coverage: 1.0
