Experiment: expname : nonparametric_experiment, data : uniform, n_samples : 1000, mediator_dimension : 1, covariate_dimension : 1, alpha : 0.0, beta : 0.0, stochasticity : 1, gamma : 0.3, noise : uniform, 
Running with estimator : kme_g_computation, regularization : True, sample_splits : 1, reg_lambda : 0.001, reg_lambda_tilde : 0.001, kernel : gauss, density : conditional_kernel, bandwidth : 0.3, bandwidth_mode : heuristic, epsilon : 0.1, normalized : True, random_seed : 14, 
bias_direct: 0.17683270008603214
rmse_direct: 0.1993555382015802
bias_indirect: 0.16648893999583209
rmse_indirect: 0.21021966598885894
bias_total: 0.06684227544590099
rmse_total: 0.08239251960412
bias_mr: 0.17352831043839836
rmse_mr: 0.19713669686200816
coverage: 0.0
