Experiment: expname : nonparametric_experiment, data : uniform, n_samples : 1000, mediator_dimension : 1, covariate_dimension : 1, alpha : 0.0, beta : 0.0, stochasticity : 1, gamma : 0.3, noise : uniform, 
Running with estimator : kme_dml, regularization : True, sample_splits : 1, reg_lambda : 0.001, reg_lambda_tilde : 0.001, kernel : gauss, density : conditional_kernel, bandwidth : 0.3, bandwidth_mode : heuristic, epsilon : 0.1, normalized : True, random_seed : 57, 
bias_direct: 0.04988707130908596
rmse_direct: 0.06251861303047286
bias_indirect: 0.020935708888722166
rmse_indirect: 0.02603162867896959
bias_total: 0.07006698580064158
rmse_total: 0.08058341211847489
bias_mr: 0.052100339169764746
rmse_mr: 0.06510486243913959
coverage: 1.0
