Experiment: expname : baselines_experiment, data : uniform, n_samples : 1000, mediator_dimension : 1, covariate_dimension : 1, alpha : 0.5, beta : 0.25, stochasticity : 1, gamma : 0.3, noise : uniform, 
Running with estimator : linear, regularization : True, sample_splits : 1, reg_lambda : 0.001, reg_lambda_tilde : 0.001, kernel : gauss, density : gaussian, bandwidth : 0.3, bandwidth_mode : heuristic, epsilon : 0.3, normalized : True, random_seed : 45, 
bias_direct: 0.29240096663792897
rmse_direct: 0.3352145969382529
bias_indirect: 0.0041077295182574535
rmse_indirect: 0.004668652966052054
bias_total: 0.2959975120383589
rmse_total: 0.3391499702787442
bias_mr: 0.2750457977511171
rmse_mr: 0.29374129704338353
coverage: 0.0
