Experiment: expname : baselines_experiment, data : uniform, n_samples : 1000, mediator_dimension : 1, covariate_dimension : 1, alpha : 0.5, beta : 0.25, stochasticity : 1, gamma : 0.3, noise : uniform, 
Running with estimator : kme_g_computation, regularization : True, sample_splits : 1, reg_lambda : 0.001, reg_lambda_tilde : 0.001, kernel : gauss, density : gaussian, bandwidth : 0.3, bandwidth_mode : heuristic, epsilon : 0.3, normalized : True, random_seed : 65, 
bias_direct: 0.3873534561339921
rmse_direct: 0.5036453790121724
bias_indirect: 0.43320160922270684
rmse_indirect: 0.5626902036184741
bias_total: 0.04870129990289566
rmse_total: 0.0742817409014734
bias_mr: 0.39115929660961446
rmse_mr: 0.5115194661588619
coverage: 0.0
