Experiment: expname : nonparametric_experiment, data : uniform, n_samples : 500, mediator_dimension : 1, covariate_dimension : 1, alpha : 0.0, beta : 0.0, stochasticity : 1, gamma : 0.3, noise : uniform, 
Running with estimator : kme_dml, regularization : True, sample_splits : 1, reg_lambda : 0.001, reg_lambda_tilde : 0.001, kernel : linear, density : conditional_kernel, bandwidth : 0.3, bandwidth_mode : heuristic, epsilon : 0.1, normalized : True, random_seed : 12, 
bias_direct: 0.08693799675638128
rmse_direct: 0.11304205198061289
bias_indirect: 0.03612609156050787
rmse_indirect: 0.04521816386041808
bias_total: 0.0612541058485569
rmse_total: 0.07352442416066757
bias_mr: 0.14409556152173905
rmse_mr: 0.16330614162244053
coverage: 0.6551724137931034
