Experiment: expname : nonparametric_experiment, data : uniform, n_samples : 500, mediator_dimension : 1, covariate_dimension : 1, alpha : 0.0, beta : 0.0, stochasticity : 1, gamma : 0.3, noise : uniform, 
Running with estimator : kme_dml, regularization : True, sample_splits : 1, reg_lambda : 0.001, reg_lambda_tilde : 0.001, kernel : linear, density : gaussian, bandwidth : 0.3, bandwidth_mode : heuristic, epsilon : 0.1, normalized : True, random_seed : 38, 
bias_direct: 0.07653995708953454
rmse_direct: 0.09664580376199591
bias_indirect: 0.0445604924390252
rmse_indirect: 0.06041763917164285
bias_total: 0.07635614750299723
rmse_total: 0.09441412418479717
bias_mr: 0.08467653907290734
rmse_mr: 0.10289992564007366
coverage: 1.0
