Experiment: expname : nonparametric_experiment, data : uniform, n_samples : 5000, mediator_dimension : 1, covariate_dimension : 1, alpha : 0.0, beta : 0.0, stochasticity : 1, gamma : 0.3, noise : uniform, 
Running with estimator : kme_dml, regularization : True, sample_splits : 1, reg_lambda : 0.001, reg_lambda_tilde : 0.001, kernel : linear, density : gaussian, bandwidth : 0.3, bandwidth_mode : heuristic, epsilon : 0.1, normalized : True, random_seed : 46, 
bias_direct: 0.019951317827982405
rmse_direct: 0.02386726619906296
bias_indirect: 0.005884584559256306
rmse_indirect: 0.0071814570898632414
bias_total: 0.019438964643097613
rmse_total: 0.022865881786116104
bias_mr: 0.024637165094461223
rmse_mr: 0.030344777611216688
coverage: 1.0
