Experiment: expname : nonparametric_experiment, data : uniform, n_samples : 5000, mediator_dimension : 1, covariate_dimension : 1, alpha : 0.0, beta : 0.0, stochasticity : 1, gamma : 0.3, noise : uniform, 
Running with estimator : kme_g_computation, regularization : True, sample_splits : 1, reg_lambda : 0.001, reg_lambda_tilde : 0.001, kernel : gauss, density : gaussian, bandwidth : 0.3, bandwidth_mode : heuristic, epsilon : 0.1, normalized : True, random_seed : 65, 
bias_direct: 0.1628558499709118
rmse_direct: 0.18529579675807709
bias_indirect: 0.1678637774020318
rmse_indirect: 0.19253152048581088
bias_total: 0.010517927904964823
rmse_total: 0.013240495475264485
bias_mr: 0.16127224586489458
rmse_mr: 0.18435286639789983
coverage: 0.0
