Experiment: expname : nonparametric_experiment, data : uniform, n_samples : 5000, mediator_dimension : 1, covariate_dimension : 1, alpha : 0.0, beta : 0.0, stochasticity : 1, gamma : 0.3, noise : uniform, 
Running with estimator : kme_g_computation, regularization : True, sample_splits : 1, reg_lambda : 0.001, reg_lambda_tilde : 0.001, kernel : linear, density : gaussian, bandwidth : 0.3, bandwidth_mode : heuristic, epsilon : 0.1, normalized : True, random_seed : 34, 
bias_direct: 0.1643898861122082
rmse_direct: 0.18666845267388052
bias_indirect: 0.15677518482128278
rmse_indirect: 0.1781833264625594
bias_total: 0.0076147012909254155
rmse_total: 0.010923948352688105
bias_mr: 0.16462742582433165
rmse_mr: 0.1871385626240966
coverage: 0.0
