Experiment: expname : baselines_experiment, data : uniform, n_samples : 500, mediator_dimension : 1, covariate_dimension : 1, alpha : 0.5, beta : 0.25, stochasticity : 1, gamma : 0.3, noise : uniform, 
Running with estimator : kme_g_computation, regularization : True, sample_splits : 1, reg_lambda : 0.001, reg_lambda_tilde : 0.001, kernel : gauss, density : gaussian, bandwidth : 0.3, bandwidth_mode : heuristic, epsilon : 0.3, normalized : True, random_seed : 38, 
bias_direct: 0.32745610543686204
rmse_direct: 0.45075243155188555
bias_indirect: 0.3117163406992677
rmse_indirect: 0.4355324488797867
bias_total: 0.09252070210792773
rmse_total: 0.11072587788968938
bias_mr: 0.36604056411511104
rmse_mr: 0.4903588048319875
coverage: 0.0
