Experiment: expname : nonparametric_experiment, data : uniform, n_samples : 1000, mediator_dimension : 1, covariate_dimension : 1, alpha : 0.0, beta : 0.0, stochasticity : 1, gamma : 0.3, noise : uniform, 
Running with estimator : kme_g_computation, regularization : True, sample_splits : 1, reg_lambda : 0.001, reg_lambda_tilde : 0.001, kernel : linear, density : gaussian, bandwidth : 0.3, bandwidth_mode : heuristic, epsilon : 0.1, normalized : True, random_seed : 17, 
bias_direct: 0.17830941814801887
rmse_direct: 0.20293152783466048
bias_indirect: 0.19777104714727542
rmse_indirect: 0.22477730871011545
bias_total: 0.01946162899925653
rmse_total: 0.022448842896253162
bias_mr: 0.17775917302369465
rmse_mr: 0.20199817137417894
coverage: 0.0
