Experiment: expname : nonparametric_experiment, data : uniform, n_samples : 5000, mediator_dimension : 1, covariate_dimension : 1, alpha : 0.0, beta : 0.0, stochasticity : 1, gamma : 0.3, noise : uniform, 
Running with estimator : ipw, regularization : True, sample_splits : 1, reg_lambda : 0.001, reg_lambda_tilde : 0.001, kernel : gauss, density : gaussian, bandwidth : 0.3, bandwidth_mode : heuristic, epsilon : 0.1, normalized : True, random_seed : 98, 
bias_direct: 0.0997368812847329
rmse_direct: 0.12166241970465284
bias_indirect: 0.0698275862068966
rmse_indirect: 0.07936276378669078
bias_total: 0.06631699147666927
rmse_total: 0.07701645796482119
bias_mr: 0.08691134177306167
rmse_mr: 0.11346679857101882
coverage: 0.0
