Experiment: expname : nonparametric_experiment, data : uniform, n_samples : 1000, mediator_dimension : 1, covariate_dimension : 1, alpha : 0.0, beta : 0.0, stochasticity : 1, gamma : 0.3, noise : uniform, 
Running with estimator : ipw, regularization : True, sample_splits : 1, reg_lambda : 0.001, reg_lambda_tilde : 0.001, kernel : gauss, density : conditional_kernel, bandwidth : 0.3, bandwidth_mode : heuristic, epsilon : 0.1, normalized : True, random_seed : 17, 
bias_direct: 0.09397052983030349
rmse_direct: 0.1079096043889277
bias_indirect: 0.03962205460899398
rmse_indirect: 0.04762187577821061
bias_total: 0.07688387190697345
rmse_total: 0.09509159581127156
bias_mr: 0.09661530770400378
rmse_mr: 0.11470146043523535
coverage: 0.0
