Experiment: expname : nonparametric_experiment, data : uniform, n_samples : 1000, mediator_dimension : 1, covariate_dimension : 1, alpha : 0.0, beta : 0.0, stochasticity : 1, gamma : 0.3, noise : uniform, 
Running with estimator : ipw, regularization : True, sample_splits : 1, reg_lambda : 0.001, reg_lambda_tilde : 0.001, kernel : gauss, density : gaussian, bandwidth : 0.3, bandwidth_mode : heuristic, epsilon : 0.1, normalized : True, random_seed : 24, 
bias_direct: 0.2123013948105312
rmse_direct: 0.2625829205047289
bias_indirect: 0.06982758620689657
rmse_indirect: 0.07936276378669074
bias_total: 0.20771837160960965
rmse_total: 0.242464435636022
bias_mr: 0.11749267461948944
rmse_mr: 0.16017904160877405
coverage: 0.0
