Experiment: expname : nonparametric_experiment, data : uniform, n_samples : 5000, mediator_dimension : 1, covariate_dimension : 1, alpha : 0.0, beta : 0.0, stochasticity : 1, gamma : 0.3, noise : uniform, 
Running with estimator : kme_dml, regularization : True, sample_splits : 1, reg_lambda : 0.001, reg_lambda_tilde : 0.001, kernel : gauss, density : gaussian, bandwidth : 0.3, bandwidth_mode : heuristic, epsilon : 0.1, normalized : True, random_seed : 11, 
bias_direct: 0.03135932408538044
rmse_direct: 0.04412192967226045
bias_indirect: 0.01780548391967873
rmse_indirect: 0.023406981381990506
bias_total: 0.016236581197689958
rmse_total: 0.022225126533956033
bias_mr: 0.04899571618860753
rmse_mr: 0.05669169814992768
coverage: 0.7931034482758621
