Experiment: expname : nonparametric_experiment, data : uniform, n_samples : 1000, mediator_dimension : 1, covariate_dimension : 1, alpha : 0.0, beta : 0.0, stochasticity : 1, gamma : 0.3, noise : uniform, 
Running with estimator : kme_g_computation, regularization : True, sample_splits : 1, reg_lambda : 0.001, reg_lambda_tilde : 0.001, kernel : gauss, density : gaussian, bandwidth : 0.3, bandwidth_mode : heuristic, epsilon : 0.1, normalized : True, random_seed : 56, 
bias_direct: 0.1647677262622844
rmse_direct: 0.19037801888111894
bias_indirect: 0.1945987904457823
rmse_indirect: 0.24342077323325353
bias_total: 0.08058758358386771
rmse_total: 0.10241931953936176
bias_mr: 0.16665847237835651
rmse_mr: 0.20179592289780582
coverage: 0.0
