Experiment: expname : baselines_experiment, data : uniform, n_samples : 1000, mediator_dimension : 1, covariate_dimension : 1, alpha : 0.5, beta : 0.25, stochasticity : 1, gamma : 0.3, noise : uniform, 
Running with estimator : kme_dml, regularization : True, sample_splits : 1, reg_lambda : 0.001, reg_lambda_tilde : 0.001, kernel : gauss, density : gaussian, bandwidth : 0.3, bandwidth_mode : heuristic, epsilon : 0.3, normalized : True, random_seed : 40, 
bias_direct: 0.05907688047652555
rmse_direct: 0.07534859525934003
bias_indirect: 0.011710090744994055
rmse_indirect: 0.013181183780361169
bias_total: 0.06902927518600975
rmse_total: 0.08208931037064544
bias_mr: 0.09693380227994436
rmse_mr: 0.10725695649773943
coverage: 1.0
