Experiment: expname : baselines_experiment, data : uniform, n_samples : 5000, mediator_dimension : 1, covariate_dimension : 1, alpha : 0.5, beta : 0.25, stochasticity : 1, gamma : 0.3, noise : uniform, 
Running with estimator : kme_g_computation, regularization : True, sample_splits : 1, reg_lambda : 0.001, reg_lambda_tilde : 0.001, kernel : gauss, density : gaussian, bandwidth : 0.3, bandwidth_mode : heuristic, epsilon : 0.3, normalized : True, random_seed : 50, 
bias_direct: 0.3754394770201551
rmse_direct: 0.4917031405944927
bias_indirect: 0.41381913817804566
rmse_indirect: 0.5365845344486949
bias_total: 0.0390693559609824
rmse_total: 0.053899487688747846
bias_mr: 0.38279804594598454
rmse_mr: 0.5030532307840906
coverage: 0.0
