Experiment: expname : nonparametric_experiment, data : uniform, n_samples : 5000, mediator_dimension : 1, covariate_dimension : 1, alpha : 0.0, beta : 0.0, stochasticity : 1, gamma : 0.3, noise : uniform, 
Running with estimator : kme_g_computation, regularization : True, sample_splits : 1, reg_lambda : 0.001, reg_lambda_tilde : 0.001, kernel : linear, density : conditional_kernel, bandwidth : 0.3, bandwidth_mode : heuristic, epsilon : 0.1, normalized : True, random_seed : 9, 
bias_direct: 0.15066950112520167
rmse_direct: 0.17112283334541478
bias_indirect: 0.14147325906925562
rmse_indirect: 0.16079188658781995
bias_total: 0.009196242055946066
rmse_total: 0.010964801593171767
bias_mr: 0.15109191004282915
rmse_mr: 0.17184294216703264
coverage: 0.0
