Experiment: expname : baselines_experiment, data : uniform, n_samples : 5000, mediator_dimension : 1, covariate_dimension : 1, alpha : 0.5, beta : 0.25, stochasticity : 1, gamma : 0.3, noise : uniform, 
Running with estimator : kme_dml, regularization : True, sample_splits : 1, reg_lambda : 0.001, reg_lambda_tilde : 0.001, kernel : gauss, density : gaussian, bandwidth : 0.3, bandwidth_mode : heuristic, epsilon : 0.3, normalized : True, random_seed : 72, 
bias_direct: 0.051934555487457144
rmse_direct: 0.06626111242658181
bias_indirect: 0.020342397914161935
rmse_indirect: 0.025568180762729684
bias_total: 0.03307269104336137
rmse_total: 0.04348304746091298
bias_mr: 0.0359388980135572
rmse_mr: 0.04390884049435117
coverage: 1.0
