Experiment: expname : nonparametric_experiment, data : uniform, n_samples : 5000, mediator_dimension : 1, covariate_dimension : 1, alpha : 0.0, beta : 0.0, stochasticity : 1, gamma : 0.3, noise : uniform, 
Running with estimator : kme_dml, regularization : True, sample_splits : 1, reg_lambda : 0.001, reg_lambda_tilde : 0.001, kernel : linear, density : gaussian, bandwidth : 0.3, bandwidth_mode : heuristic, epsilon : 0.1, normalized : True, random_seed : 53, 
bias_direct: 0.02839247262796287
rmse_direct: 0.035512671632678336
bias_indirect: 0.010363236274876824
rmse_indirect: 0.012059858930802438
bias_total: 0.03251955376627585
rmse_total: 0.040207008406037775
bias_mr: 0.04187756375738033
rmse_mr: 0.048748497761045576
coverage: 0.8620689655172413
