Experiment: expname : nonparametric_experiment, data : uniform, n_samples : 1000, mediator_dimension : 1, covariate_dimension : 1, alpha : 0.0, beta : 0.0, stochasticity : 1, gamma : 0.3, noise : uniform, 
Running with estimator : kme_dml, regularization : True, sample_splits : 1, reg_lambda : 0.001, reg_lambda_tilde : 0.001, kernel : gauss, density : gaussian, bandwidth : 0.3, bandwidth_mode : heuristic, epsilon : 0.1, normalized : True, random_seed : 36, 
bias_direct: 0.031065512893467564
rmse_direct: 0.0394653836904048
bias_indirect: 0.056388203324551155
rmse_indirect: 0.06972591628787346
bias_total: 0.06173451314820938
rmse_total: 0.06960900767849293
bias_mr: 0.10178263398778174
rmse_mr: 0.11061716187464322
coverage: 0.8275862068965517
