Experiment: expname : nonparametric_experiment, data : uniform, n_samples : 1000, mediator_dimension : 1, covariate_dimension : 1, alpha : 0.0, beta : 0.0, stochasticity : 1, gamma : 0.3, noise : uniform, 
Running with estimator : ipw, regularization : True, sample_splits : 1, reg_lambda : 0.001, reg_lambda_tilde : 0.001, kernel : linear, density : gaussian, bandwidth : 0.3, bandwidth_mode : heuristic, epsilon : 0.1, normalized : True, random_seed : 61, 
bias_direct: 0.09606024767521658
rmse_direct: 0.11345290392740633
bias_indirect: 0.0698275862068966
rmse_indirect: 0.07936276378669078
bias_total: 0.10050733848931145
rmse_total: 0.12970620512665793
bias_mr: 0.10028769422322459
rmse_mr: 0.11877038355379317
coverage: 0.0
