Experiment: expname : nonparametric_experiment, data : uniform, n_samples : 1000, mediator_dimension : 1, covariate_dimension : 1, alpha : 0.0, beta : 0.0, stochasticity : 1, gamma : 0.3, noise : uniform, 
Running with estimator : kme_dml, regularization : True, sample_splits : 1, reg_lambda : 0.001, reg_lambda_tilde : 0.001, kernel : gauss, density : conditional_kernel, bandwidth : 0.3, bandwidth_mode : heuristic, epsilon : 0.1, normalized : True, random_seed : 39, 
bias_direct: 0.08091142289110606
rmse_direct: 0.0896266363835277
bias_indirect: 0.014548386409146524
rmse_indirect: 0.019277985302203253
bias_total: 0.08375492696689987
rmse_total: 0.09413781257504293
bias_mr: 0.07352589580948461
rmse_mr: 0.07972550288868131
coverage: 1.0
