Experiment: expname : nonparametric_experiment, data : uniform, n_samples : 5000, mediator_dimension : 1, covariate_dimension : 1, alpha : 0.0, beta : 0.0, stochasticity : 1, gamma : 0.3, noise : uniform, 
Running with estimator : ipw, regularization : True, sample_splits : 1, reg_lambda : 0.001, reg_lambda_tilde : 0.001, kernel : gauss, density : gaussian, bandwidth : 0.3, bandwidth_mode : heuristic, epsilon : 0.1, normalized : True, random_seed : 45, 
bias_direct: 0.08014766142610417
rmse_direct: 0.106677578879446
bias_indirect: 0.06982758620689662
rmse_indirect: 0.0793627637866908
bias_total: 0.04950640170462058
rmse_total: 0.06220066271399841
bias_mr: 0.07511728796120731
rmse_mr: 0.10168405797384225
coverage: 0.0
