Experiment: expname : nonparametric_experiment, data : uniform, n_samples : 500, mediator_dimension : 1, covariate_dimension : 1, alpha : 0.0, beta : 0.0, stochasticity : 1, gamma : 0.3, noise : uniform, 
Running with estimator : ipw, regularization : True, sample_splits : 1, reg_lambda : 0.001, reg_lambda_tilde : 0.001, kernel : linear, density : gaussian, bandwidth : 0.3, bandwidth_mode : heuristic, epsilon : 0.1, normalized : True, random_seed : 78, 
bias_direct: 0.3113285359207556
rmse_direct: 0.33698187560734794
bias_indirect: 0.06982758620689658
rmse_indirect: 0.07936276378669077
bias_total: 0.3072887706940395
rmse_total: 0.34549927088153554
bias_mr: 0.15039380938488367
rmse_mr: 0.17738152030878176
coverage: 0.0
