Experiment: expname : baselines_experiment, data : uniform, n_samples : 5000, mediator_dimension : 1, covariate_dimension : 1, alpha : 0.5, beta : 0.25, stochasticity : 1, gamma : 0.3, noise : uniform, 
Running with estimator : kme_g_computation, regularization : True, sample_splits : 1, reg_lambda : 0.001, reg_lambda_tilde : 0.001, kernel : gauss, density : gaussian, bandwidth : 0.3, bandwidth_mode : heuristic, epsilon : 0.3, normalized : True, random_seed : 58, 
bias_direct: 0.36986800567014966
rmse_direct: 0.4816867964388047
bias_indirect: 0.39742348966421576
rmse_indirect: 0.5208489065101518
bias_total: 0.0355989397713275
rmse_total: 0.05293163232960051
bias_mr: 0.39066238041533013
rmse_mr: 0.5127904517046319
coverage: 0.0
