Experiment: expname : nonparametric_experiment, data : uniform, n_samples : 5000, mediator_dimension : 1, covariate_dimension : 1, alpha : 0.0, beta : 0.0, stochasticity : 1, gamma : 0.3, noise : uniform, 
Running with estimator : kme_dml, regularization : True, sample_splits : 1, reg_lambda : 0.001, reg_lambda_tilde : 0.001, kernel : gauss, density : conditional_kernel, bandwidth : 0.3, bandwidth_mode : heuristic, epsilon : 0.1, normalized : True, random_seed : 51, 
bias_direct: 0.025077911282020405
rmse_direct: 0.032110759646640556
bias_indirect: 0.02013773103750633
rmse_indirect: 0.026094328291979562
bias_total: 0.015850441601490205
rmse_total: 0.018775677870643586
bias_mr: 0.022440743087884022
rmse_mr: 0.030197504934731632
coverage: 1.0
