Experiment: expname : nonparametric_experiment, data : uniform, n_samples : 1000, mediator_dimension : 1, covariate_dimension : 1, alpha : 0.0, beta : 0.0, stochasticity : 1, gamma : 0.3, noise : uniform, 
Running with estimator : kme_dml, regularization : True, sample_splits : 1, reg_lambda : 0.001, reg_lambda_tilde : 0.001, kernel : gauss, density : conditional_kernel, bandwidth : 0.3, bandwidth_mode : heuristic, epsilon : 0.1, normalized : True, random_seed : 62, 
bias_direct: 0.13687975629575494
rmse_direct: 0.15848768741422592
bias_indirect: 0.010926179973854784
rmse_indirect: 0.013507342630875434
bias_total: 0.13497826997127912
rmse_total: 0.1557019202072727
bias_mr: 0.05507554282154417
rmse_mr: 0.07120806662705761
coverage: 1.0
