Experiment: expname : nonparametric_experiment, data : uniform, n_samples : 1000, mediator_dimension : 1, covariate_dimension : 1, alpha : 0.0, beta : 0.0, stochasticity : 1, gamma : 0.3, noise : uniform, 
Running with estimator : kme_dml, regularization : True, sample_splits : 1, reg_lambda : 0.001, reg_lambda_tilde : 0.001, kernel : linear, density : gaussian, bandwidth : 0.3, bandwidth_mode : heuristic, epsilon : 0.1, normalized : True, random_seed : 84, 
bias_direct: 0.05129972816070673
rmse_direct: 0.06686140875324742
bias_indirect: 0.01639284969178876
rmse_indirect: 0.017823552005268962
bias_total: 0.04676973605913039
rmse_total: 0.06509064557333254
bias_mr: 0.057949040019608766
rmse_mr: 0.06501805977837656
coverage: 1.0
