Experiment: expname : nonparametric_experiment, data : uniform, n_samples : 500, mediator_dimension : 1, covariate_dimension : 1, alpha : 0.0, beta : 0.0, stochasticity : 1, gamma : 0.3, noise : uniform, 
Running with estimator : kme_g_computation, regularization : True, sample_splits : 1, reg_lambda : 0.001, reg_lambda_tilde : 0.001, kernel : gauss, density : conditional_kernel, bandwidth : 0.3, bandwidth_mode : heuristic, epsilon : 0.1, normalized : True, random_seed : 87, 
bias_direct: 0.1882845469710258
rmse_direct: 0.20924675128032044
bias_indirect: 0.1664119911858695
rmse_indirect: 0.18789523988438103
bias_total: 0.042796551267727516
rmse_total: 0.05326854632230725
bias_mr: 0.19630617527990818
rmse_mr: 0.21912124289624993
coverage: 0.0
