Experiment: expname : nonparametric_experiment, data : uniform, n_samples : 500, mediator_dimension : 1, covariate_dimension : 1, alpha : 0.0, beta : 0.0, stochasticity : 1, gamma : 0.3, noise : uniform, 
Running with estimator : kme_dml, regularization : True, sample_splits : 1, reg_lambda : 0.001, reg_lambda_tilde : 0.001, kernel : gauss, density : gaussian, bandwidth : 0.3, bandwidth_mode : heuristic, epsilon : 0.1, normalized : True, random_seed : 79, 
bias_direct: 0.08688652499696162
rmse_direct: 0.0981801165479358
bias_indirect: 0.03868646042490608
rmse_indirect: 0.050406156136868975
bias_total: 0.048791260020680655
rmse_total: 0.06631731843372461
bias_mr: 0.05882351479321832
rmse_mr: 0.06533116185579874
coverage: 1.0
