Experiment: expname : nonparametric_experiment, data : uniform, n_samples : 5000, mediator_dimension : 1, covariate_dimension : 1, alpha : 0.0, beta : 0.0, stochasticity : 1, gamma : 0.3, noise : uniform, 
Running with estimator : kme_g_computation, regularization : True, sample_splits : 1, reg_lambda : 0.001, reg_lambda_tilde : 0.001, kernel : gauss, density : gaussian, bandwidth : 0.3, bandwidth_mode : heuristic, epsilon : 0.1, normalized : True, random_seed : 14, 
bias_direct: 0.16635641750548016
rmse_direct: 0.18714749526031077
bias_indirect: 0.16167051238157631
rmse_indirect: 0.18089815813616303
bias_total: 0.0088652798669876
rmse_total: 0.014368702637821347
bias_mr: 0.17200621045041553
rmse_mr: 0.1949519871428294
coverage: 0.0
