Experiment: expname : nonparametric_experiment, data : uniform, n_samples : 1000, mediator_dimension : 1, covariate_dimension : 1, alpha : 0.0, beta : 0.0, stochasticity : 1, gamma : 0.3, noise : uniform, 
Running with estimator : kme_dml, regularization : True, sample_splits : 1, reg_lambda : 0.001, reg_lambda_tilde : 0.001, kernel : gauss, density : conditional_kernel, bandwidth : 0.3, bandwidth_mode : heuristic, epsilon : 0.1, normalized : True, random_seed : 54, 
bias_direct: 0.057613936017479224
rmse_direct: 0.06902904678518261
bias_indirect: 0.008662075687190442
rmse_indirect: 0.011795581527195157
bias_total: 0.06037676063266972
rmse_total: 0.06878339090837711
bias_mr: 0.075288955292401
rmse_mr: 0.08422716809582927
coverage: 1.0
