Experiment: expname : nonparametric_experiment, data : uniform, n_samples : 500, mediator_dimension : 1, covariate_dimension : 1, alpha : 0.0, beta : 0.0, stochasticity : 1, gamma : 0.3, noise : uniform, 
Running with estimator : kme_dml, regularization : True, sample_splits : 1, reg_lambda : 0.001, reg_lambda_tilde : 0.001, kernel : gauss, density : conditional_kernel, bandwidth : 0.3, bandwidth_mode : heuristic, epsilon : 0.1, normalized : True, random_seed : 16, 
bias_direct: 0.09721114841716674
rmse_direct: 0.11105543584901084
bias_indirect: 0.021747021031780438
rmse_indirect: 0.027417523176147537
bias_total: 0.08512950262370991
rmse_total: 0.10355711059561627
bias_mr: 0.04899782497540827
rmse_mr: 0.06005111930522668
coverage: 1.0
