Experiment: expname : nonparametric_experiment, data : uniform, n_samples : 5000, mediator_dimension : 1, covariate_dimension : 1, alpha : 0.0, beta : 0.0, stochasticity : 1, gamma : 0.3, noise : uniform, 
Running with estimator : ipw, regularization : True, sample_splits : 1, reg_lambda : 0.001, reg_lambda_tilde : 0.001, kernel : gauss, density : conditional_kernel, bandwidth : 0.3, bandwidth_mode : heuristic, epsilon : 0.1, normalized : True, random_seed : 29, 
bias_direct: 0.055358215261311586
rmse_direct: 0.06528899050995124
bias_indirect: 0.026600312291985614
rmse_indirect: 0.02957879060489994
bias_total: 0.03938659400167234
rmse_total: 0.056383399762906974
bias_mr: 0.05739032762574903
rmse_mr: 0.0698036398615347
coverage: 0.0
