Experiment: expname : nonparametric_experiment, data : uniform, n_samples : 500, mediator_dimension : 1, covariate_dimension : 1, alpha : 0.0, beta : 0.0, stochasticity : 1, gamma : 0.3, noise : uniform, 
Running with estimator : kme_g_computation, regularization : True, sample_splits : 1, reg_lambda : 0.001, reg_lambda_tilde : 0.001, kernel : linear, density : conditional_kernel, bandwidth : 0.3, bandwidth_mode : heuristic, epsilon : 0.1, normalized : True, random_seed : 23, 
bias_direct: 0.14261369110623615
rmse_direct: 0.16199017659389478
bias_indirect: 0.1781908693278991
rmse_indirect: 0.20252338974824993
bias_total: 0.03557717822166295
rmse_total: 0.042344640553681936
bias_mr: 0.14709467526686082
rmse_mr: 0.1721016692316895
coverage: 0.0
