Experiment: expname : nonparametric_experiment, data : uniform, n_samples : 5000, mediator_dimension : 1, covariate_dimension : 1, alpha : 0.0, beta : 0.0, stochasticity : 1, gamma : 0.3, noise : uniform, 
Running with estimator : kme_dml, regularization : True, sample_splits : 1, reg_lambda : 0.001, reg_lambda_tilde : 0.001, kernel : linear, density : conditional_kernel, bandwidth : 0.3, bandwidth_mode : heuristic, epsilon : 0.1, normalized : True, random_seed : 34, 
bias_direct: 0.024647451128928053
rmse_direct: 0.031204332352428355
bias_indirect: 0.013458453287007661
rmse_indirect: 0.015344443497348753
bias_total: 0.035861686828661136
rmse_total: 0.039833488158703786
bias_mr: 0.04210413122463377
rmse_mr: 0.050944772993080284
coverage: 0.8275862068965517
