Experiment: expname : nonparametric_experiment, data : uniform, n_samples : 5000, mediator_dimension : 1, covariate_dimension : 1, alpha : 0.0, beta : 0.0, stochasticity : 1, gamma : 0.3, noise : uniform, 
Running with estimator : ipw, regularization : True, sample_splits : 1, reg_lambda : 0.001, reg_lambda_tilde : 0.001, kernel : gauss, density : conditional_kernel, bandwidth : 0.3, bandwidth_mode : heuristic, epsilon : 0.1, normalized : True, random_seed : 65, 
bias_direct: 0.05130833767881483
rmse_direct: 0.062037418316687215
bias_indirect: 0.013078141843945445
rmse_indirect: 0.016399063539903398
bias_total: 0.05301999547470917
rmse_total: 0.06324690190265563
bias_mr: 0.06376100736295662
rmse_mr: 0.0765452205135268
coverage: 0.0
