Experiment: expname : nonparametric_experiment, data : uniform, n_samples : 1000, mediator_dimension : 1, covariate_dimension : 1, alpha : 0.0, beta : 0.0, stochasticity : 1, gamma : 0.3, noise : uniform, 
Running with estimator : kme_dml, regularization : True, sample_splits : 1, reg_lambda : 0.001, reg_lambda_tilde : 0.001, kernel : linear, density : conditional_kernel, bandwidth : 0.3, bandwidth_mode : heuristic, epsilon : 0.1, normalized : True, random_seed : 52, 
bias_direct: 0.03521245222982782
rmse_direct: 0.04038864381465367
bias_indirect: 0.01658367109997384
rmse_indirect: 0.02492589475152797
bias_total: 0.04077581177981358
rmse_total: 0.0498058189684847
bias_mr: 0.04069504015181545
rmse_mr: 0.047516371200936096
coverage: 1.0
