Experiment: expname : baselines_experiment, data : uniform, n_samples : 500, mediator_dimension : 1, covariate_dimension : 1, alpha : 0.5, beta : 0.25, stochasticity : 1, gamma : 0.3, noise : uniform, 
Running with estimator : kme_dml, regularization : True, sample_splits : 1, reg_lambda : 0.001, reg_lambda_tilde : 0.001, kernel : gauss, density : gaussian, bandwidth : 0.3, bandwidth_mode : heuristic, epsilon : 0.3, normalized : True, random_seed : 71, 
bias_direct: 0.07663831216108594
rmse_direct: 0.1158662733787972
bias_indirect: 0.03099062160121002
rmse_indirect: 0.03714513853550113
bias_total: 0.0831550143430388
rmse_total: 0.11833224538425687
bias_mr: 0.05093475341966689
rmse_mr: 0.05853670302369421
coverage: 1.0
