Experiment: expname : baselines_experiment, data : uniform, n_samples : 500, mediator_dimension : 1, covariate_dimension : 1, alpha : 0.5, beta : 0.25, stochasticity : 1, gamma : 0.3, noise : uniform, 
Running with estimator : ipw, regularization : True, sample_splits : 1, reg_lambda : 0.001, reg_lambda_tilde : 0.001, kernel : gauss, density : gaussian, bandwidth : 0.3, bandwidth_mode : heuristic, epsilon : 0.3, normalized : True, random_seed : 14, 
bias_direct: 0.12396334654254529
rmse_direct: 0.16439620741567942
bias_indirect: 0.0698275862068966
rmse_indirect: 0.07936276378669078
bias_total: 0.12392376873898237
rmse_total: 0.14546098297315294
bias_mr: 0.22304337625525072
rmse_mr: 0.2726224033659745
coverage: 0.0
