Experiment: expname : nonparametric_experiment, data : uniform, n_samples : 1000, mediator_dimension : 1, covariate_dimension : 1, alpha : 0.0, beta : 0.0, stochasticity : 1, gamma : 0.3, noise : uniform, 
Running with estimator : kme_dml, regularization : True, sample_splits : 1, reg_lambda : 0.001, reg_lambda_tilde : 0.001, kernel : gauss, density : conditional_kernel, bandwidth : 0.3, bandwidth_mode : heuristic, epsilon : 0.1, normalized : True, random_seed : 95, 
bias_direct: 0.04142425679675863
rmse_direct: 0.049498966848528524
bias_indirect: 0.020974346324904497
rmse_indirect: 0.024894189978856774
bias_total: 0.04237678894073888
rmse_total: 0.05532911612522545
bias_mr: 0.05019363699597922
rmse_mr: 0.06030822631960663
coverage: 1.0
