Experiment: expname : baselines_experiment, data : uniform, n_samples : 5000, mediator_dimension : 1, covariate_dimension : 1, alpha : 0.5, beta : 0.25, stochasticity : 1, gamma : 0.3, noise : uniform, 
Running with estimator : kme_dml, regularization : True, sample_splits : 1, reg_lambda : 0.001, reg_lambda_tilde : 0.001, kernel : gauss, density : gaussian, bandwidth : 0.3, bandwidth_mode : heuristic, epsilon : 0.3, normalized : True, random_seed : 23, 
bias_direct: 0.0398345074038738
rmse_direct: 0.047524199864496824
bias_indirect: 0.009201385596747217
rmse_indirect: 0.01411002443259941
bias_total: 0.033206465032841075
rmse_total: 0.039759715124891355
bias_mr: 0.05329173230486238
rmse_mr: 0.058320665880294414
coverage: 1.0
