Experiment: expname : baselines_experiment, data : uniform, n_samples : 500, mediator_dimension : 1, covariate_dimension : 1, alpha : 0.5, beta : 0.25, stochasticity : 1, gamma : 0.3, noise : uniform, 
Running with estimator : ipw, regularization : True, sample_splits : 1, reg_lambda : 0.001, reg_lambda_tilde : 0.001, kernel : gauss, density : gaussian, bandwidth : 0.3, bandwidth_mode : heuristic, epsilon : 0.3, normalized : True, random_seed : 61, 
bias_direct: 0.08246992568677403
rmse_direct: 0.09944928437826117
bias_indirect: 0.0698275862068966
rmse_indirect: 0.07936276378669078
bias_total: 0.09742623202892392
rmse_total: 0.12913459516526737
bias_mr: 0.13772361099498823
rmse_mr: 0.19384304852780826
coverage: 0.0
