Experiment: expname : nonparametric_experiment, data : uniform, n_samples : 1000, mediator_dimension : 1, covariate_dimension : 1, alpha : 0.0, beta : 0.0, stochasticity : 1, gamma : 0.3, noise : uniform, 
Running with estimator : kme_dml, regularization : True, sample_splits : 1, reg_lambda : 0.001, reg_lambda_tilde : 0.001, kernel : linear, density : gaussian, bandwidth : 0.3, bandwidth_mode : heuristic, epsilon : 0.1, normalized : True, random_seed : 52, 
bias_direct: 0.03490431347234529
rmse_direct: 0.040921581714350334
bias_indirect: 0.021380996080872156
rmse_indirect: 0.03000669885494558
bias_total: 0.04106393059432096
rmse_total: 0.04813154507244772
bias_mr: 0.04001429232388814
rmse_mr: 0.04678470103153663
coverage: 1.0
