Experiment: expname : nonparametric_experiment, data : uniform, n_samples : 500, mediator_dimension : 1, covariate_dimension : 1, alpha : 0.0, beta : 0.0, stochasticity : 1, gamma : 0.3, noise : uniform, 
Running with estimator : kme_dml, regularization : True, sample_splits : 1, reg_lambda : 0.001, reg_lambda_tilde : 0.001, kernel : gauss, density : gaussian, bandwidth : 0.3, bandwidth_mode : heuristic, epsilon : 0.1, normalized : True, random_seed : 39, 
bias_direct: 0.06110434746008147
rmse_direct: 0.07458301862776154
bias_indirect: 0.01763231738316702
rmse_indirect: 0.02098027447990626
bias_total: 0.06024451049032
rmse_total: 0.08055401367675556
bias_mr: 0.06459658839862226
rmse_mr: 0.07901535604446651
coverage: 1.0
