Experiment: expname : nonparametric_experiment, data : uniform, n_samples : 500, mediator_dimension : 1, covariate_dimension : 1, alpha : 0.0, beta : 0.0, stochasticity : 1, gamma : 0.3, noise : uniform, 
Running with estimator : kme_dml, regularization : True, sample_splits : 1, reg_lambda : 0.001, reg_lambda_tilde : 0.001, kernel : linear, density : conditional_kernel, bandwidth : 0.3, bandwidth_mode : heuristic, epsilon : 0.1, normalized : True, random_seed : 47, 
bias_direct: 0.04861792935492716
rmse_direct: 0.0563609294740499
bias_indirect: 0.008141471255007414
rmse_indirect: 0.00979362415603073
bias_total: 0.049299733604761566
rmse_total: 0.05665075820149513
bias_mr: 0.05572491886686895
rmse_mr: 0.07163203743323786
coverage: 1.0
