Experiment: expname : nonparametric_experiment, data : uniform, n_samples : 5000, mediator_dimension : 1, covariate_dimension : 1, alpha : 0.0, beta : 0.0, stochasticity : 1, gamma : 0.3, noise : uniform, 
Running with estimator : kme_dml, regularization : True, sample_splits : 1, reg_lambda : 0.001, reg_lambda_tilde : 0.001, kernel : gauss, density : conditional_kernel, bandwidth : 0.3, bandwidth_mode : heuristic, epsilon : 0.1, normalized : True, random_seed : 15, 
bias_direct: 0.07901948702422448
rmse_direct: 0.09238731061226772
bias_indirect: 0.018683457622829705
rmse_indirect: 0.021846792738908948
bias_total: 0.07387114737701612
rmse_total: 0.08540875202511794
bias_mr: 0.047740367818880566
rmse_mr: 0.05988501491905839
coverage: 0.7586206896551724
