Experiment: expname : baselines_experiment, data : uniform, n_samples : 1000, mediator_dimension : 1, covariate_dimension : 1, alpha : 0.5, beta : 0.25, stochasticity : 1, gamma : 0.3, noise : uniform, 
Running with estimator : kme_dml, regularization : True, sample_splits : 1, reg_lambda : 0.001, reg_lambda_tilde : 0.001, kernel : gauss, density : gaussian, bandwidth : 0.3, bandwidth_mode : heuristic, epsilon : 0.3, normalized : True, random_seed : 27, 
bias_direct: 0.05560629877174044
rmse_direct: 0.07621798399638276
bias_indirect: 0.015734966253536493
rmse_indirect: 0.019436842228823675
bias_total: 0.06620149315454736
rmse_total: 0.0862265752604349
bias_mr: 0.08722263498297048
rmse_mr: 0.10178311575474608
coverage: 0.8620689655172413
