Experiment: expname : nonparametric_experiment, data : uniform, n_samples : 5000, mediator_dimension : 1, covariate_dimension : 1, alpha : 0.0, beta : 0.0, stochasticity : 1, gamma : 0.3, noise : uniform, 
Running with estimator : kme_g_computation, regularization : True, sample_splits : 1, reg_lambda : 0.001, reg_lambda_tilde : 0.001, kernel : linear, density : gaussian, bandwidth : 0.3, bandwidth_mode : heuristic, epsilon : 0.1, normalized : True, random_seed : 74, 
bias_direct: 0.17040636270500398
rmse_direct: 0.19356677446717319
bias_indirect: 0.14506022995687373
rmse_indirect: 0.16486867247322484
bias_total: 0.025346132748130218
rmse_total: 0.028841919425273067
bias_mr: 0.1738138393618014
rmse_mr: 0.2015908230737947
coverage: 0.0
