Experiment: expname : baselines_experiment, data : uniform, n_samples : 1000, mediator_dimension : 1, covariate_dimension : 1, alpha : 0.5, beta : 0.25, stochasticity : 1, gamma : 0.3, noise : uniform, 
Running with estimator : ipw, regularization : True, sample_splits : 1, reg_lambda : 0.001, reg_lambda_tilde : 0.001, kernel : gauss, density : gaussian, bandwidth : 0.3, bandwidth_mode : heuristic, epsilon : 0.3, normalized : True, random_seed : 63, 
bias_direct: 0.08636537291790403
rmse_direct: 0.1213844665298598
bias_indirect: 0.0698275862068966
rmse_indirect: 0.07936276378669078
bias_total: 0.08559617860146726
rmse_total: 0.0987287844651064
bias_mr: 0.16842688969372607
rmse_mr: 0.23230925333786423
coverage: 0.0
