Experiment: expname : nonparametric_experiment, data : uniform, n_samples : 5000, mediator_dimension : 1, covariate_dimension : 1, alpha : 0.0, beta : 0.0, stochasticity : 1, gamma : 0.3, noise : uniform, 
Running with estimator : kme_dml, regularization : True, sample_splits : 1, reg_lambda : 0.001, reg_lambda_tilde : 0.001, kernel : linear, density : gaussian, bandwidth : 0.3, bandwidth_mode : heuristic, epsilon : 0.1, normalized : True, random_seed : 11, 
bias_direct: 0.03147882285265588
rmse_direct: 0.039825762006273274
bias_indirect: 0.017027229233697816
rmse_indirect: 0.019740006664701246
bias_total: 0.01636989726911298
rmse_total: 0.022725868239818686
bias_mr: 0.04761770999995009
rmse_mr: 0.0536544515919452
coverage: 0.8620689655172413
