Experiment: expname : baselines_experiment, data : uniform, n_samples : 500, mediator_dimension : 1, covariate_dimension : 1, alpha : 0.5, beta : 0.25, stochasticity : 1, gamma : 0.3, noise : uniform, 
Running with estimator : ipw, regularization : True, sample_splits : 1, reg_lambda : 0.001, reg_lambda_tilde : 0.001, kernel : gauss, density : gaussian, bandwidth : 0.3, bandwidth_mode : heuristic, epsilon : 0.3, normalized : True, random_seed : 87, 
bias_direct: 0.16848630364393918
rmse_direct: 0.20458030861860205
bias_indirect: 0.06982758620689661
rmse_indirect: 0.07936276378669078
bias_total: 0.14992154156624365
rmse_total: 0.18247274978550845
bias_mr: 0.17336440350640617
rmse_mr: 0.21424055454310978
coverage: 0.0
