Experiment: expname : nonparametric_experiment, data : uniform, n_samples : 1000, mediator_dimension : 1, covariate_dimension : 1, alpha : 0.0, beta : 0.0, stochasticity : 1, gamma : 0.3, noise : uniform, 
Running with estimator : kme_dml, regularization : True, sample_splits : 1, reg_lambda : 0.001, reg_lambda_tilde : 0.001, kernel : linear, density : gaussian, bandwidth : 0.3, bandwidth_mode : heuristic, epsilon : 0.1, normalized : True, random_seed : 40, 
bias_direct: 0.06953767880270174
rmse_direct: 0.07968336963857936
bias_indirect: 0.015667756236745704
rmse_indirect: 0.018344747206354897
bias_total: 0.08491048512336545
rmse_total: 0.0960747903317301
bias_mr: 0.06949666282444322
rmse_mr: 0.07858382134446752
coverage: 1.0
