Experiment: expname : nonparametric_experiment, data : uniform, n_samples : 5000, mediator_dimension : 1, covariate_dimension : 1, alpha : 0.0, beta : 0.0, stochasticity : 1, gamma : 0.3, noise : uniform, 
Running with estimator : kme_dml, regularization : True, sample_splits : 1, reg_lambda : 0.001, reg_lambda_tilde : 0.001, kernel : gauss, density : gaussian, bandwidth : 0.3, bandwidth_mode : heuristic, epsilon : 0.1, normalized : True, random_seed : 70, 
bias_direct: 0.021198905648725442
rmse_direct: 0.024915775779363415
bias_indirect: 0.008524359258527816
rmse_indirect: 0.012156948914379595
bias_total: 0.025030345696055334
rmse_total: 0.030638488805660665
bias_mr: 0.021157527734454843
rmse_mr: 0.024119582259646274
coverage: 1.0
