Experiment: expname : nonparametric_experiment, data : uniform, n_samples : 5000, mediator_dimension : 1, covariate_dimension : 1, alpha : 0.0, beta : 0.0, stochasticity : 1, gamma : 0.3, noise : uniform, 
Running with estimator : kme_dml, regularization : True, sample_splits : 1, reg_lambda : 0.001, reg_lambda_tilde : 0.001, kernel : linear, density : conditional_kernel, bandwidth : 0.3, bandwidth_mode : heuristic, epsilon : 0.1, normalized : True, random_seed : 90, 
bias_direct: 0.025939282649632255
rmse_direct: 0.03248264367443935
bias_indirect: 0.009213479462515646
rmse_indirect: 0.011282029134706571
bias_total: 0.02973047087400237
rmse_total: 0.03833298928745768
bias_mr: 0.02657815858267342
rmse_mr: 0.03367867535119833
coverage: 1.0
