Experiment: expname : nonparametric_experiment, data : uniform, n_samples : 1000, mediator_dimension : 1, covariate_dimension : 1, alpha : 0.0, beta : 0.0, stochasticity : 1, gamma : 0.3, noise : uniform, 
Running with estimator : kme_dml, regularization : True, sample_splits : 1, reg_lambda : 0.001, reg_lambda_tilde : 0.001, kernel : gauss, density : gaussian, bandwidth : 0.3, bandwidth_mode : heuristic, epsilon : 0.1, normalized : True, random_seed : 49, 
bias_direct: 0.05608047921368689
rmse_direct: 0.06424625622991129
bias_indirect: 0.01807272805955071
rmse_indirect: 0.021956354908533125
bias_total: 0.04213420749736089
rmse_total: 0.049510123432424835
bias_mr: 0.028729947323592082
rmse_mr: 0.03660961173439204
coverage: 1.0
