Experiment: expname : baselines_experiment, data : uniform, n_samples : 5000, mediator_dimension : 1, covariate_dimension : 1, alpha : 0.5, beta : 0.25, stochasticity : 1, gamma : 0.3, noise : uniform, 
Running with estimator : kme_dml, regularization : True, sample_splits : 1, reg_lambda : 0.001, reg_lambda_tilde : 0.001, kernel : gauss, density : gaussian, bandwidth : 0.3, bandwidth_mode : heuristic, epsilon : 0.3, normalized : True, random_seed : 54, 
bias_direct: 0.0428226320121849
rmse_direct: 0.053950879283890675
bias_indirect: 0.014089972251839344
rmse_indirect: 0.017675569154133163
bias_total: 0.03647384658249622
rmse_total: 0.04715930823247861
bias_mr: 0.02666623817227456
rmse_mr: 0.03216045009597584
coverage: 1.0
