Experiment: expname : nonparametric_experiment, data : uniform, n_samples : 1000, mediator_dimension : 1, covariate_dimension : 1, alpha : 0.0, beta : 0.0, stochasticity : 1, gamma : 0.3, noise : uniform, 
Running with estimator : kme_dml, regularization : True, sample_splits : 1, reg_lambda : 0.001, reg_lambda_tilde : 0.001, kernel : linear, density : conditional_kernel, bandwidth : 0.3, bandwidth_mode : heuristic, epsilon : 0.1, normalized : True, random_seed : 12, 
bias_direct: 0.08247612301698798
rmse_direct: 0.10234609878513362
bias_indirect: 0.02314624066745431
rmse_indirect: 0.027037666463526632
bias_total: 0.06925016403969074
rmse_total: 0.0811858743676313
bias_mr: 0.062395686572050225
rmse_mr: 0.07611765068163752
coverage: 1.0
