Experiment: expname : baselines_experiment, data : uniform, n_samples : 5000, mediator_dimension : 1, covariate_dimension : 1, alpha : 0.5, beta : 0.25, stochasticity : 1, gamma : 0.3, noise : uniform, 
Running with estimator : kme_dml, regularization : True, sample_splits : 1, reg_lambda : 0.001, reg_lambda_tilde : 0.001, kernel : gauss, density : gaussian, bandwidth : 0.3, bandwidth_mode : heuristic, epsilon : 0.3, normalized : True, random_seed : 70, 
bias_direct: 0.03433189339897495
rmse_direct: 0.046245494908779515
bias_indirect: 0.013186558559016407
rmse_indirect: 0.018116006787213798
bias_total: 0.025633882391261274
rmse_total: 0.037742625067480426
bias_mr: 0.02682033496784052
rmse_mr: 0.03167503134190057
coverage: 1.0
