Experiment: expname : nonparametric_experiment, data : uniform, n_samples : 1000, mediator_dimension : 1, covariate_dimension : 1, alpha : 0.0, beta : 0.0, stochasticity : 1, gamma : 0.3, noise : uniform, 
Running with estimator : kme_g_computation, regularization : True, sample_splits : 1, reg_lambda : 0.001, reg_lambda_tilde : 0.001, kernel : gauss, density : gaussian, bandwidth : 0.3, bandwidth_mode : heuristic, epsilon : 0.1, normalized : True, random_seed : 26, 
bias_direct: 0.15395916859599143
rmse_direct: 0.17917926233574705
bias_indirect: 0.19376086272654855
rmse_indirect: 0.21234752073266014
bias_total: 0.04246709846630243
rmse_total: 0.04711220646759533
bias_mr: 0.15557364755788014
rmse_mr: 0.1805190432135434
coverage: 0.0
