Experiment: expname : nonparametric_experiment, data : uniform, n_samples : 5000, mediator_dimension : 1, covariate_dimension : 1, alpha : 0.0, beta : 0.0, stochasticity : 1, gamma : 0.3, noise : uniform, 
Running with estimator : kme_dml, regularization : True, sample_splits : 1, reg_lambda : 0.001, reg_lambda_tilde : 0.001, kernel : linear, density : gaussian, bandwidth : 0.3, bandwidth_mode : heuristic, epsilon : 0.1, normalized : True, random_seed : 90, 
bias_direct: 0.028733787098108917
rmse_direct: 0.03674930695244937
bias_indirect: 0.008670616963237092
rmse_indirect: 0.010531327237497567
bias_total: 0.02959746274257562
rmse_total: 0.0386506408667568
bias_mr: 0.024850341725885412
rmse_mr: 0.03170288441514768
coverage: 1.0
