Experiment: expname : baselines_experiment, data : uniform, n_samples : 1000, mediator_dimension : 1, covariate_dimension : 1, alpha : 0.5, beta : 0.25, stochasticity : 1, gamma : 0.3, noise : uniform, 
Running with estimator : ipw, regularization : True, sample_splits : 1, reg_lambda : 0.001, reg_lambda_tilde : 0.001, kernel : gauss, density : gaussian, bandwidth : 0.3, bandwidth_mode : heuristic, epsilon : 0.3, normalized : True, random_seed : 19, 
bias_direct: 0.17858028104302973
rmse_direct: 0.22414764309190494
bias_indirect: 0.06982758620689658
rmse_indirect: 0.07936276378669077
bias_total: 0.1646843548172435
rmse_total: 0.19413264486463475
bias_mr: 0.19731708464819103
rmse_mr: 0.23478610691212087
coverage: 0.0
