Experiment: expname : baselines_experiment, data : uniform, n_samples : 500, mediator_dimension : 1, covariate_dimension : 1, alpha : 0.5, beta : 0.25, stochasticity : 1, gamma : 0.3, noise : uniform, 
Running with estimator : kme_g_computation, regularization : True, sample_splits : 1, reg_lambda : 0.001, reg_lambda_tilde : 0.001, kernel : gauss, density : gaussian, bandwidth : 0.3, bandwidth_mode : heuristic, epsilon : 0.3, normalized : True, random_seed : 77, 
bias_direct: 0.39037440616033164
rmse_direct: 0.49133189458612214
bias_indirect: 0.41887621506571393
rmse_indirect: 0.5394894643569298
bias_total: 0.08479197358294262
rmse_total: 0.11092907722269332
bias_mr: 0.45585162502209503
rmse_mr: 0.5884207704855273
coverage: 0.0
