Experiment: expname : baselines_experiment, data : uniform, n_samples : 500, mediator_dimension : 1, covariate_dimension : 1, alpha : 0.5, beta : 0.25, stochasticity : 1, gamma : 0.3, noise : uniform, 
Running with estimator : kme_g_computation, regularization : True, sample_splits : 1, reg_lambda : 0.001, reg_lambda_tilde : 0.001, kernel : gauss, density : gaussian, bandwidth : 0.3, bandwidth_mode : heuristic, epsilon : 0.3, normalized : True, random_seed : 20, 
bias_direct: 0.3462039863951027
rmse_direct: 0.4385001186076883
bias_indirect: 0.39557589723917447
rmse_indirect: 0.5053177612550677
bias_total: 0.07943732256715634
rmse_total: 0.12471953731339987
bias_mr: 0.43012037908091055
rmse_mr: 0.5447313710064774
coverage: 0.0
