Experiment: expname : nonparametric_experiment, data : uniform, n_samples : 5000, mediator_dimension : 1, covariate_dimension : 1, alpha : 0.0, beta : 0.0, stochasticity : 1, gamma : 0.3, noise : uniform, 
Running with estimator : ipw, regularization : True, sample_splits : 1, reg_lambda : 0.001, reg_lambda_tilde : 0.001, kernel : linear, density : conditional_kernel, bandwidth : 0.3, bandwidth_mode : heuristic, epsilon : 0.1, normalized : True, random_seed : 4, 
bias_direct: 0.06470027768615717
rmse_direct: 0.08355338856958866
bias_indirect: 0.01812771295134963
rmse_indirect: 0.025130251927065583
bias_total: 0.06709785770021601
rmse_total: 0.08347311509057166
bias_mr: 0.05258651780164088
rmse_mr: 0.06452949038770672
coverage: 0.0
