Experiment: expname : baselines_experiment, data : uniform, n_samples : 5000, mediator_dimension : 1, covariate_dimension : 1, alpha : 0.5, beta : 0.25, stochasticity : 1, gamma : 0.3, noise : uniform, 
Running with estimator : kme_g_computation, regularization : True, sample_splits : 1, reg_lambda : 0.001, reg_lambda_tilde : 0.001, kernel : gauss, density : gaussian, bandwidth : 0.3, bandwidth_mode : heuristic, epsilon : 0.3, normalized : True, random_seed : 54, 
bias_direct: 0.3715403553849701
rmse_direct: 0.48508832239188415
bias_indirect: 0.41287978116818447
rmse_indirect: 0.5376269869421417
bias_total: 0.043599202879078314
rmse_total: 0.05709591945819052
bias_mr: 0.3895338225582371
rmse_mr: 0.5101927362301361
coverage: 0.0
