Experiment: expname : nonparametric_experiment, data : uniform, n_samples : 1000, mediator_dimension : 1, covariate_dimension : 1, alpha : 0.0, beta : 0.0, stochasticity : 1, gamma : 0.3, noise : uniform, 
Running with estimator : kme_dml, regularization : True, sample_splits : 1, reg_lambda : 0.001, reg_lambda_tilde : 0.001, kernel : gauss, density : gaussian, bandwidth : 0.3, bandwidth_mode : heuristic, epsilon : 0.1, normalized : True, random_seed : 46, 
bias_direct: 0.08076251031916605
rmse_direct: 0.09597731743189766
bias_indirect: 0.027560952212701658
rmse_indirect: 0.03413047480301398
bias_total: 0.09463125138103003
rmse_total: 0.1124408410673582
bias_mr: 0.0841728533712763
rmse_mr: 0.1027186941990169
coverage: 0.8620689655172413
