Experiment: expname : baselines_experiment, data : uniform, n_samples : 1000, mediator_dimension : 1, covariate_dimension : 1, alpha : 0.5, beta : 0.25, stochasticity : 1, gamma : 0.3, noise : uniform, 
Running with estimator : linear, regularization : True, sample_splits : 1, reg_lambda : 0.001, reg_lambda_tilde : 0.001, kernel : gauss, density : gaussian, bandwidth : 0.3, bandwidth_mode : heuristic, epsilon : 0.3, normalized : True, random_seed : 8, 
bias_direct: 0.2796702174645071
rmse_direct: 0.32144223318595155
bias_indirect: 0.0028513843669636853
rmse_indirect: 0.003240749913793405
bias_total: 0.2821667628880265
rmse_total: 0.32412275643164273
bias_mr: 0.259892803987034
rmse_mr: 0.2786673181547863
coverage: 0.0
