Experiment: expname : baselines_experiment, data : uniform, n_samples : 500, mediator_dimension : 1, covariate_dimension : 1, alpha : 0.5, beta : 0.25, stochasticity : 1, gamma : 0.3, noise : uniform, 
Running with estimator : kme_g_computation, regularization : True, sample_splits : 1, reg_lambda : 0.001, reg_lambda_tilde : 0.001, kernel : gauss, density : gaussian, bandwidth : 0.3, bandwidth_mode : heuristic, epsilon : 0.3, normalized : True, random_seed : 17, 
bias_direct: 0.38671674539513845
rmse_direct: 0.5001289519517294
bias_indirect: 0.343110218524386
rmse_indirect: 0.45966636196819727
bias_total: 0.043770091767831996
rmse_total: 0.05237978780512683
bias_mr: 0.37463362272995526
rmse_mr: 0.4811409421447064
coverage: 0.0
