Experiment: expname : baselines_experiment, data : uniform, n_samples : 5000, mediator_dimension : 1, covariate_dimension : 1, alpha : 0.5, beta : 0.25, stochasticity : 1, gamma : 0.3, noise : uniform, 
Running with estimator : linear, regularization : True, sample_splits : 1, reg_lambda : 0.001, reg_lambda_tilde : 0.001, kernel : gauss, density : gaussian, bandwidth : 0.3, bandwidth_mode : heuristic, epsilon : 0.3, normalized : True, random_seed : 52, 
bias_direct: 0.29391630243557754
rmse_direct: 0.33687040829511605
bias_indirect: 0.0011782146513150446
rmse_indirect: 0.0013391035855840445
bias_total: 0.29288471005198174
rmse_total: 0.3357428196908656
bias_mr: 0.2763470722950468
rmse_mr: 0.2950887388359481
coverage: 0.0
