Experiment: expname : baselines_experiment, data : uniform, n_samples : 500, mediator_dimension : 1, covariate_dimension : 1, alpha : 0.5, beta : 0.25, stochasticity : 1, gamma : 0.3, noise : uniform, 
Running with estimator : kme_g_computation, regularization : True, sample_splits : 1, reg_lambda : 0.001, reg_lambda_tilde : 0.001, kernel : gauss, density : gaussian, bandwidth : 0.3, bandwidth_mode : heuristic, epsilon : 0.3, normalized : True, random_seed : 68, 
bias_direct: 0.3922488887483361
rmse_direct: 0.5171125226620881
bias_indirect: 0.3164939005181962
rmse_indirect: 0.47386548959147534
bias_total: 0.13583584312245925
rmse_total: 0.1674362418455256
bias_mr: 0.4068780132837832
rmse_mr: 0.5336415244151996
coverage: 0.0
