Experiment: expname : nonparametric_experiment, data : uniform, n_samples : 500, mediator_dimension : 1, covariate_dimension : 1, alpha : 0.0, beta : 0.0, stochasticity : 1, gamma : 0.3, noise : uniform, 
Running with estimator : ipw, regularization : True, sample_splits : 1, reg_lambda : 0.001, reg_lambda_tilde : 0.001, kernel : linear, density : gaussian, bandwidth : 0.3, bandwidth_mode : heuristic, epsilon : 0.1, normalized : True, random_seed : 14, 
bias_direct: 0.11561427323387716
rmse_direct: 0.13695269280458242
bias_indirect: 0.06982758620689661
rmse_indirect: 0.07936276378669078
bias_total: 0.12905856510804722
rmse_total: 0.14489766185205952
bias_mr: 0.1289853170679874
rmse_mr: 0.1509827425142472
coverage: 0.0
