Experiment: expname : nonparametric_experiment, data : uniform, n_samples : 1000, mediator_dimension : 1, covariate_dimension : 1, alpha : 0.0, beta : 0.0, stochasticity : 1, gamma : 0.3, noise : uniform, 
Running with estimator : kme_dml, regularization : True, sample_splits : 1, reg_lambda : 0.001, reg_lambda_tilde : 0.001, kernel : linear, density : conditional_kernel, bandwidth : 0.3, bandwidth_mode : heuristic, epsilon : 0.1, normalized : True, random_seed : 24, 
bias_direct: 0.08186841373279646
rmse_direct: 0.0976516062095373
bias_indirect: 0.021105181284855248
rmse_indirect: 0.025659853831324495
bias_total: 0.09757639322035848
rmse_total: 0.11455910305483684
bias_mr: 0.05769451657036124
rmse_mr: 0.06731116161865608
coverage: 1.0
