Experiment: expname : nonparametric_experiment, data : uniform, n_samples : 5000, mediator_dimension : 1, covariate_dimension : 1, alpha : 0.0, beta : 0.0, stochasticity : 1, gamma : 0.3, noise : uniform, 
Running with estimator : kme_dml, regularization : True, sample_splits : 1, reg_lambda : 0.001, reg_lambda_tilde : 0.001, kernel : gauss, density : gaussian, bandwidth : 0.3, bandwidth_mode : heuristic, epsilon : 0.1, normalized : True, random_seed : 78, 
bias_direct: 0.02081577126195074
rmse_direct: 0.03191317273337115
bias_indirect: 0.011504784500612104
rmse_indirect: 0.013801673149296558
bias_total: 0.02646891359338461
rmse_total: 0.042576575846357434
bias_mr: 0.019891626404128594
rmse_mr: 0.030370626114204432
coverage: 1.0
