Experiment: expname : nonparametric_experiment, data : uniform, n_samples : 5000, mediator_dimension : 1, covariate_dimension : 1, alpha : 0.0, beta : 0.0, stochasticity : 1, gamma : 0.3, noise : uniform, 
Running with estimator : kme_dml, regularization : True, sample_splits : 1, reg_lambda : 0.001, reg_lambda_tilde : 0.001, kernel : gauss, density : gaussian, bandwidth : 0.3, bandwidth_mode : heuristic, epsilon : 0.1, normalized : True, random_seed : 99, 
bias_direct: 0.019279571589019457
rmse_direct: 0.026442436937153535
bias_indirect: 0.011567850109469884
rmse_indirect: 0.014724284484025374
bias_total: 0.016892922944096802
rmse_total: 0.02332568129344486
bias_mr: 0.05644936448130315
rmse_mr: 0.059916197044409425
coverage: 0.8620689655172413
