Experiment: expname : nonparametric_experiment, data : uniform, n_samples : 1000, mediator_dimension : 1, covariate_dimension : 1, alpha : 0.0, beta : 0.0, stochasticity : 1, gamma : 0.3, noise : uniform, 
Running with estimator : kme_g_computation, regularization : True, sample_splits : 1, reg_lambda : 0.001, reg_lambda_tilde : 0.001, kernel : linear, density : gaussian, bandwidth : 0.3, bandwidth_mode : heuristic, epsilon : 0.1, normalized : True, random_seed : 94, 
bias_direct: 0.16359903950885682
rmse_direct: 0.18583858803285463
bias_indirect: 0.1869455506989374
rmse_indirect: 0.2124735568486583
bias_total: 0.023346511190080577
rmse_total: 0.026818127913288727
bias_mr: 0.16316511245402976
rmse_mr: 0.18628208098485488
coverage: 0.0
