Experiment: expname : nonparametric_experiment, data : uniform, n_samples : 1000, mediator_dimension : 1, covariate_dimension : 1, alpha : 0.0, beta : 0.0, stochasticity : 1, gamma : 0.3, noise : uniform, 
Running with estimator : ipw, regularization : True, sample_splits : 1, reg_lambda : 0.001, reg_lambda_tilde : 0.001, kernel : linear, density : gaussian, bandwidth : 0.3, bandwidth_mode : heuristic, epsilon : 0.1, normalized : True, random_seed : 30, 
bias_direct: 0.17954137066418605
rmse_direct: 0.223457708005993
bias_indirect: 0.0698275862068966
rmse_indirect: 0.0793627637866908
bias_total: 0.14611122441120783
rmse_total: 0.18163500835523458
bias_mr: 0.19077307240286673
rmse_mr: 0.21839507038328312
coverage: 0.0
