Experiment: expname : nonparametric_experiment, data : uniform, n_samples : 500, mediator_dimension : 1, covariate_dimension : 1, alpha : 0.0, beta : 0.0, stochasticity : 1, gamma : 0.3, noise : uniform, 
Running with estimator : kme_dml, regularization : True, sample_splits : 1, reg_lambda : 0.001, reg_lambda_tilde : 0.001, kernel : linear, density : conditional_kernel, bandwidth : 0.3, bandwidth_mode : heuristic, epsilon : 0.1, normalized : True, random_seed : 71, 
bias_direct: 0.041398539127950974
rmse_direct: 0.05048148964559965
bias_indirect: 0.0333085275738679
rmse_indirect: 0.03700223094971236
bias_total: 0.0712487047267028
rmse_total: 0.07962511468368884
bias_mr: 0.0520545191575838
rmse_mr: 0.06508417546896707
coverage: 1.0
