Experiment: expname : nonparametric_experiment, data : uniform, n_samples : 1000, mediator_dimension : 1, covariate_dimension : 1, alpha : 0.0, beta : 0.0, stochasticity : 1, gamma : 0.3, noise : uniform, 
Running with estimator : kme_g_computation, regularization : True, sample_splits : 1, reg_lambda : 0.001, reg_lambda_tilde : 0.001, kernel : gauss, density : conditional_kernel, bandwidth : 0.3, bandwidth_mode : heuristic, epsilon : 0.1, normalized : True, random_seed : 8, 
bias_direct: 0.15880247859313149
rmse_direct: 0.18156954117348353
bias_indirect: 0.15761367928929332
rmse_indirect: 0.18877680238294992
bias_total: 0.04542226341438958
rmse_total: 0.06056794533027141
bias_mr: 0.16474170833430257
rmse_mr: 0.19544806592194042
coverage: 0.0
