Experiment: expname : nonparametric_experiment, data : uniform, n_samples : 500, mediator_dimension : 1, covariate_dimension : 1, alpha : 0.0, beta : 0.0, stochasticity : 1, gamma : 0.3, noise : uniform, 
Running with estimator : ipw, regularization : True, sample_splits : 1, reg_lambda : 0.001, reg_lambda_tilde : 0.001, kernel : gauss, density : gaussian, bandwidth : 0.3, bandwidth_mode : heuristic, epsilon : 0.1, normalized : True, random_seed : 64, 
bias_direct: 0.23899867443763462
rmse_direct: 0.30851478358960027
bias_indirect: 0.06982758620689662
rmse_indirect: 0.0793627637866908
bias_total: 0.20808982535029374
rmse_total: 0.26021388267855544
bias_mr: 0.23108965591223954
rmse_mr: 0.2648002745416894
coverage: 0.0
