Experiment: expname : nonparametric_experiment, data : uniform, n_samples : 5000, mediator_dimension : 1, covariate_dimension : 1, alpha : 0.0, beta : 0.0, stochasticity : 1, gamma : 0.3, noise : uniform, 
Running with estimator : kme_dml, regularization : True, sample_splits : 1, reg_lambda : 0.001, reg_lambda_tilde : 0.001, kernel : gauss, density : gaussian, bandwidth : 0.3, bandwidth_mode : heuristic, epsilon : 0.1, normalized : True, random_seed : 46, 
bias_direct: 0.02006653111066456
rmse_direct: 0.026184791551310573
bias_indirect: 0.01584578093005285
rmse_indirect: 0.018123110476446477
bias_total: 0.019498952967324405
rmse_total: 0.02287589996560718
bias_mr: 0.02391811081999721
rmse_mr: 0.028072628723142225
coverage: 1.0
