Experiment: expname : baselines_experiment, data : uniform, n_samples : 1000, mediator_dimension : 1, covariate_dimension : 1, alpha : 0.5, beta : 0.25, stochasticity : 1, gamma : 0.3, noise : uniform, 
Running with estimator : linear, regularization : True, sample_splits : 1, reg_lambda : 0.001, reg_lambda_tilde : 0.001, kernel : gauss, density : gaussian, bandwidth : 0.3, bandwidth_mode : heuristic, epsilon : 0.3, normalized : True, random_seed : 88, 
bias_direct: 0.3023107595994563
rmse_direct: 0.3461020713832523
bias_indirect: 0.023351919407438537
rmse_indirect: 0.026540697803976845
bias_total: 0.2818648568293879
rmse_total: 0.32379805748121143
bias_mr: 0.28568301916551253
rmse_mr: 0.3048640111157508
coverage: 0.0
