Experiment: expname : nonparametric_experiment, data : uniform, n_samples : 5000, mediator_dimension : 1, covariate_dimension : 1, alpha : 0.0, beta : 0.0, stochasticity : 1, gamma : 0.3, noise : uniform, 
Running with estimator : ipw, regularization : True, sample_splits : 1, reg_lambda : 0.001, reg_lambda_tilde : 0.001, kernel : linear, density : gaussian, bandwidth : 0.3, bandwidth_mode : heuristic, epsilon : 0.1, normalized : True, random_seed : 20, 
bias_direct: 0.09285769981334073
rmse_direct: 0.11498568906521597
bias_indirect: 0.0698275862068966
rmse_indirect: 0.07936276378669077
bias_total: 0.0571708326723575
rmse_total: 0.06351546277952008
bias_mr: 0.09323012509220019
rmse_mr: 0.1101997169018809
coverage: 0.0
