Experiment: expname : nonparametric_experiment, data : uniform, n_samples : 1000, mediator_dimension : 1, covariate_dimension : 1, alpha : 0.0, beta : 0.0, stochasticity : 1, gamma : 0.3, noise : uniform, 
Running with estimator : ipw, regularization : True, sample_splits : 1, reg_lambda : 0.001, reg_lambda_tilde : 0.001, kernel : gauss, density : conditional_kernel, bandwidth : 0.3, bandwidth_mode : heuristic, epsilon : 0.1, normalized : True, random_seed : 39, 
bias_direct: 0.1285976064524126
rmse_direct: 0.15986347209596594
bias_indirect: 0.0365850664950496
rmse_indirect: 0.043962798053558405
bias_total: 0.10095560530044033
rmse_total: 0.12438773842152212
bias_mr: 0.11609644816555818
rmse_mr: 0.14052022019376154
coverage: 0.0
