Experiment: expname : nonparametric_experiment, data : uniform, n_samples : 1000, mediator_dimension : 1, covariate_dimension : 1, alpha : 0.0, beta : 0.0, stochasticity : 1, gamma : 0.3, noise : uniform, 
Running with estimator : ipw, regularization : True, sample_splits : 1, reg_lambda : 0.001, reg_lambda_tilde : 0.001, kernel : gauss, density : conditional_kernel, bandwidth : 0.3, bandwidth_mode : heuristic, epsilon : 0.1, normalized : True, random_seed : 96, 
bias_direct: 0.20326281273108887
rmse_direct: 0.23935295440184076
bias_indirect: 0.04106781732916806
rmse_indirect: 0.048093371565361545
bias_total: 0.2119293975349264
rmse_total: 0.23515998836920574
bias_mr: 0.12051685729208726
rmse_mr: 0.1354534446245755
coverage: 0.0
