Experiment: expname : nonparametric_experiment, data : uniform, n_samples : 500, mediator_dimension : 1, covariate_dimension : 1, alpha : 0.0, beta : 0.0, stochasticity : 1, gamma : 0.3, noise : uniform, 
Running with estimator : kme_dml, regularization : True, sample_splits : 1, reg_lambda : 0.001, reg_lambda_tilde : 0.001, kernel : gauss, density : conditional_kernel, bandwidth : 0.3, bandwidth_mode : heuristic, epsilon : 0.1, normalized : True, random_seed : 62, 
bias_direct: 0.08371740713237044
rmse_direct: 0.09420323144631763
bias_indirect: 0.015330719112933206
rmse_indirect: 0.016689006699869596
bias_total: 0.09102638352119502
rmse_total: 0.10046652908157737
bias_mr: 0.09549432592570596
rmse_mr: 0.11010952241401088
coverage: 1.0
