Experiment: expname : baselines_experiment, data : uniform, n_samples : 500, mediator_dimension : 1, covariate_dimension : 1, alpha : 0.5, beta : 0.25, stochasticity : 1, gamma : 0.3, noise : uniform, 
Running with estimator : linear, regularization : True, sample_splits : 1, reg_lambda : 0.001, reg_lambda_tilde : 0.001, kernel : gauss, density : gaussian, bandwidth : 0.3, bandwidth_mode : heuristic, epsilon : 0.3, normalized : True, random_seed : 60, 
bias_direct: 0.2499525716688323
rmse_direct: 0.2858796327059434
bias_indirect: 0.013446065762822028
rmse_indirect: 0.015282168537708378
bias_total: 0.26017158164857707
rmse_total: 0.2978488573352488
bias_mr: 0.22188406722031417
rmse_mr: 0.2417996952645985
coverage: 0.0
