Experiment: expname : nonparametric_experiment, data : uniform, n_samples : 5000, mediator_dimension : 1, covariate_dimension : 1, alpha : 0.0, beta : 0.0, stochasticity : 1, gamma : 0.3, noise : uniform, 
Running with estimator : kme_dml, regularization : True, sample_splits : 1, reg_lambda : 0.001, reg_lambda_tilde : 0.001, kernel : gauss, density : conditional_kernel, bandwidth : 0.3, bandwidth_mode : heuristic, epsilon : 0.1, normalized : True, random_seed : 86, 
bias_direct: 0.018403947444923626
rmse_direct: 0.024575993552372357
bias_indirect: 0.01505845129708761
rmse_indirect: 0.019585001902147608
bias_total: 0.025692677639521017
rmse_total: 0.029948063978451393
bias_mr: 0.06458212566424186
rmse_mr: 0.06976399581215534
coverage: 0.7241379310344828
