Experiment: expname : nonparametric_experiment, data : uniform, n_samples : 1000, mediator_dimension : 1, covariate_dimension : 1, alpha : 0.0, beta : 0.0, stochasticity : 1, gamma : 0.3, noise : uniform, 
Running with estimator : kme_dml, regularization : True, sample_splits : 1, reg_lambda : 0.001, reg_lambda_tilde : 0.001, kernel : gauss, density : gaussian, bandwidth : 0.3, bandwidth_mode : heuristic, epsilon : 0.1, normalized : True, random_seed : 14, 
bias_direct: 0.13793291780519057
rmse_direct: 0.15446839224012807
bias_indirect: 0.015655700083431062
rmse_indirect: 0.021668388499572533
bias_total: 0.12449952977424934
rmse_total: 0.14133158490064307
bias_mr: 0.09225286900101504
rmse_mr: 0.10268120646977213
coverage: 0.9310344827586207
