Experiment: expname : nonparametric_experiment, data : uniform, n_samples : 500, mediator_dimension : 1, covariate_dimension : 1, alpha : 0.0, beta : 0.0, stochasticity : 1, gamma : 0.3, noise : uniform, 
Running with estimator : kme_dml, regularization : True, sample_splits : 1, reg_lambda : 0.001, reg_lambda_tilde : 0.001, kernel : linear, density : conditional_kernel, bandwidth : 0.3, bandwidth_mode : heuristic, epsilon : 0.1, normalized : True, random_seed : 15, 
bias_direct: 0.0963921207771342
rmse_direct: 0.12411618282233759
bias_indirect: 0.010154277263897867
rmse_indirect: 0.012300496593151647
bias_total: 0.09738213406415425
rmse_total: 0.1223834811914373
bias_mr: 0.09956960011405884
rmse_mr: 0.10828637589586307
coverage: 1.0
