Experiment: expname : nonparametric_experiment, data : uniform, n_samples : 1000, mediator_dimension : 1, covariate_dimension : 1, alpha : 0.0, beta : 0.0, stochasticity : 1, gamma : 0.3, noise : uniform, 
Running with estimator : kme_g_computation, regularization : True, sample_splits : 1, reg_lambda : 0.001, reg_lambda_tilde : 0.001, kernel : gauss, density : conditional_kernel, bandwidth : 0.3, bandwidth_mode : heuristic, epsilon : 0.1, normalized : True, random_seed : 78, 
bias_direct: 0.18549674909814615
rmse_direct: 0.20701021372902417
bias_indirect: 0.17255789984627512
rmse_indirect: 0.20130132114976393
bias_total: 0.048010418353680424
rmse_total: 0.056623222196524874
bias_mr: 0.20440374889616872
rmse_mr: 0.23102004298774717
coverage: 0.0
