Experiment: expname : nonparametric_experiment, data : uniform, n_samples : 500, mediator_dimension : 1, covariate_dimension : 1, alpha : 0.0, beta : 0.0, stochasticity : 1, gamma : 0.3, noise : uniform, 
Running with estimator : ipw, regularization : True, sample_splits : 1, reg_lambda : 0.001, reg_lambda_tilde : 0.001, kernel : linear, density : gaussian, bandwidth : 0.3, bandwidth_mode : heuristic, epsilon : 0.1, normalized : True, random_seed : 72, 
bias_direct: 0.2073247672785288
rmse_direct: 0.2458009847362039
bias_indirect: 0.06982758620689661
rmse_indirect: 0.07936276378669078
bias_total: 0.18105559259873508
rmse_total: 0.21379083836683546
bias_mr: 0.16480732496830788
rmse_mr: 0.19192348699165857
coverage: 0.0
