Experiment: expname : nonparametric_experiment, data : uniform, n_samples : 1000, mediator_dimension : 1, covariate_dimension : 1, alpha : 0.0, beta : 0.0, stochasticity : 1, gamma : 0.3, noise : uniform, 
Running with estimator : kme_dml, regularization : True, sample_splits : 1, reg_lambda : 0.001, reg_lambda_tilde : 0.001, kernel : linear, density : gaussian, bandwidth : 0.3, bandwidth_mode : heuristic, epsilon : 0.1, normalized : True, random_seed : 23, 
bias_direct: 0.03755657810383481
rmse_direct: 0.06984274571358112
bias_indirect: 0.007578332018888748
rmse_indirect: 0.008770166236435725
bias_total: 0.03687843048620894
rmse_total: 0.06349758218092948
bias_mr: 0.0605278674291383
rmse_mr: 0.06572010786162823
coverage: 1.0
