Experiment: expname : baselines_experiment, data : uniform, n_samples : 1000, mediator_dimension : 1, covariate_dimension : 1, alpha : 0.5, beta : 0.25, stochasticity : 1, gamma : 0.3, noise : uniform, 
Running with estimator : linear, regularization : True, sample_splits : 1, reg_lambda : 0.001, reg_lambda_tilde : 0.001, kernel : gauss, density : gaussian, bandwidth : 0.3, bandwidth_mode : heuristic, epsilon : 0.3, normalized : True, random_seed : 54, 
bias_direct: 0.2512236906870456
rmse_direct: 0.2873513474332958
bias_indirect: 0.0011145744358301054
rmse_indirect: 0.0012667730975459734
bias_total: 0.2503766141158147
rmse_total: 0.2863700315698761
bias_mr: 0.22323184197574303
rmse_mr: 0.2425842168252746
coverage: 0.0
