Experiment: expname : baselines_experiment, data : uniform, n_samples : 1000, mediator_dimension : 1, covariate_dimension : 1, alpha : 0.5, beta : 0.25, stochasticity : 1, gamma : 0.3, noise : uniform, 
Running with estimator : kme_g_computation, regularization : True, sample_splits : 1, reg_lambda : 0.001, reg_lambda_tilde : 0.001, kernel : gauss, density : gaussian, bandwidth : 0.3, bandwidth_mode : heuristic, epsilon : 0.3, normalized : True, random_seed : 97, 
bias_direct: 0.33758780034726027
rmse_direct: 0.45827748077209973
bias_indirect: 0.38196370548100544
rmse_indirect: 0.5055125843121376
bias_total: 0.07747137199926402
rmse_total: 0.10658378687953868
bias_mr: 0.3695172178035944
rmse_mr: 0.4956137759263824
coverage: 0.0
