Experiment: expname : nonparametric_experiment, data : uniform, n_samples : 5000, mediator_dimension : 1, covariate_dimension : 1, alpha : 0.0, beta : 0.0, stochasticity : 1, gamma : 0.3, noise : uniform, 
Running with estimator : kme_g_computation, regularization : True, sample_splits : 1, reg_lambda : 0.001, reg_lambda_tilde : 0.001, kernel : gauss, density : gaussian, bandwidth : 0.3, bandwidth_mode : heuristic, epsilon : 0.1, normalized : True, random_seed : 76, 
bias_direct: 0.17008371683201545
rmse_direct: 0.19472047221325392
bias_indirect: 0.1930608882356035
rmse_indirect: 0.2195729700848171
bias_total: 0.023147023811942884
rmse_total: 0.03332444563219154
bias_mr: 0.16690022397321955
rmse_mr: 0.19053144875290873
coverage: 0.0
