Experiment: expname : baselines_experiment, data : uniform, n_samples : 1000, mediator_dimension : 1, covariate_dimension : 1, alpha : 0.5, beta : 0.25, stochasticity : 1, gamma : 0.3, noise : uniform, 
Running with estimator : kme_g_computation, regularization : True, sample_splits : 1, reg_lambda : 0.001, reg_lambda_tilde : 0.001, kernel : gauss, density : gaussian, bandwidth : 0.3, bandwidth_mode : heuristic, epsilon : 0.3, normalized : True, random_seed : 77, 
bias_direct: 0.39776894098819865
rmse_direct: 0.519109558498888
bias_indirect: 0.4735207500893106
rmse_indirect: 0.6074350000371863
bias_total: 0.07835705282544829
rmse_total: 0.13192572959354376
bias_mr: 0.3906340958896132
rmse_mr: 0.5115230986979125
coverage: 0.0
