Experiment: expname : nonparametric_experiment, data : uniform, n_samples : 500, mediator_dimension : 1, covariate_dimension : 1, alpha : 0.0, beta : 0.0, stochasticity : 1, gamma : 0.3, noise : uniform, 
Running with estimator : ipw, regularization : True, sample_splits : 1, reg_lambda : 0.001, reg_lambda_tilde : 0.001, kernel : gauss, density : conditional_kernel, bandwidth : 0.3, bandwidth_mode : heuristic, epsilon : 0.1, normalized : True, random_seed : 99, 
bias_direct: 0.14521497854344212
rmse_direct: 0.17087652677452028
bias_indirect: 0.10927237510742781
rmse_indirect: 0.11934117910186864
bias_total: 0.13416522853674098
rmse_total: 0.16304270338320964
bias_mr: 0.16637017252132533
rmse_mr: 0.21187324785766254
coverage: 0.0
