Experiment: expname : nonparametric_experiment, data : uniform, n_samples : 5000, mediator_dimension : 1, covariate_dimension : 1, alpha : 0.0, beta : 0.0, stochasticity : 1, gamma : 0.3, noise : uniform, 
Running with estimator : kme_dml, regularization : True, sample_splits : 1, reg_lambda : 0.001, reg_lambda_tilde : 0.001, kernel : gauss, density : gaussian, bandwidth : 0.3, bandwidth_mode : heuristic, epsilon : 0.1, normalized : True, random_seed : 17, 
bias_direct: 0.0457237307755131
rmse_direct: 0.05268156975921606
bias_indirect: 0.0025419300256154967
rmse_indirect: 0.003110123102576863
bias_total: 0.0461757356473562
rmse_total: 0.05298101181542155
bias_mr: 0.03303438976446083
rmse_mr: 0.039454366270390534
coverage: 1.0
