Experiment: expname : nonparametric_experiment, data : uniform, n_samples : 500, mediator_dimension : 1, covariate_dimension : 1, alpha : 0.0, beta : 0.0, stochasticity : 1, gamma : 0.3, noise : uniform, 
Running with estimator : kme_dml, regularization : True, sample_splits : 1, reg_lambda : 0.001, reg_lambda_tilde : 0.001, kernel : linear, density : gaussian, bandwidth : 0.3, bandwidth_mode : heuristic, epsilon : 0.1, normalized : True, random_seed : 94, 
bias_direct: 0.019280651151199642
rmse_direct: 0.02432492799147809
bias_indirect: 0.024856944798143713
rmse_indirect: 0.032070437108470906
bias_total: 0.043518127588998395
rmse_total: 0.052058305227310725
bias_mr: 0.028232846978479546
rmse_mr: 0.03656303978820117
coverage: 1.0
