Experiment: expname : nonparametric_experiment, data : uniform, n_samples : 1000, mediator_dimension : 1, covariate_dimension : 1, alpha : 0.0, beta : 0.0, stochasticity : 1, gamma : 0.3, noise : uniform, 
Running with estimator : kme_g_computation, regularization : True, sample_splits : 1, reg_lambda : 0.001, reg_lambda_tilde : 0.001, kernel : gauss, density : gaussian, bandwidth : 0.3, bandwidth_mode : heuristic, epsilon : 0.1, normalized : True, random_seed : 89, 
bias_direct: 0.16407715405052398
rmse_direct: 0.18338686767212312
bias_indirect: 0.1867632541141237
rmse_indirect: 0.20972447783751344
bias_total: 0.02289307421991206
rmse_total: 0.03451010536960794
bias_mr: 0.17738155736810493
rmse_mr: 0.20070211372121827
coverage: 0.0
