Experiment: expname : nonparametric_experiment, data : uniform, n_samples : 5000, mediator_dimension : 1, covariate_dimension : 1, alpha : 0.0, beta : 0.0, stochasticity : 1, gamma : 0.3, noise : uniform, 
Running with estimator : kme_dml, regularization : True, sample_splits : 1, reg_lambda : 0.001, reg_lambda_tilde : 0.001, kernel : linear, density : gaussian, bandwidth : 0.3, bandwidth_mode : heuristic, epsilon : 0.1, normalized : True, random_seed : 54, 
bias_direct: 0.031064245880587947
rmse_direct: 0.034936984451747005
bias_indirect: 0.006940314975421475
rmse_indirect: 0.008478087812642345
bias_total: 0.033040411478739914
rmse_total: 0.03697389433742166
bias_mr: 0.034736139911192294
rmse_mr: 0.04185361763156149
coverage: 0.9655172413793104
