Experiment: expname : baselines_experiment, data : uniform, n_samples : 5000, mediator_dimension : 1, covariate_dimension : 1, alpha : 0.5, beta : 0.25, stochasticity : 1, gamma : 0.3, noise : uniform, 
Running with estimator : linear, regularization : True, sample_splits : 1, reg_lambda : 0.001, reg_lambda_tilde : 0.001, kernel : gauss, density : gaussian, bandwidth : 0.3, bandwidth_mode : heuristic, epsilon : 0.3, normalized : True, random_seed : 23, 
bias_direct: 0.2905512237654767
rmse_direct: 0.3331979648152937
bias_indirect: 0.0011262114236169538
rmse_indirect: 0.0012799991527926754
bias_total: 0.2895651630967987
rmse_total: 0.33212502879361305
bias_mr: 0.27301766738967265
rmse_mr: 0.2917379583527549
coverage: 0.0
