Experiment: expname : nonparametric_experiment, data : uniform, n_samples : 5000, mediator_dimension : 1, covariate_dimension : 1, alpha : 0.0, beta : 0.0, stochasticity : 1, gamma : 0.3, noise : uniform, 
Running with estimator : kme_dml, regularization : True, sample_splits : 1, reg_lambda : 0.001, reg_lambda_tilde : 0.001, kernel : linear, density : conditional_kernel, bandwidth : 0.3, bandwidth_mode : heuristic, epsilon : 0.1, normalized : True, random_seed : 8, 
bias_direct: 0.03413984312327661
rmse_direct: 0.0408048467356002
bias_indirect: 0.014859986742356099
rmse_indirect: 0.017506146781620952
bias_total: 0.04467509350212172
rmse_total: 0.051690744786739906
bias_mr: 0.03966587850554762
rmse_mr: 0.05055138880367626
coverage: 0.8620689655172413
