Experiment: expname : nonparametric_experiment, data : uniform, n_samples : 5000, mediator_dimension : 1, covariate_dimension : 1, alpha : 0.0, beta : 0.0, stochasticity : 1, gamma : 0.3, noise : uniform, 
Running with estimator : kme_g_computation, regularization : True, sample_splits : 1, reg_lambda : 0.001, reg_lambda_tilde : 0.001, kernel : gauss, density : conditional_kernel, bandwidth : 0.3, bandwidth_mode : heuristic, epsilon : 0.1, normalized : True, random_seed : 96, 
bias_direct: 0.14814705475785928
rmse_direct: 0.16915103451389268
bias_indirect: 0.14085085181198365
rmse_indirect: 0.16653560440988627
bias_total: 0.01290566307814216
rmse_total: 0.014615823822190588
bias_mr: 0.1451178757804357
rmse_mr: 0.164779119862714
coverage: 0.0
