Experiment: expname : nonparametric_experiment, data : uniform, n_samples : 1000, mediator_dimension : 1, covariate_dimension : 1, alpha : 0.0, beta : 0.0, stochasticity : 1, gamma : 0.3, noise : uniform, 
Running with estimator : kme_dml, regularization : True, sample_splits : 1, reg_lambda : 0.001, reg_lambda_tilde : 0.001, kernel : gauss, density : gaussian, bandwidth : 0.3, bandwidth_mode : heuristic, epsilon : 0.1, normalized : True, random_seed : 7, 
bias_direct: 0.0635324393869685
rmse_direct: 0.07172140188311461
bias_indirect: 0.026629620909193675
rmse_indirect: 0.030731434096262302
bias_total: 0.07092960180235157
rmse_total: 0.08532161092048886
bias_mr: 0.10677475713697412
rmse_mr: 0.12134300965030526
coverage: 0.6896551724137931
