Experiment: expname : nonparametric_experiment, data : uniform, n_samples : 1000, mediator_dimension : 1, covariate_dimension : 1, alpha : 0.0, beta : 0.0, stochasticity : 1, gamma : 0.3, noise : uniform, 
Running with estimator : kme_g_computation, regularization : True, sample_splits : 1, reg_lambda : 0.001, reg_lambda_tilde : 0.001, kernel : linear, density : conditional_kernel, bandwidth : 0.3, bandwidth_mode : heuristic, epsilon : 0.1, normalized : True, random_seed : 10, 
bias_direct: 0.15643836736913588
rmse_direct: 0.17772101015617628
bias_indirect: 0.18247912810806968
rmse_indirect: 0.2073972259138599
bias_total: 0.02604076073893375
rmse_total: 0.02977216386095395
bias_mr: 0.15647418587527126
rmse_mr: 0.177807616165702
coverage: 0.0
