Experiment: expname : nonparametric_experiment, data : uniform, n_samples : 1000, mediator_dimension : 1, covariate_dimension : 1, alpha : 0.0, beta : 0.0, stochasticity : 1, gamma : 0.3, noise : uniform, 
Running with estimator : kme_dml, regularization : True, sample_splits : 1, reg_lambda : 0.001, reg_lambda_tilde : 0.001, kernel : linear, density : gaussian, bandwidth : 0.3, bandwidth_mode : heuristic, epsilon : 0.1, normalized : True, random_seed : 24, 
bias_direct: 0.08491190698803223
rmse_direct: 0.10165409837852168
bias_indirect: 0.019550800661561583
rmse_indirect: 0.02607258654012174
bias_total: 0.1005465515777313
rmse_total: 0.11774195996342521
bias_mr: 0.05450185160961182
rmse_mr: 0.06324331011785513
coverage: 1.0
