Experiment: expname : nonparametric_experiment, data : uniform, n_samples : 5000, mediator_dimension : 1, covariate_dimension : 1, alpha : 0.0, beta : 0.0, stochasticity : 1, gamma : 0.3, noise : uniform, 
Running with estimator : kme_dml, regularization : True, sample_splits : 1, reg_lambda : 0.001, reg_lambda_tilde : 0.001, kernel : gauss, density : conditional_kernel, bandwidth : 0.3, bandwidth_mode : heuristic, epsilon : 0.1, normalized : True, random_seed : 33, 
bias_direct: 0.04351588913437101
rmse_direct: 0.05039726821861386
bias_indirect: 0.010535560952957322
rmse_indirect: 0.013535857833467809
bias_total: 0.05156840311668605
rmse_total: 0.05953440490465308
bias_mr: 0.03819408874391556
rmse_mr: 0.0460075243398409
coverage: 0.896551724137931
