Experiment: expname : nonparametric_experiment, data : uniform, n_samples : 500, mediator_dimension : 1, covariate_dimension : 1, alpha : 0.0, beta : 0.0, stochasticity : 1, gamma : 0.3, noise : uniform, 
Running with estimator : kme_g_computation, regularization : True, sample_splits : 1, reg_lambda : 0.001, reg_lambda_tilde : 0.001, kernel : linear, density : gaussian, bandwidth : 0.3, bandwidth_mode : heuristic, epsilon : 0.1, normalized : True, random_seed : 88, 
bias_direct: 0.1758659463034555
rmse_direct: 0.2003819513502674
bias_indirect: 0.1350563506088113
rmse_indirect: 0.15349870725637435
bias_total: 0.04080959569464421
rmse_total: 0.04739827924785286
bias_mr: 0.18213107452825972
rmse_mr: 0.2138568612511235
coverage: 0.0
