Experiment: expname : nonparametric_experiment, data : uniform, n_samples : 5000, mediator_dimension : 1, covariate_dimension : 1, alpha : 0.0, beta : 0.0, stochasticity : 1, gamma : 0.3, noise : uniform, 
Running with estimator : kme_g_computation, regularization : True, sample_splits : 1, reg_lambda : 0.001, reg_lambda_tilde : 0.001, kernel : linear, density : gaussian, bandwidth : 0.3, bandwidth_mode : heuristic, epsilon : 0.1, normalized : True, random_seed : 1, 
bias_direct: 0.1628929801197163
rmse_direct: 0.18517105174018503
bias_indirect: 0.1568408521633188
rmse_indirect: 0.17825797560850848
bias_total: 0.00605212795639751
rmse_total: 0.006953887463415153
bias_mr: 0.1624529652546349
rmse_mr: 0.1847523868508993
coverage: 0.0
