Experiment: expname : nonparametric_experiment, data : uniform, n_samples : 5000, mediator_dimension : 1, covariate_dimension : 1, alpha : 0.0, beta : 0.0, stochasticity : 1, gamma : 0.3, noise : uniform, 
Running with estimator : kme_g_computation, regularization : True, sample_splits : 1, reg_lambda : 0.001, reg_lambda_tilde : 0.001, kernel : linear, density : gaussian, bandwidth : 0.3, bandwidth_mode : heuristic, epsilon : 0.1, normalized : True, random_seed : 36, 
bias_direct: 0.16167438042104867
rmse_direct: 0.1838711834532074
bias_indirect: 0.14629317994736613
rmse_indirect: 0.16626999496552453
bias_total: 0.015381200473682563
rmse_total: 0.01775065353550764
bias_mr: 0.16203571548958406
rmse_mr: 0.1851449296441719
coverage: 0.0
