Experiment: expname : coverage_experiment, data : uniform, n_samples : 500, mediator_dimension : 1, covariate_dimension : 1, alpha : 0.5, beta : 0.25, stochasticity : 1, gamma : 0.3, noise : uniform, 
Running with estimator : kme_dml, regularization : True, sample_splits : 1, reg_lambda : 0.001, reg_lambda_tilde : 0.001, kernel : gauss, density : gaussian, bandwidth : 0.3, bandwidth_mode : heuristic, epsilon : 0.3, normalized : True, random_seed : 57, 
bias_direct: 0.1607693439297673
rmse_direct: 0.1838461220247167
bias_indirect: 0.013974502472552218
rmse_indirect: 0.019127959661561927
bias_total: 0.15068350458393648
rmse_total: 0.17395529366387044
bias_mr: 0.1441440934181054
rmse_mr: 0.16124223549557903
coverage: 0.7931034482758621
