Experiment: expname : coverage_experiment, data : uniform, n_samples : 1000, mediator_dimension : 1, covariate_dimension : 1, alpha : 0.5, beta : 0.25, stochasticity : 1, gamma : 0.3, noise : uniform, 
Running with estimator : kme_dml, regularization : True, sample_splits : 1, reg_lambda : 0.001, reg_lambda_tilde : 0.001, kernel : gauss, density : gaussian, bandwidth : 0.3, bandwidth_mode : heuristic, epsilon : 0.3, normalized : True, random_seed : 0, 
bias_direct: 0.06265991843695615
rmse_direct: 0.07290175917936333
bias_indirect: 0.039841936466640256
rmse_indirect: 0.05146326036896195
bias_total: 0.0798411201544803
rmse_total: 0.09040999741141373
bias_mr: 0.11035667836342238
rmse_mr: 0.13282242873303496
coverage: 0.7586206896551724
