Experiment: expname : coverage_experiment, data : uniform, n_samples : 1000, mediator_dimension : 1, covariate_dimension : 1, alpha : 0.5, beta : 0.25, stochasticity : 1, gamma : 0.3, noise : uniform, 
Running with estimator : kme_dml, regularization : True, sample_splits : 1, reg_lambda : 0.001, reg_lambda_tilde : 0.001, kernel : gauss, density : gaussian, bandwidth : 0.3, bandwidth_mode : heuristic, epsilon : 0.3, normalized : True, random_seed : 12, 
bias_direct: 0.09125191535523354
rmse_direct: 0.10618933322113577
bias_indirect: 0.017808591609274046
rmse_indirect: 0.026457326404897345
bias_total: 0.07824614616836101
rmse_total: 0.08716253455782935
bias_mr: 0.07557688900568404
rmse_mr: 0.09202487572950781
coverage: 0.896551724137931
