Experiment: expname : coverage_experiment, data : uniform, n_samples : 500, mediator_dimension : 1, covariate_dimension : 1, alpha : 0.5, beta : 0.25, stochasticity : 1, gamma : 0.3, noise : uniform, 
Running with estimator : kme_dml, regularization : True, sample_splits : 1, reg_lambda : 0.001, reg_lambda_tilde : 0.001, kernel : gauss, density : gaussian, bandwidth : 0.3, bandwidth_mode : heuristic, epsilon : 0.3, normalized : True, random_seed : 53, 
bias_direct: 0.08809558881922448
rmse_direct: 0.11680479338255355
bias_indirect: 0.019169245247041368
rmse_indirect: 0.024729251754666507
bias_total: 0.09799288836915301
rmse_total: 0.13333478147981315
bias_mr: 0.03742658631852178
rmse_mr: 0.04595341095515236
coverage: 1.0
