Experiment: expname : coverage_experiment, data : uniform, n_samples : 5000, mediator_dimension : 1, covariate_dimension : 1, alpha : 0.5, beta : 0.25, stochasticity : 1, gamma : 0.3, noise : uniform, 
Running with estimator : kme_dml, regularization : True, sample_splits : 1, reg_lambda : 0.001, reg_lambda_tilde : 0.001, kernel : gauss, density : gaussian, bandwidth : 0.3, bandwidth_mode : heuristic, epsilon : 0.3, normalized : True, random_seed : 26, 
bias_direct: 0.0454109832986267
rmse_direct: 0.05359020569687121
bias_indirect: 0.026864370675419667
rmse_indirect: 0.032456369463595425
bias_total: 0.024430171957113653
rmse_total: 0.02836063186097202
bias_mr: 0.027669919279802075
rmse_mr: 0.03862337786367114
coverage: 1.0
