Experiment: expname : coverage_experiment, data : uniform, n_samples : 500, mediator_dimension : 1, covariate_dimension : 1, alpha : 0.5, beta : 0.25, stochasticity : 1, gamma : 0.3, noise : uniform, 
Running with estimator : kme_dml, regularization : True, sample_splits : 1, reg_lambda : 0.001, reg_lambda_tilde : 0.001, kernel : gauss, density : gaussian, bandwidth : 0.3, bandwidth_mode : heuristic, epsilon : 0.3, normalized : True, random_seed : 91, 
bias_direct: 0.09821342754106924
rmse_direct: 0.11249367958185962
bias_indirect: 0.009376350639422257
rmse_indirect: 0.011864228304600084
bias_total: 0.08886236200034567
rmse_total: 0.10362668920826662
bias_mr: 0.09692937580934742
rmse_mr: 0.11411225257607129
coverage: 1.0
