Experiment: expname : coverage_experiment, data : uniform, n_samples : 5000, mediator_dimension : 1, covariate_dimension : 1, alpha : 0.5, beta : 0.25, stochasticity : 1, gamma : 0.3, noise : uniform, 
Running with estimator : kme_dml, regularization : True, sample_splits : 1, reg_lambda : 0.001, reg_lambda_tilde : 0.001, kernel : gauss, density : gaussian, bandwidth : 0.3, bandwidth_mode : heuristic, epsilon : 0.3, normalized : True, random_seed : 76, 
bias_direct: 0.05849809839201972
rmse_direct: 0.07517551054372629
bias_indirect: 0.01820380204226577
rmse_indirect: 0.022223159595531065
bias_total: 0.04988836612673211
rmse_total: 0.0754835126951428
bias_mr: 0.04016479570273395
rmse_mr: 0.047213008902590524
coverage: 1.0
