Experiment: expname : coverage_experiment, data : uniform, n_samples : 5000, mediator_dimension : 1, covariate_dimension : 1, alpha : 0.5, beta : 0.25, stochasticity : 1, gamma : 0.3, noise : uniform, 
Running with estimator : kme_dml, regularization : True, sample_splits : 1, reg_lambda : 0.001, reg_lambda_tilde : 0.001, kernel : gauss, density : gaussian, bandwidth : 0.3, bandwidth_mode : heuristic, epsilon : 0.3, normalized : True, random_seed : 67, 
bias_direct: 0.06731787389832256
rmse_direct: 0.07492001244274876
bias_indirect: 0.019988115946415065
rmse_indirect: 0.02287003836368722
bias_total: 0.049533520236102684
rmse_total: 0.061959122772745005
bias_mr: 0.04962736899083529
rmse_mr: 0.055531850781801714
coverage: 1.0
