Experiment: expname : coverage_experiment, data : uniform, n_samples : 1000, mediator_dimension : 1, covariate_dimension : 1, alpha : 0.5, beta : 0.25, stochasticity : 1, gamma : 0.3, noise : uniform, 
Running with estimator : kme_dml, regularization : True, sample_splits : 1, reg_lambda : 0.001, reg_lambda_tilde : 0.001, kernel : gauss, density : gaussian, bandwidth : 0.3, bandwidth_mode : heuristic, epsilon : 0.3, normalized : True, random_seed : 35, 
bias_direct: 0.07359444599137689
rmse_direct: 0.08250240710121858
bias_indirect: 0.027228625154149252
rmse_indirect: 0.037182118072226114
bias_total: 0.050147245425878874
rmse_total: 0.053834013880924986
bias_mr: 0.0898983818619925
rmse_mr: 0.12065272485485011
coverage: 0.7586206896551724
