Experiment: expname : coverage_experiment, data : uniform, n_samples : 5000, mediator_dimension : 1, covariate_dimension : 1, alpha : 0.5, beta : 0.25, stochasticity : 1, gamma : 0.3, noise : uniform, 
Running with estimator : kme_dml, regularization : True, sample_splits : 1, reg_lambda : 0.001, reg_lambda_tilde : 0.001, kernel : gauss, density : gaussian, bandwidth : 0.3, bandwidth_mode : heuristic, epsilon : 0.3, normalized : True, random_seed : 41, 
bias_direct: 0.06482685625248
rmse_direct: 0.08077304842959722
bias_indirect: 0.0073799941695833655
rmse_indirect: 0.01099480399234419
bias_total: 0.06921415050612512
rmse_total: 0.08348794188091897
bias_mr: 0.03790045636003718
rmse_mr: 0.046984662192845104
coverage: 0.9655172413793104
