Experiment: expname : coverage_experiment, data : uniform, n_samples : 500, mediator_dimension : 1, covariate_dimension : 1, alpha : 0.5, beta : 0.25, stochasticity : 1, gamma : 0.3, noise : uniform, 
Running with estimator : kme_dml, regularization : True, sample_splits : 1, reg_lambda : 0.001, reg_lambda_tilde : 0.001, kernel : gauss, density : gaussian, bandwidth : 0.3, bandwidth_mode : heuristic, epsilon : 0.3, normalized : True, random_seed : 16, 
bias_direct: 0.12800625201119598
rmse_direct: 0.15253792559403925
bias_indirect: 0.022464335487275347
rmse_indirect: 0.03179917128423424
bias_total: 0.125923400971184
rmse_total: 0.15224461304651934
bias_mr: 0.08282795635905946
rmse_mr: 0.09530483373041279
coverage: 1.0
