Experiment: expname : coverage_experiment, data : uniform, n_samples : 5000, mediator_dimension : 1, covariate_dimension : 1, alpha : 0.5, beta : 0.25, stochasticity : 1, gamma : 0.3, noise : uniform, 
Running with estimator : kme_dml, regularization : True, sample_splits : 1, reg_lambda : 0.001, reg_lambda_tilde : 0.001, kernel : gauss, density : gaussian, bandwidth : 0.3, bandwidth_mode : heuristic, epsilon : 0.3, normalized : True, random_seed : 2, 
bias_direct: 0.04316085039789629
rmse_direct: 0.05891122882678567
bias_indirect: 0.0117530789293632
rmse_indirect: 0.016876454198777237
bias_total: 0.03990065648748425
rmse_total: 0.05322842844495735
bias_mr: 0.03036298464260685
rmse_mr: 0.0380223830275056
coverage: 1.0
