Experiment: expname : coverage_experiment, data : uniform, n_samples : 500, mediator_dimension : 1, covariate_dimension : 1, alpha : 0.5, beta : 0.25, stochasticity : 1, gamma : 0.3, noise : uniform, 
Running with estimator : kme_dml, regularization : True, sample_splits : 1, reg_lambda : 0.001, reg_lambda_tilde : 0.001, kernel : gauss, density : gaussian, bandwidth : 0.3, bandwidth_mode : heuristic, epsilon : 0.3, normalized : True, random_seed : 25, 
bias_direct: 0.1466346002564767
rmse_direct: 0.17006842620563467
bias_indirect: 0.04610476520788807
rmse_indirect: 0.061490247376313825
bias_total: 0.11031904469916684
rmse_total: 0.1401093082866876
bias_mr: 0.17371545033790387
rmse_mr: 0.21704980742602928
coverage: 0.5517241379310345
