Experiment: expname : coverage_experiment, data : uniform, n_samples : 1000, mediator_dimension : 1, covariate_dimension : 1, alpha : 0.5, beta : 0.25, stochasticity : 1, gamma : 0.3, noise : uniform, 
Running with estimator : kme_dml, regularization : True, sample_splits : 1, reg_lambda : 0.001, reg_lambda_tilde : 0.001, kernel : gauss, density : gaussian, bandwidth : 0.3, bandwidth_mode : heuristic, epsilon : 0.3, normalized : True, random_seed : 92, 
bias_direct: 0.057873717718787396
rmse_direct: 0.06286052290263454
bias_indirect: 0.014368677499841205
rmse_indirect: 0.017130036074878365
bias_total: 0.06823588250244479
rmse_total: 0.07580280034552415
bias_mr: 0.07567153045058853
rmse_mr: 0.08684234874964365
coverage: 1.0
