Experiment: expname : coverage_experiment, data : uniform, n_samples : 1000, mediator_dimension : 1, covariate_dimension : 1, alpha : 0.5, beta : 0.25, stochasticity : 1, gamma : 0.3, noise : uniform, 
Running with estimator : kme_dml, regularization : True, sample_splits : 1, reg_lambda : 0.001, reg_lambda_tilde : 0.001, kernel : gauss, density : gaussian, bandwidth : 0.3, bandwidth_mode : heuristic, epsilon : 0.3, normalized : True, random_seed : 3, 
bias_direct: 0.05712279274726923
rmse_direct: 0.06775060340761928
bias_indirect: 0.020570343828646177
rmse_indirect: 0.02324106214699024
bias_total: 0.05749084992378856
rmse_total: 0.07420801495097307
bias_mr: 0.06546744336007651
rmse_mr: 0.07341552357558653
coverage: 1.0
