Experiment: expname : coverage_experiment, data : uniform, n_samples : 500, mediator_dimension : 1, covariate_dimension : 1, alpha : 0.5, beta : 0.25, stochasticity : 1, gamma : 0.3, noise : uniform, 
Running with estimator : kme_dml, regularization : True, sample_splits : 1, reg_lambda : 0.001, reg_lambda_tilde : 0.001, kernel : gauss, density : gaussian, bandwidth : 0.3, bandwidth_mode : heuristic, epsilon : 0.3, normalized : True, random_seed : 74, 
bias_direct: 0.07236627423553367
rmse_direct: 0.08923138027302085
bias_indirect: 0.021316121113865414
rmse_indirect: 0.030402217316426595
bias_total: 0.059448091174396665
rmse_total: 0.0714362487760778
bias_mr: 0.06036493473505375
rmse_mr: 0.07898962016595618
coverage: 1.0
