Experiment: expname : coverage_experiment, data : uniform, n_samples : 1000, mediator_dimension : 1, covariate_dimension : 1, alpha : 0.5, beta : 0.25, stochasticity : 1, gamma : 0.3, noise : uniform, 
Running with estimator : kme_dml, regularization : True, sample_splits : 1, reg_lambda : 0.001, reg_lambda_tilde : 0.001, kernel : gauss, density : gaussian, bandwidth : 0.3, bandwidth_mode : heuristic, epsilon : 0.3, normalized : True, random_seed : 69, 
bias_direct: 0.08454229927273617
rmse_direct: 0.11058203680952716
bias_indirect: 0.011496759429829804
rmse_indirect: 0.01634886113826391
bias_total: 0.08139786004090746
rmse_total: 0.1011713464132049
bias_mr: 0.09423153287613469
rmse_mr: 0.11495031520606176
coverage: 0.9310344827586207
