Experiment: expname : coverage_experiment, data : uniform, n_samples : 5000, mediator_dimension : 1, covariate_dimension : 1, alpha : 0.5, beta : 0.25, stochasticity : 1, gamma : 0.3, noise : uniform, 
Running with estimator : kme_dml, regularization : True, sample_splits : 1, reg_lambda : 0.001, reg_lambda_tilde : 0.001, kernel : gauss, density : gaussian, bandwidth : 0.3, bandwidth_mode : heuristic, epsilon : 0.3, normalized : True, random_seed : 22, 
bias_direct: 0.03624949314887438
rmse_direct: 0.04231331986169105
bias_indirect: 0.009330707083424627
rmse_indirect: 0.014293247313764922
bias_total: 0.03742742011864725
rmse_total: 0.043339535133636746
bias_mr: 0.04098429351992315
rmse_mr: 0.051462396467084684
coverage: 0.9310344827586207
