Experiment: expname : coverage_experiment, data : uniform, n_samples : 500, mediator_dimension : 1, covariate_dimension : 1, alpha : 0.5, beta : 0.25, stochasticity : 1, gamma : 0.3, noise : uniform, 
Running with estimator : kme_dml, regularization : True, sample_splits : 1, reg_lambda : 0.001, reg_lambda_tilde : 0.001, kernel : gauss, density : gaussian, bandwidth : 0.3, bandwidth_mode : heuristic, epsilon : 0.3, normalized : True, random_seed : 32, 
bias_direct: 0.0932723179539687
rmse_direct: 0.12304576556755135
bias_indirect: 0.02136900678796226
rmse_indirect: 0.02497076315902635
bias_total: 0.09464622575817422
rmse_total: 0.12995494264439925
bias_mr: 0.16628398820894616
rmse_mr: 0.18903542588818317
coverage: 0.6206896551724138
