Experiment: expname : coverage_experiment, data : uniform, n_samples : 5000, mediator_dimension : 1, covariate_dimension : 1, alpha : 0.5, beta : 0.25, stochasticity : 1, gamma : 0.3, noise : uniform, 
Running with estimator : kme_dml, regularization : True, sample_splits : 1, reg_lambda : 0.001, reg_lambda_tilde : 0.001, kernel : gauss, density : gaussian, bandwidth : 0.3, bandwidth_mode : heuristic, epsilon : 0.3, normalized : True, random_seed : 1, 
bias_direct: 0.04728683297180877
rmse_direct: 0.05197838812705262
bias_indirect: 0.018208984909616917
rmse_indirect: 0.02226976161855786
bias_total: 0.032653451603565926
rmse_total: 0.04018642027101719
bias_mr: 0.0608700200122889
rmse_mr: 0.07286819698069023
coverage: 0.8275862068965517
