Experiment: expname : coverage_experiment, data : uniform, n_samples : 1000, mediator_dimension : 1, covariate_dimension : 1, alpha : 0.5, beta : 0.25, stochasticity : 1, gamma : 0.3, noise : uniform, 
Running with estimator : kme_dml, regularization : True, sample_splits : 1, reg_lambda : 0.001, reg_lambda_tilde : 0.001, kernel : gauss, density : gaussian, bandwidth : 0.3, bandwidth_mode : heuristic, epsilon : 0.3, normalized : True, random_seed : 89, 
bias_direct: 0.0748190405752401
rmse_direct: 0.09444979778691381
bias_indirect: 0.01638776996757126
rmse_indirect: 0.021474996464459002
bias_total: 0.06647974539211898
rmse_total: 0.08493469093055157
bias_mr: 0.08181321251011375
rmse_mr: 0.10021056526575986
coverage: 1.0
