Experiment: expname : coverage_experiment, data : uniform, n_samples : 5000, mediator_dimension : 1, covariate_dimension : 1, alpha : 0.5, beta : 0.25, stochasticity : 1, gamma : 0.3, noise : uniform, 
Running with estimator : kme_dml, regularization : True, sample_splits : 1, reg_lambda : 0.001, reg_lambda_tilde : 0.001, kernel : gauss, density : gaussian, bandwidth : 0.3, bandwidth_mode : heuristic, epsilon : 0.3, normalized : True, random_seed : 90, 
bias_direct: 0.06269495982613535
rmse_direct: 0.07589887112963385
bias_indirect: 0.017485536580373356
rmse_indirect: 0.02187049505770719
bias_total: 0.051375432847370575
rmse_total: 0.06597164705164024
bias_mr: 0.0495700953068075
rmse_mr: 0.06068926519329995
coverage: 0.9655172413793104
