Experiment: expname : coverage_experiment, data : uniform, n_samples : 5000, mediator_dimension : 1, covariate_dimension : 1, alpha : 0.5, beta : 0.25, stochasticity : 1, gamma : 0.3, noise : uniform, 
Running with estimator : kme_dml, regularization : True, sample_splits : 1, reg_lambda : 0.001, reg_lambda_tilde : 0.001, kernel : gauss, density : gaussian, bandwidth : 0.3, bandwidth_mode : heuristic, epsilon : 0.3, normalized : True, random_seed : 30, 
bias_direct: 0.04303458218604235
rmse_direct: 0.05751782277054776
bias_indirect: 0.009277256089141353
rmse_indirect: 0.011606422254111544
bias_total: 0.043926543635570525
rmse_total: 0.05503630705042565
bias_mr: 0.05715273356904939
rmse_mr: 0.07322509085706941
coverage: 0.7931034482758621
