Experiment: expname : coverage_experiment, data : uniform, n_samples : 5000, mediator_dimension : 1, covariate_dimension : 1, alpha : 0.5, beta : 0.25, stochasticity : 1, gamma : 0.3, noise : uniform, 
Running with estimator : kme_dml, regularization : True, sample_splits : 1, reg_lambda : 0.001, reg_lambda_tilde : 0.001, kernel : gauss, density : gaussian, bandwidth : 0.3, bandwidth_mode : heuristic, epsilon : 0.3, normalized : True, random_seed : 74, 
bias_direct: 0.06971874245879862
rmse_direct: 0.08487413130310335
bias_indirect: 0.019726508317099295
rmse_indirect: 0.026819888440461827
bias_total: 0.06441974360127006
rmse_total: 0.07421487232405068
bias_mr: 0.07603312685364616
rmse_mr: 0.08867511238214502
coverage: 0.7586206896551724
