Experiment: expname : coverage_experiment, data : uniform, n_samples : 500, mediator_dimension : 1, covariate_dimension : 1, alpha : 0.5, beta : 0.25, stochasticity : 1, gamma : 0.3, noise : uniform, 
Running with estimator : kme_dml, regularization : True, sample_splits : 1, reg_lambda : 0.001, reg_lambda_tilde : 0.001, kernel : gauss, density : gaussian, bandwidth : 0.3, bandwidth_mode : heuristic, epsilon : 0.3, normalized : True, random_seed : 45, 
bias_direct: 0.1709386543569416
rmse_direct: 0.20893967880614797
bias_indirect: 0.04506856611673842
rmse_indirect: 0.06247966507233659
bias_total: 0.13509168506620634
rmse_total: 0.1586652552044694
bias_mr: 0.11744623497254172
rmse_mr: 0.15266913350016598
coverage: 0.7586206896551724
