Experiment: expname : coverage_experiment, data : uniform, n_samples : 500, mediator_dimension : 1, covariate_dimension : 1, alpha : 0.5, beta : 0.25, stochasticity : 1, gamma : 0.3, noise : uniform, 
Running with estimator : kme_dml, regularization : True, sample_splits : 1, reg_lambda : 0.001, reg_lambda_tilde : 0.001, kernel : gauss, density : gaussian, bandwidth : 0.3, bandwidth_mode : heuristic, epsilon : 0.3, normalized : True, random_seed : 65, 
bias_direct: 0.1394261739365879
rmse_direct: 0.18839253533296568
bias_indirect: 0.020868227856058106
rmse_indirect: 0.026547386034218075
bias_total: 0.13315619406027318
rmse_total: 0.1790364635460182
bias_mr: 0.11926508462160361
rmse_mr: 0.14975855442889893
coverage: 0.7586206896551724
