Experiment: expname : coverage_experiment, data : uniform, n_samples : 1000, mediator_dimension : 1, covariate_dimension : 1, alpha : 0.5, beta : 0.25, stochasticity : 1, gamma : 0.3, noise : uniform, 
Running with estimator : kme_dml, regularization : True, sample_splits : 1, reg_lambda : 0.001, reg_lambda_tilde : 0.001, kernel : gauss, density : gaussian, bandwidth : 0.3, bandwidth_mode : heuristic, epsilon : 0.3, normalized : True, random_seed : 97, 
bias_direct: 0.054784968749822034
rmse_direct: 0.06466709643316107
bias_indirect: 0.02098436486932504
rmse_indirect: 0.022955717176665266
bias_total: 0.0640900924738239
rmse_total: 0.0735968640205489
bias_mr: 0.1561868055231012
rmse_mr: 0.16511774632956286
coverage: 0.5862068965517241
