Experiment: expname : coverage_experiment, data : uniform, n_samples : 1000, mediator_dimension : 1, covariate_dimension : 1, alpha : 0.5, beta : 0.25, stochasticity : 1, gamma : 0.3, noise : uniform, 
Running with estimator : kme_dml, regularization : True, sample_splits : 1, reg_lambda : 0.001, reg_lambda_tilde : 0.001, kernel : gauss, density : gaussian, bandwidth : 0.3, bandwidth_mode : heuristic, epsilon : 0.3, normalized : True, random_seed : 75, 
bias_direct: 0.08998422225572376
rmse_direct: 0.09892116045902276
bias_indirect: 0.03181772837800015
rmse_indirect: 0.03642358792899119
bias_total: 0.08483921833369595
rmse_total: 0.10265794106443095
bias_mr: 0.03775116594351102
rmse_mr: 0.05065381424170344
coverage: 1.0
