Experiment: expname : coverage_experiment, data : uniform, n_samples : 500, mediator_dimension : 1, covariate_dimension : 1, alpha : 0.5, beta : 0.25, stochasticity : 1, gamma : 0.3, noise : uniform, 
Running with estimator : kme_dml, regularization : True, sample_splits : 1, reg_lambda : 0.001, reg_lambda_tilde : 0.001, kernel : gauss, density : gaussian, bandwidth : 0.3, bandwidth_mode : heuristic, epsilon : 0.3, normalized : True, random_seed : 5, 
bias_direct: 0.07292755204348018
rmse_direct: 0.09629296240178654
bias_indirect: 0.028239069213894085
rmse_indirect: 0.03203916118995678
bias_total: 0.08095788641414521
rmse_total: 0.11488360181952427
bias_mr: 0.11709778332583193
rmse_mr: 0.13340915346642906
coverage: 0.9310344827586207
