Experiment: expname : coverage_experiment, data : uniform, n_samples : 500, mediator_dimension : 1, covariate_dimension : 1, alpha : 0.5, beta : 0.25, stochasticity : 1, gamma : 0.3, noise : uniform, 
Running with estimator : kme_dml, regularization : True, sample_splits : 1, reg_lambda : 0.001, reg_lambda_tilde : 0.001, kernel : gauss, density : gaussian, bandwidth : 0.3, bandwidth_mode : heuristic, epsilon : 0.3, normalized : True, random_seed : 62, 
bias_direct: 0.05113232809031019
rmse_direct: 0.07230257249555382
bias_indirect: 0.02039796219357415
rmse_indirect: 0.026615373877238446
bias_total: 0.06868262262942798
rmse_total: 0.08935378287923473
bias_mr: 0.0922355485210953
rmse_mr: 0.11315054149585534
coverage: 0.9655172413793104
