Experiment: expname : coverage_experiment, data : uniform, n_samples : 500, mediator_dimension : 1, covariate_dimension : 1, alpha : 0.5, beta : 0.25, stochasticity : 1, gamma : 0.3, noise : uniform, 
Running with estimator : kme_dml, regularization : True, sample_splits : 1, reg_lambda : 0.001, reg_lambda_tilde : 0.001, kernel : gauss, density : gaussian, bandwidth : 0.3, bandwidth_mode : heuristic, epsilon : 0.3, normalized : True, random_seed : 30, 
bias_direct: 0.0885807157300078
rmse_direct: 0.10926292666060335
bias_indirect: 0.016383839588423696
rmse_indirect: 0.02009060021283055
bias_total: 0.09075164650652322
rmse_total: 0.11188445942257026
bias_mr: 0.10154423889269104
rmse_mr: 0.12930786038596373
coverage: 1.0
