Experiment: expname : coverage_experiment, data : uniform, n_samples : 1000, mediator_dimension : 1, covariate_dimension : 1, alpha : 0.5, beta : 0.25, stochasticity : 1, gamma : 0.3, noise : uniform, 
Running with estimator : kme_dml, regularization : True, sample_splits : 1, reg_lambda : 0.001, reg_lambda_tilde : 0.001, kernel : gauss, density : gaussian, bandwidth : 0.3, bandwidth_mode : heuristic, epsilon : 0.3, normalized : True, random_seed : 13, 
bias_direct: 0.045334619476004034
rmse_direct: 0.054910086374107846
bias_indirect: 0.01853955538461835
rmse_indirect: 0.021367735124396253
bias_total: 0.04540182960624651
rmse_total: 0.06097866413843667
bias_mr: 0.08249596009203022
rmse_mr: 0.0901307696067201
coverage: 1.0
