Experiment: expname : coverage_experiment, data : uniform, n_samples : 500, mediator_dimension : 1, covariate_dimension : 1, alpha : 0.5, beta : 0.25, stochasticity : 1, gamma : 0.3, noise : uniform, 
Running with estimator : kme_dml, regularization : True, sample_splits : 1, reg_lambda : 0.001, reg_lambda_tilde : 0.001, kernel : gauss, density : gaussian, bandwidth : 0.3, bandwidth_mode : heuristic, epsilon : 0.3, normalized : True, random_seed : 56, 
bias_direct: 0.11750531352609664
rmse_direct: 0.1463611155447265
bias_indirect: 0.06089845105949558
rmse_indirect: 0.07127337968529932
bias_total: 0.17837495635057043
rmse_total: 0.2084837643806895
bias_mr: 0.10474163542291572
rmse_mr: 0.12576262151085227
coverage: 0.9655172413793104
