Experiment: expname : coverage_experiment, data : uniform, n_samples : 5000, mediator_dimension : 1, covariate_dimension : 1, alpha : 0.5, beta : 0.25, stochasticity : 1, gamma : 0.3, noise : uniform, 
Running with estimator : kme_dml, regularization : True, sample_splits : 1, reg_lambda : 0.001, reg_lambda_tilde : 0.001, kernel : gauss, density : gaussian, bandwidth : 0.3, bandwidth_mode : heuristic, epsilon : 0.3, normalized : True, random_seed : 78, 
bias_direct: 0.04394359395050894
rmse_direct: 0.0663294314483436
bias_indirect: 0.009688994935599897
rmse_indirect: 0.012225468844882887
bias_total: 0.05159492139460152
rmse_total: 0.07687539629888365
bias_mr: 0.04357480611309663
rmse_mr: 0.06412188578416923
coverage: 0.8275862068965517
