Experiment: expname : coverage_experiment, data : uniform, n_samples : 500, mediator_dimension : 1, covariate_dimension : 1, alpha : 0.5, beta : 0.25, stochasticity : 1, gamma : 0.3, noise : uniform, 
Running with estimator : kme_dml, regularization : True, sample_splits : 1, reg_lambda : 0.001, reg_lambda_tilde : 0.001, kernel : gauss, density : gaussian, bandwidth : 0.3, bandwidth_mode : heuristic, epsilon : 0.3, normalized : True, random_seed : 44, 
bias_direct: 0.11626062232234727
rmse_direct: 0.1473753316367437
bias_indirect: 0.05911290820625958
rmse_indirect: 0.0706338228176516
bias_total: 0.14710257927482753
rmse_total: 0.17010083565179288
bias_mr: 0.10618439189970705
rmse_mr: 0.12675999303896832
coverage: 0.8620689655172413
