Experiment: expname : coverage_experiment, data : uniform, n_samples : 500, mediator_dimension : 1, covariate_dimension : 1, alpha : 0.5, beta : 0.25, stochasticity : 1, gamma : 0.3, noise : uniform, 
Running with estimator : kme_dml, regularization : True, sample_splits : 1, reg_lambda : 0.001, reg_lambda_tilde : 0.001, kernel : gauss, density : gaussian, bandwidth : 0.3, bandwidth_mode : heuristic, epsilon : 0.3, normalized : True, random_seed : 0, 
bias_direct: 0.10896936148388563
rmse_direct: 0.15287868512629169
bias_indirect: 0.03777172247877952
rmse_indirect: 0.045353498778915625
bias_total: 0.09595383835425811
rmse_total: 0.12936519944716568
bias_mr: 0.12206841815034658
rmse_mr: 0.1451449611282094
coverage: 1.0
