Experiment: expname : coverage_experiment, data : uniform, n_samples : 5000, mediator_dimension : 1, covariate_dimension : 1, alpha : 0.5, beta : 0.25, stochasticity : 1, gamma : 0.3, noise : uniform, 
Running with estimator : kme_dml, regularization : True, sample_splits : 1, reg_lambda : 0.001, reg_lambda_tilde : 0.001, kernel : gauss, density : gaussian, bandwidth : 0.3, bandwidth_mode : heuristic, epsilon : 0.3, normalized : True, random_seed : 32, 
bias_direct: 0.05340235495615038
rmse_direct: 0.06153999297321036
bias_indirect: 0.021453657029611436
rmse_indirect: 0.02353806642437091
bias_total: 0.06193846442347588
rmse_total: 0.07128412554312237
bias_mr: 0.05351459884376515
rmse_mr: 0.06049568812993805
coverage: 0.9310344827586207
