Experiment: expname : coverage_experiment, data : uniform, n_samples : 500, mediator_dimension : 1, covariate_dimension : 1, alpha : 0.5, beta : 0.25, stochasticity : 1, gamma : 0.3, noise : uniform, 
Running with estimator : kme_dml, regularization : True, sample_splits : 1, reg_lambda : 0.001, reg_lambda_tilde : 0.001, kernel : gauss, density : gaussian, bandwidth : 0.3, bandwidth_mode : heuristic, epsilon : 0.3, normalized : True, random_seed : 7, 
bias_direct: 0.08373314249622288
rmse_direct: 0.1050675438586459
bias_indirect: 0.03003439507499995
rmse_indirect: 0.04222752945950174
bias_total: 0.054539424762291504
rmse_total: 0.06936990485210441
bias_mr: 0.05782220780586888
rmse_mr: 0.06698898052250066
coverage: 1.0
