Experiment: expname : coverage_experiment, data : uniform, n_samples : 1000, mediator_dimension : 1, covariate_dimension : 1, alpha : 0.5, beta : 0.25, stochasticity : 1, gamma : 0.3, noise : uniform, 
Running with estimator : kme_dml, regularization : True, sample_splits : 1, reg_lambda : 0.001, reg_lambda_tilde : 0.001, kernel : gauss, density : gaussian, bandwidth : 0.3, bandwidth_mode : heuristic, epsilon : 0.3, normalized : True, random_seed : 96, 
bias_direct: 0.13134215519334527
rmse_direct: 0.18251581269720307
bias_indirect: 0.024618167234533406
rmse_indirect: 0.036202663777138495
bias_total: 0.13175991603255624
rmse_total: 0.17057745408391944
bias_mr: 0.14437002779387811
rmse_mr: 0.16169555968320504
coverage: 0.5517241379310345
