Experiment: expname : coverage_experiment, data : uniform, n_samples : 5000, mediator_dimension : 1, covariate_dimension : 1, alpha : 0.5, beta : 0.25, stochasticity : 1, gamma : 0.3, noise : uniform, 
Running with estimator : kme_dml, regularization : True, sample_splits : 1, reg_lambda : 0.001, reg_lambda_tilde : 0.001, kernel : gauss, density : gaussian, bandwidth : 0.3, bandwidth_mode : heuristic, epsilon : 0.3, normalized : True, random_seed : 33, 
bias_direct: 0.05083344944435324
rmse_direct: 0.06079986205594471
bias_indirect: 0.018068287371284776
rmse_indirect: 0.02268203971471518
bias_total: 0.057749949290752084
rmse_total: 0.06613689166937282
bias_mr: 0.05770890072212182
rmse_mr: 0.06564890188314705
coverage: 0.7241379310344828
