Experiment: expname : coverage_experiment, data : uniform, n_samples : 1000, mediator_dimension : 1, covariate_dimension : 1, alpha : 0.5, beta : 0.25, stochasticity : 1, gamma : 0.3, noise : uniform, 
Running with estimator : kme_dml, regularization : True, sample_splits : 1, reg_lambda : 0.001, reg_lambda_tilde : 0.001, kernel : gauss, density : gaussian, bandwidth : 0.3, bandwidth_mode : heuristic, epsilon : 0.3, normalized : True, random_seed : 78, 
bias_direct: 0.08344424910393923
rmse_direct: 0.09763056704775226
bias_indirect: 0.048566046524262246
rmse_indirect: 0.06085688823565043
bias_total: 0.045126139452069156
rmse_total: 0.06427955376112335
bias_mr: 0.051916081006430095
rmse_mr: 0.06750626133182933
coverage: 1.0
