Experiment: expname : coverage_experiment, data : uniform, n_samples : 500, mediator_dimension : 1, covariate_dimension : 1, alpha : 0.5, beta : 0.25, stochasticity : 1, gamma : 0.3, noise : uniform, 
Running with estimator : kme_dml, regularization : True, sample_splits : 1, reg_lambda : 0.001, reg_lambda_tilde : 0.001, kernel : gauss, density : gaussian, bandwidth : 0.3, bandwidth_mode : heuristic, epsilon : 0.3, normalized : True, random_seed : 43, 
bias_direct: 0.10463691186299605
rmse_direct: 0.14086429003247697
bias_indirect: 0.017204425653383235
rmse_indirect: 0.01962535220450927
bias_total: 0.08839725978323677
rmse_total: 0.1280532045532448
bias_mr: 0.17056731467989386
rmse_mr: 0.18050308602728413
coverage: 0.5517241379310345
