Experiment: expname : coverage_experiment, data : uniform, n_samples : 500, mediator_dimension : 1, covariate_dimension : 1, alpha : 0.5, beta : 0.25, stochasticity : 1, gamma : 0.3, noise : uniform, 
Running with estimator : kme_dml, regularization : True, sample_splits : 1, reg_lambda : 0.001, reg_lambda_tilde : 0.001, kernel : gauss, density : gaussian, bandwidth : 0.3, bandwidth_mode : heuristic, epsilon : 0.3, normalized : True, random_seed : 6, 
bias_direct: 0.07021490652978218
rmse_direct: 0.09525568622022687
bias_indirect: 0.08932016441970117
rmse_indirect: 0.10331013516722677
bias_total: 0.1563677684006252
rmse_total: 0.18928885303401127
bias_mr: 0.1880386586077269
rmse_mr: 0.20448861247928424
coverage: 0.5862068965517241
