Experiment: expname : coverage_experiment, data : uniform, n_samples : 1000, mediator_dimension : 1, covariate_dimension : 1, alpha : 0.5, beta : 0.25, stochasticity : 1, gamma : 0.3, noise : uniform, 
Running with estimator : kme_dml, regularization : True, sample_splits : 1, reg_lambda : 0.001, reg_lambda_tilde : 0.001, kernel : gauss, density : gaussian, bandwidth : 0.3, bandwidth_mode : heuristic, epsilon : 0.3, normalized : True, random_seed : 66, 
bias_direct: 0.07078164804918007
rmse_direct: 0.0925079587804977
bias_indirect: 0.036115551038094884
rmse_indirect: 0.048710718350140146
bias_total: 0.07083089442724427
rmse_total: 0.09018794034309054
bias_mr: 0.07816786445734876
rmse_mr: 0.0976655645242504
coverage: 0.896551724137931
