Experiment: expname : coverage_experiment, data : uniform, n_samples : 500, mediator_dimension : 1, covariate_dimension : 1, alpha : 0.5, beta : 0.25, stochasticity : 1, gamma : 0.3, noise : uniform, 
Running with estimator : kme_dml, regularization : True, sample_splits : 1, reg_lambda : 0.001, reg_lambda_tilde : 0.001, kernel : gauss, density : gaussian, bandwidth : 0.3, bandwidth_mode : heuristic, epsilon : 0.3, normalized : True, random_seed : 58, 
bias_direct: 0.12234790263046834
rmse_direct: 0.13704543811503303
bias_indirect: 0.04849009750049219
rmse_indirect: 0.05708354903471513
bias_total: 0.12456388750886764
rmse_total: 0.14774704380046805
bias_mr: 0.042237636565301113
rmse_mr: 0.053921707982992284
coverage: 1.0
