Experiment: expname : coverage_experiment, data : uniform, n_samples : 5000, mediator_dimension : 1, covariate_dimension : 1, alpha : 0.5, beta : 0.25, stochasticity : 1, gamma : 0.3, noise : uniform, 
Running with estimator : kme_dml, regularization : True, sample_splits : 1, reg_lambda : 0.001, reg_lambda_tilde : 0.001, kernel : gauss, density : gaussian, bandwidth : 0.3, bandwidth_mode : heuristic, epsilon : 0.3, normalized : True, random_seed : 71, 
bias_direct: 0.02533313130054565
rmse_direct: 0.030037699328897934
bias_indirect: 0.02011200652419501
rmse_indirect: 0.023135512809480983
bias_total: 0.018261997330230765
rmse_total: 0.024593539096913388
bias_mr: 0.039045315061473365
rmse_mr: 0.04546826283822359
coverage: 1.0
