Experiment: expname : coverage_experiment, data : uniform, n_samples : 500, mediator_dimension : 1, covariate_dimension : 1, alpha : 0.5, beta : 0.25, stochasticity : 1, gamma : 0.3, noise : uniform, 
Running with estimator : kme_dml, regularization : True, sample_splits : 1, reg_lambda : 0.001, reg_lambda_tilde : 0.001, kernel : gauss, density : gaussian, bandwidth : 0.3, bandwidth_mode : heuristic, epsilon : 0.3, normalized : True, random_seed : 3, 
bias_direct: 0.176822694325484
rmse_direct: 0.19211635146766576
bias_indirect: 0.01396590258989174
rmse_indirect: 0.015527836943873864
bias_total: 0.17802303922131044
rmse_total: 0.19108069644589343
bias_mr: 0.15022438133229582
rmse_mr: 0.18534445975464686
coverage: 0.7241379310344828
