Experiment: expname : coverage_experiment, data : uniform, n_samples : 5000, mediator_dimension : 1, covariate_dimension : 1, alpha : 0.5, beta : 0.25, stochasticity : 1, gamma : 0.3, noise : uniform, 
Running with estimator : kme_dml, regularization : True, sample_splits : 1, reg_lambda : 0.001, reg_lambda_tilde : 0.001, kernel : gauss, density : gaussian, bandwidth : 0.3, bandwidth_mode : heuristic, epsilon : 0.3, normalized : True, random_seed : 16, 
bias_direct: 0.023197398217182932
rmse_direct: 0.03185439777510252
bias_indirect: 0.01257258336716723
rmse_indirect: 0.019768151055089476
bias_total: 0.022467578371270357
rmse_total: 0.032953623926277244
bias_mr: 0.06763808070862408
rmse_mr: 0.07558441858086715
coverage: 0.6896551724137931
