Experiment: expname : coverage_experiment, data : uniform, n_samples : 1000, mediator_dimension : 1, covariate_dimension : 1, alpha : 0.5, beta : 0.25, stochasticity : 1, gamma : 0.3, noise : uniform, 
Running with estimator : kme_dml, regularization : True, sample_splits : 1, reg_lambda : 0.001, reg_lambda_tilde : 0.001, kernel : gauss, density : gaussian, bandwidth : 0.3, bandwidth_mode : heuristic, epsilon : 0.3, normalized : True, random_seed : 29, 
bias_direct: 0.09319084244563022
rmse_direct: 0.10428553874631158
bias_indirect: 0.010665156302415624
rmse_indirect: 0.013467118858331573
bias_total: 0.09062944827546647
rmse_total: 0.09934702756457366
bias_mr: 0.07312633844046247
rmse_mr: 0.08344485300737958
coverage: 1.0
