Experiment: expname : coverage_experiment, data : uniform, n_samples : 5000, mediator_dimension : 1, covariate_dimension : 1, alpha : 0.5, beta : 0.25, stochasticity : 1, gamma : 0.3, noise : uniform, 
Running with estimator : kme_dml, regularization : True, sample_splits : 1, reg_lambda : 0.001, reg_lambda_tilde : 0.001, kernel : gauss, density : gaussian, bandwidth : 0.3, bandwidth_mode : heuristic, epsilon : 0.3, normalized : True, random_seed : 99, 
bias_direct: 0.05719663674237165
rmse_direct: 0.06808517353668318
bias_indirect: 0.014759566549902885
rmse_indirect: 0.016570529483691917
bias_total: 0.04243707019246876
rmse_total: 0.054986813116750896
bias_mr: 0.07823505062891516
rmse_mr: 0.10074079796590689
coverage: 0.5517241379310345
