Experiment: expname : coverage_experiment, data : uniform, n_samples : 1000, mediator_dimension : 1, covariate_dimension : 1, alpha : 0.5, beta : 0.25, stochasticity : 1, gamma : 0.3, noise : uniform, 
Running with estimator : kme_dml, regularization : True, sample_splits : 1, reg_lambda : 0.001, reg_lambda_tilde : 0.001, kernel : gauss, density : gaussian, bandwidth : 0.3, bandwidth_mode : heuristic, epsilon : 0.3, normalized : True, random_seed : 54, 
bias_direct: 0.042306381229682326
rmse_direct: 0.05166744006943826
bias_indirect: 0.005847405951715308
rmse_indirect: 0.007285749997014816
bias_total: 0.0462990897518591
rmse_total: 0.054347514593051115
bias_mr: 0.02838879002429927
rmse_mr: 0.03974545053027682
coverage: 1.0
