Experiment: expname : coverage_experiment, data : uniform, n_samples : 500, mediator_dimension : 1, covariate_dimension : 1, alpha : 0.5, beta : 0.25, stochasticity : 1, gamma : 0.3, noise : uniform, 
Running with estimator : kme_dml, regularization : True, sample_splits : 1, reg_lambda : 0.001, reg_lambda_tilde : 0.001, kernel : gauss, density : gaussian, bandwidth : 0.3, bandwidth_mode : heuristic, epsilon : 0.3, normalized : True, random_seed : 61, 
bias_direct: 0.027226653616503997
rmse_direct: 0.03036777597687701
bias_indirect: 0.03641228273237089
rmse_indirect: 0.05643376957050042
bias_total: 0.061068220725315925
rmse_total: 0.07320077508596434
bias_mr: 0.05849733291775578
rmse_mr: 0.06998713259549635
coverage: 1.0
