Experiment: expname : coverage_experiment, data : uniform, n_samples : 500, mediator_dimension : 1, covariate_dimension : 1, alpha : 0.5, beta : 0.25, stochasticity : 1, gamma : 0.3, noise : uniform, 
Running with estimator : kme_dml, regularization : True, sample_splits : 1, reg_lambda : 0.001, reg_lambda_tilde : 0.001, kernel : gauss, density : gaussian, bandwidth : 0.3, bandwidth_mode : heuristic, epsilon : 0.3, normalized : True, random_seed : 75, 
bias_direct: 0.06947806821938793
rmse_direct: 0.0838418694750885
bias_indirect: 0.012549969549493053
rmse_indirect: 0.015921122139262698
bias_total: 0.06548896929715041
rmse_total: 0.07628398617863447
bias_mr: 0.06231867166531847
rmse_mr: 0.07097361268823824
coverage: 1.0
