Experiment: expname : coverage_experiment, data : uniform, n_samples : 1000, mediator_dimension : 1, covariate_dimension : 1, alpha : 0.5, beta : 0.25, stochasticity : 1, gamma : 0.3, noise : uniform, 
Running with estimator : kme_dml, regularization : True, sample_splits : 1, reg_lambda : 0.001, reg_lambda_tilde : 0.001, kernel : gauss, density : gaussian, bandwidth : 0.3, bandwidth_mode : heuristic, epsilon : 0.3, normalized : True, random_seed : 6, 
bias_direct: 0.07910702585284558
rmse_direct: 0.09564380437575788
bias_indirect: 0.026882992936812088
rmse_indirect: 0.03851524531116571
bias_total: 0.0688429449414338
rmse_total: 0.08716978337436206
bias_mr: 0.09343117966822247
rmse_mr: 0.11422002316843555
coverage: 0.7931034482758621
