Experiment: expname : coverage_experiment, data : uniform, n_samples : 500, mediator_dimension : 1, covariate_dimension : 1, alpha : 0.5, beta : 0.25, stochasticity : 1, gamma : 0.3, noise : uniform, 
Running with estimator : kme_dml, regularization : True, sample_splits : 1, reg_lambda : 0.001, reg_lambda_tilde : 0.001, kernel : gauss, density : gaussian, bandwidth : 0.3, bandwidth_mode : heuristic, epsilon : 0.3, normalized : True, random_seed : 84, 
bias_direct: 0.056119506997500034
rmse_direct: 0.07470172682353152
bias_indirect: 0.04161230497845257
rmse_indirect: 0.05225566912308868
bias_total: 0.06982041208689686
rmse_total: 0.0839537418552295
bias_mr: 0.09607220515090142
rmse_mr: 0.12058772346920504
coverage: 1.0
