Experiment: expname : coverage_experiment, data : uniform, n_samples : 5000, mediator_dimension : 1, covariate_dimension : 1, alpha : 0.5, beta : 0.25, stochasticity : 1, gamma : 0.3, noise : uniform, 
Running with estimator : kme_dml, regularization : True, sample_splits : 1, reg_lambda : 0.001, reg_lambda_tilde : 0.001, kernel : gauss, density : gaussian, bandwidth : 0.3, bandwidth_mode : heuristic, epsilon : 0.3, normalized : True, random_seed : 45, 
bias_direct: 0.049239248190876134
rmse_direct: 0.06391201252626964
bias_indirect: 0.024612346409650352
rmse_indirect: 0.027949693180875996
bias_total: 0.030207034185551488
rmse_total: 0.04146373601129584
bias_mr: 0.030195113428857907
rmse_mr: 0.03821072217301382
coverage: 1.0
