Experiment: expname : coverage_experiment, data : uniform, n_samples : 1000, mediator_dimension : 1, covariate_dimension : 1, alpha : 0.5, beta : 0.25, stochasticity : 1, gamma : 0.3, noise : uniform, 
Running with estimator : kme_dml, regularization : True, sample_splits : 1, reg_lambda : 0.001, reg_lambda_tilde : 0.001, kernel : gauss, density : gaussian, bandwidth : 0.3, bandwidth_mode : heuristic, epsilon : 0.3, normalized : True, random_seed : 72, 
bias_direct: 0.11548043319195926
rmse_direct: 0.16669138123132324
bias_indirect: 0.03353660615482594
rmse_indirect: 0.04278750502197562
bias_total: 0.1436180613572888
rmse_total: 0.1845898539386281
bias_mr: 0.06476011251661161
rmse_mr: 0.07602062459216555
coverage: 1.0
