Experiment: expname : coverage_experiment, data : uniform, n_samples : 500, mediator_dimension : 1, covariate_dimension : 1, alpha : 0.5, beta : 0.25, stochasticity : 1, gamma : 0.3, noise : uniform, 
Running with estimator : kme_dml, regularization : True, sample_splits : 1, reg_lambda : 0.001, reg_lambda_tilde : 0.001, kernel : gauss, density : gaussian, bandwidth : 0.3, bandwidth_mode : heuristic, epsilon : 0.3, normalized : True, random_seed : 28, 
bias_direct: 0.1231700632611389
rmse_direct: 0.1413190823773086
bias_indirect: 0.02207574111605114
rmse_indirect: 0.029612421849127865
bias_total: 0.1342018253563493
rmse_total: 0.15830874346598026
bias_mr: 0.12428434259887382
rmse_mr: 0.15677446804876694
coverage: 0.896551724137931
