Experiment: expname : coverage_experiment, data : uniform, n_samples : 500, mediator_dimension : 1, covariate_dimension : 1, alpha : 0.5, beta : 0.25, stochasticity : 1, gamma : 0.3, noise : uniform, 
Running with estimator : kme_dml, regularization : True, sample_splits : 1, reg_lambda : 0.001, reg_lambda_tilde : 0.001, kernel : gauss, density : gaussian, bandwidth : 0.3, bandwidth_mode : heuristic, epsilon : 0.3, normalized : True, random_seed : 76, 
bias_direct: 0.13830944488447458
rmse_direct: 0.15920810650919903
bias_indirect: 0.02385258210393226
rmse_indirect: 0.031147258867466755
bias_total: 0.15081047288540905
rmse_total: 0.18019528999369458
bias_mr: 0.14353698100173762
rmse_mr: 0.16765029596595174
coverage: 0.8620689655172413
