Experiment: expname : coverage_experiment, data : uniform, n_samples : 500, mediator_dimension : 1, covariate_dimension : 1, alpha : 0.5, beta : 0.25, stochasticity : 1, gamma : 0.3, noise : uniform, 
Running with estimator : kme_dml, regularization : True, sample_splits : 1, reg_lambda : 0.001, reg_lambda_tilde : 0.001, kernel : gauss, density : gaussian, bandwidth : 0.3, bandwidth_mode : heuristic, epsilon : 0.3, normalized : True, random_seed : 77, 
bias_direct: 0.11201396410494288
rmse_direct: 0.12695831604939117
bias_indirect: 0.06244107322834227
rmse_indirect: 0.07593733970905019
bias_total: 0.0627322813670062
rmse_total: 0.07032699227217142
bias_mr: 0.08778740263333579
rmse_mr: 0.1094217588673303
coverage: 1.0
