Experiment: expname : coverage_experiment, data : uniform, n_samples : 500, mediator_dimension : 1, covariate_dimension : 1, alpha : 0.5, beta : 0.25, stochasticity : 1, gamma : 0.3, noise : uniform, 
Running with estimator : kme_dml, regularization : True, sample_splits : 1, reg_lambda : 0.001, reg_lambda_tilde : 0.001, kernel : gauss, density : gaussian, bandwidth : 0.3, bandwidth_mode : heuristic, epsilon : 0.3, normalized : True, random_seed : 94, 
bias_direct: 0.08396809620384507
rmse_direct: 0.09384333558613105
bias_indirect: 0.054590762407490064
rmse_indirect: 0.06722846941273412
bias_total: 0.06585835667251094
rmse_total: 0.0839231429382854
bias_mr: 0.07722632934696043
rmse_mr: 0.08430551310017363
coverage: 1.0
