Experiment: expname : coverage_experiment, data : uniform, n_samples : 500, mediator_dimension : 1, covariate_dimension : 1, alpha : 0.5, beta : 0.25, stochasticity : 1, gamma : 0.3, noise : uniform, 
Running with estimator : kme_dml, regularization : True, sample_splits : 1, reg_lambda : 0.001, reg_lambda_tilde : 0.001, kernel : gauss, density : gaussian, bandwidth : 0.3, bandwidth_mode : heuristic, epsilon : 0.3, normalized : True, random_seed : 18, 
bias_direct: 0.10207455246495467
rmse_direct: 0.12344275719852403
bias_indirect: 0.029017196242207385
rmse_indirect: 0.0367308715744571
bias_total: 0.07680506555499998
rmse_total: 0.09326598179618477
bias_mr: 0.04341269505437724
rmse_mr: 0.050542298484443124
coverage: 1.0
