Experiment: expname : coverage_experiment, data : uniform, n_samples : 500, mediator_dimension : 1, covariate_dimension : 1, alpha : 0.5, beta : 0.25, stochasticity : 1, gamma : 0.3, noise : uniform, 
Running with estimator : kme_dml, regularization : True, sample_splits : 1, reg_lambda : 0.001, reg_lambda_tilde : 0.001, kernel : gauss, density : gaussian, bandwidth : 0.3, bandwidth_mode : heuristic, epsilon : 0.3, normalized : True, random_seed : 42, 
bias_direct: 0.1636701384878996
rmse_direct: 0.2289314463885279
bias_indirect: 0.04510957224179502
rmse_indirect: 0.05518093855018766
bias_total: 0.17027379712143015
rmse_total: 0.22184229828625648
bias_mr: 0.10939377853612657
rmse_mr: 0.13698699946173937
coverage: 0.7931034482758621
