Experiment: expname : coverage_experiment, data : uniform, n_samples : 1000, mediator_dimension : 1, covariate_dimension : 1, alpha : 0.5, beta : 0.25, stochasticity : 1, gamma : 0.3, noise : uniform, 
Running with estimator : kme_dml, regularization : True, sample_splits : 1, reg_lambda : 0.001, reg_lambda_tilde : 0.001, kernel : gauss, density : gaussian, bandwidth : 0.3, bandwidth_mode : heuristic, epsilon : 0.3, normalized : True, random_seed : 24, 
bias_direct: 0.08974313668619192
rmse_direct: 0.11330609840745914
bias_indirect: 0.022809817771204124
rmse_indirect: 0.029245156901326386
bias_total: 0.10353899383785774
rmse_total: 0.12314477559238102
bias_mr: 0.0689067465458374
rmse_mr: 0.07586248513814632
coverage: 1.0
