Experiment: expname : coverage_experiment, data : uniform, n_samples : 5000, mediator_dimension : 1, covariate_dimension : 1, alpha : 0.5, beta : 0.25, stochasticity : 1, gamma : 0.3, noise : uniform, 
Running with estimator : kme_dml, regularization : True, sample_splits : 1, reg_lambda : 0.001, reg_lambda_tilde : 0.001, kernel : gauss, density : gaussian, bandwidth : 0.3, bandwidth_mode : heuristic, epsilon : 0.3, normalized : True, random_seed : 48, 
bias_direct: 0.0706582022199657
rmse_direct: 0.09631975169574931
bias_indirect: 0.01160996043122101
rmse_indirect: 0.016792493640724354
bias_total: 0.06497201798181738
rmse_total: 0.09336587726211819
bias_mr: 0.06978430877925346
rmse_mr: 0.0908906377252177
coverage: 0.7241379310344828
