Experiment: expname : coverage_experiment, data : uniform, n_samples : 500, mediator_dimension : 1, covariate_dimension : 1, alpha : 0.5, beta : 0.25, stochasticity : 1, gamma : 0.3, noise : uniform, 
Running with estimator : kme_dml, regularization : True, sample_splits : 1, reg_lambda : 0.001, reg_lambda_tilde : 0.001, kernel : gauss, density : gaussian, bandwidth : 0.3, bandwidth_mode : heuristic, epsilon : 0.3, normalized : True, random_seed : 80, 
bias_direct: 0.09877382306275792
rmse_direct: 0.10721784050864235
bias_indirect: 0.02370448203878946
rmse_indirect: 0.03543892866379271
bias_total: 0.09466626551124335
rmse_total: 0.10538272545597459
bias_mr: 0.17129217770615562
rmse_mr: 0.20583333065708526
coverage: 0.6551724137931034
