Experiment: expname : coverage_experiment, data : uniform, n_samples : 5000, mediator_dimension : 1, covariate_dimension : 1, alpha : 0.5, beta : 0.25, stochasticity : 1, gamma : 0.3, noise : uniform, 
Running with estimator : kme_dml, regularization : True, sample_splits : 1, reg_lambda : 0.001, reg_lambda_tilde : 0.001, kernel : gauss, density : gaussian, bandwidth : 0.3, bandwidth_mode : heuristic, epsilon : 0.3, normalized : True, random_seed : 79, 
bias_direct: 0.05009583064864083
rmse_direct: 0.059910853856218874
bias_indirect: 0.01584451957278865
rmse_indirect: 0.021337540077600144
bias_total: 0.04939618425041441
rmse_total: 0.05658205998836343
bias_mr: 0.0677255037361982
rmse_mr: 0.08263256905435144
coverage: 0.6896551724137931
