Experiment: expname : coverage_experiment, data : uniform, n_samples : 1000, mediator_dimension : 1, covariate_dimension : 1, alpha : 0.5, beta : 0.25, stochasticity : 1, gamma : 0.3, noise : uniform, 
Running with estimator : kme_dml, regularization : True, sample_splits : 1, reg_lambda : 0.001, reg_lambda_tilde : 0.001, kernel : gauss, density : gaussian, bandwidth : 0.3, bandwidth_mode : heuristic, epsilon : 0.3, normalized : True, random_seed : 9, 
bias_direct: 0.056444883237979124
rmse_direct: 0.06795832800227349
bias_indirect: 0.047274245781361274
rmse_indirect: 0.05488349878581962
bias_total: 0.08133200986939393
rmse_total: 0.09871089052936884
bias_mr: 0.07406105962513376
rmse_mr: 0.09773940530238628
coverage: 0.9310344827586207
