Experiment: expname : coverage_experiment, data : uniform, n_samples : 500, mediator_dimension : 1, covariate_dimension : 1, alpha : 0.5, beta : 0.25, stochasticity : 1, gamma : 0.3, noise : uniform, 
Running with estimator : kme_dml, regularization : True, sample_splits : 1, reg_lambda : 0.001, reg_lambda_tilde : 0.001, kernel : gauss, density : gaussian, bandwidth : 0.3, bandwidth_mode : heuristic, epsilon : 0.3, normalized : True, random_seed : 48, 
bias_direct: 0.1199348297685104
rmse_direct: 0.16590508350246463
bias_indirect: 0.03073316376528059
rmse_indirect: 0.03723971744994902
bias_total: 0.1238025068658729
rmse_total: 0.16230843526692254
bias_mr: 0.11150078376673324
rmse_mr: 0.11852132445534211
coverage: 1.0
