Experiment: expname : coverage_experiment, data : uniform, n_samples : 500, mediator_dimension : 1, covariate_dimension : 1, alpha : 0.5, beta : 0.25, stochasticity : 1, gamma : 0.3, noise : uniform, 
Running with estimator : kme_dml, regularization : True, sample_splits : 1, reg_lambda : 0.001, reg_lambda_tilde : 0.001, kernel : gauss, density : gaussian, bandwidth : 0.3, bandwidth_mode : heuristic, epsilon : 0.3, normalized : True, random_seed : 92, 
bias_direct: 0.16341461066573232
rmse_direct: 0.21008443445074526
bias_indirect: 0.02387449373971392
rmse_indirect: 0.03074458434196977
bias_total: 0.17098936559808
rmse_total: 0.2076222775420315
bias_mr: 0.11024397233234648
rmse_mr: 0.12979676609114782
coverage: 1.0
