Experiment: expname : coverage_experiment, data : uniform, n_samples : 500, mediator_dimension : 1, covariate_dimension : 1, alpha : 0.5, beta : 0.25, stochasticity : 1, gamma : 0.3, noise : uniform, 
Running with estimator : kme_dml, regularization : True, sample_splits : 1, reg_lambda : 0.001, reg_lambda_tilde : 0.001, kernel : gauss, density : gaussian, bandwidth : 0.3, bandwidth_mode : heuristic, epsilon : 0.3, normalized : True, random_seed : 68, 
bias_direct: 0.1395579258725391
rmse_direct: 0.16958706539451723
bias_indirect: 0.03449564800636558
rmse_indirect: 0.04642313933329168
bias_total: 0.13346569970674102
rmse_total: 0.17680253766675236
bias_mr: 0.12385645806562649
rmse_mr: 0.1290457140901279
coverage: 1.0
